sub_id,cond_id,block_id,task_id,event_id,stim_id,speaker_id,led_id,led_distance,response_time,n_reps,isi
05, 1, 5, 2, 1, uso_300ms_22.wav, 5, 442.60381100000006, 12.85, nan, 90, 2
05, 1, 5, 2, 2, uso_300ms_51.wav, 5, 442.60381100000006, 12.85, nan, 90, 2
05, 1, 5, 2, 3, uso_300ms_40.wav, 5, 396.350219, 11.31, nan, 90, 2
05, 1, 5, 2, 4, uso_300ms_46.wav, 5, 396.350219, 11.31, nan, 90, 2
05, 1, 5, 2, 5, uso_300ms_91.wav, 5, 313.2136689999999, 8.54, nan, 90, 2
05, 1, 5, 2, 6, uso_300ms_68.wav, 5, 255.05764099999976, 6.6, nan, 90, 2
05, 1, 5, 2, 7, uso_300ms_37.wav, 4, 227.37968999999973, 5.68, nan, 90, 2
05, 1, 5, 2, 8, uso_300ms_51.wav, 4, 227.37968999999973, 5.68, nan, 90, 2
05, 1, 5, 2, 9, uso_300ms_6.wav, 4, 227.37968999999973, 5.68, nan, 90, 2
05, 1, 5, 2, 10, uso_300ms_28.wav, 4, 227.37968999999973, 5.68, nan, 90, 2
05, 1, 5, 2, 11, uso_300ms_50.wav, 4, 227.37968999999973, 5.68, nan, 90, 2
05, 1, 5, 2, 12, uso_300ms_3.wav, 4, 227.37968999999973, 5.68, nan, 90, 2
05, 1, 5, 2, 13, uso_300ms_45.wav, 4, 227.37968999999973, 5.68, nan, 90, 2
05, 1, 5, 2, 14, uso_300ms_15.wav, 5, 295.27140899999966, 7.94, nan, 90, 2
05, 1, 5, 2, 15, uso_300ms_40.wav, 5, 295.27140899999966, 7.94, nan, 90, 2
05, 1, 5, 2, 16, uso_300ms_68.wav, 5, 295.27140899999966, 7.94, nan, 90, 2
05, 1, 5, 2, 17, uso_300ms_24.wav, 5, 295.27140899999966, 7.94, nan, 90, 2
05, 1, 5, 2, 18, uso_300ms_29.wav, 5, 295.27140899999966, 7.94, nan, 90, 2
05, 1, 5, 2, 19, uso_300ms_66.wav, 5, 295.27140899999966, 7.94, nan, 90, 2
05, 1, 5, 2, 20, uso_300ms_18.wav, 4, 241.9176119999997, 6.16, nan, 90, 2
05, 1, 5, 2, 21, uso_300ms_6.wav, 4, 241.9176119999997, 6.16, nan, 90, 2
05, 1, 5, 2, 22, uso_300ms_50.wav, 2, 175.9709829999997, 3.97, nan, 90, 2
05, 1, 5, 2, 23, uso_300ms_20.wav, 2, 175.9709829999997, 3.97, nan, 90, 2
05, 1, 5, 2, 24, uso_300ms_59.wav, 1, 110.80987999999974, 1.79, nan, 90, 2
05, 1, 5, 2, 25, uso_300ms_48.wav, 1, 123.44119100000005, 2.21, nan, 90, 2
05, 1, 5, 2, 26, uso_300ms_74.wav, 1, 147.8638900000001, 3.03, nan, 90, 2
05, 1, 5, 2, 27, uso_300ms_90.wav, 1, 147.8638900000001, 3.03, nan, 90, 2
05, 1, 5, 2, 28, uso_300ms_79.wav, 1, 147.8638900000001, 3.03, nan, 90, 2
05, 1, 5, 2, 29, uso_300ms_48.wav, 1, 147.8638900000001, 3.03, nan, 90, 2
05, 1, 5, 2, 30, uso_300ms_13.wav, 1, 147.8638900000001, 3.03, nan, 90, 2
05, 1, 5, 2, 31, uso_300ms_44.wav, 1, 148.02831999999947, 3.03, nan, 90, 2
05, 1, 5, 2, 32, uso_300ms_80.wav, 1, 148.2876279999986, 3.04, nan, 90, 2
05, 1, 5, 2, 33, uso_300ms_21.wav, 2, 176.78945799999826, 3.99, nan, 90, 2
05, 1, 5, 2, 34, uso_300ms_10.wav, 2, 180.8154869999981, 4.13, nan, 90, 2
05, 1, 5, 2, 35, uso_300ms_45.wav, 2, 180.8154869999981, 4.13, nan, 90, 2
05, 1, 5, 2, 36, uso_300ms_13.wav, 2, 180.8154869999981, 4.13, nan, 90, 2
05, 1, 5, 2, 37, uso_300ms_13.wav, 2, 180.8154869999981, 4.13, nan, 90, 2
05, 1, 5, 2, 38, uso_300ms_33.wav, 4, 252.0533599999981, 6.5, nan, 90, 2
05, 1, 5, 2, 39, uso_300ms_85.wav, 4, 252.0533599999981, 6.5, nan, 90, 2
05, 1, 5, 2, 40, uso_300ms_50.wav, 4, 252.0533599999981, 6.5, nan, 90, 2
05, 1, 5, 2, 41, uso_300ms_24.wav, 5, 321.157632999998, 8.81, nan, 90, 2
05, 1, 5, 2, 42, uso_300ms_5.wav, 5, 289.4784609999979, 7.75, nan, 90, 2
05, 1, 5, 2, 43, uso_300ms_54.wav, 5, 303.01939399999765, 8.2, nan, 90, 2
05, 1, 5, 2, 44, uso_300ms_15.wav, 5, 303.01939399999765, 8.2, nan, 90, 2
05, 1, 5, 2, 45, uso_300ms_78.wav, 5, 303.01939399999765, 8.2, nan, 90, 2
05, 1, 5, 2, 46, uso_300ms_23.wav, 5, 303.01939399999765, 8.2, nan, 90, 2
05, 1, 5, 2, 47, uso_300ms_1.wav, 1, 140.78114299999763, 2.79, nan, 90, 2
05, 1, 5, 2, 48, uso_300ms_48.wav, 1, 140.78114299999763, 2.79, nan, 90, 2
05, 1, 5, 2, 49, uso_300ms_66.wav, 1, 140.78114299999763, 2.79, nan, 90, 2
05, 1, 5, 2, 50, uso_300ms_25.wav, 1, 140.78114299999763, 2.79, nan, 90, 2
05, 1, 5, 2, 51, uso_300ms_26.wav, 5, 357.8579259999976, 10.03, nan, 90, 2
05, 1, 5, 2, 52, uso_300ms_37.wav, 5, 357.8579259999976, 10.03, nan, 90, 2
05, 1, 5, 2, 53, uso_300ms_48.wav, 5, 357.8579259999976, 10.03, nan, 90, 2
05, 1, 5, 2, 54, uso_300ms_14.wav, 5, 357.8579259999976, 10.03, nan, 90, 2
05, 1, 5, 2, 55, uso_300ms_16.wav, 5, 357.8579259999976, 10.03, nan, 90, 2
05, 1, 5, 2, 56, uso_300ms_99.wav, 4, 238.65545799999745, 6.06, nan, 90, 2
05, 1, 5, 2, 57, uso_300ms_19.wav, 4, 238.65545799999745, 6.06, nan, 90, 2
05, 1, 5, 2, 58, uso_300ms_95.wav, 2, 186.59184499999748, 4.32, nan, 90, 2
05, 1, 5, 2, 59, uso_300ms_54.wav, 2, 186.59184499999748, 4.32, nan, 90, 2
05, 1, 5, 2, 60, uso_300ms_94.wav, 1, 138.3108569999974, 2.71, nan, 90, 2
05, 1, 5, 2, 61, uso_300ms_9.wav, 1, 138.3123689999974, 2.71, nan, 90, 2
05, 1, 5, 2, 62, uso_300ms_67.wav, 1, 153.8125389999972, 3.23, nan, 90, 2
05, 1, 5, 2, 63, uso_300ms_70.wav, 3, 202.74420499999724, 4.86, nan, 90, 2
05, 1, 5, 2, 64, uso_300ms_10.wav, 3, 202.74420499999724, 4.86, nan, 90, 2
05, 1, 5, 2, 65, uso_300ms_39.wav, 3, 202.74420499999724, 4.86, nan, 90, 2
05, 1, 5, 2, 66, uso_300ms_85.wav, 5, 263.3671869999971, 6.88, nan, 90, 2
05, 1, 5, 2, 67, uso_300ms_64.wav, 4, 231.83157099999707, 5.83, nan, 90, 2
05, 1, 5, 2, 68, uso_300ms_64.wav, 5, 289.35057799999726, 7.75, nan, 90, 2
05, 1, 5, 2, 69, uso_300ms_28.wav, 5, 290.0701079999972, 7.77, nan, 90, 2
05, 1, 5, 2, 70, uso_300ms_69.wav, 4, 233.48682599999725, 5.88, nan, 90, 2
05, 1, 5, 2, 71, uso_300ms_99.wav, 5, 330.3025239999972, 9.11, nan, 90, 2
05, 1, 5, 2, 72, uso_300ms_67.wav, 4, 242.43909099999703, 6.18, nan, 90, 2
05, 1, 5, 2, 73, uso_300ms_27.wav, 4, 247.2988549999969, 6.34, nan, 90, 2
05, 1, 5, 2, 74, uso_300ms_2.wav, 5, 321.4184039999967, 8.81, nan, 90, 2
05, 1, 5, 2, 75, uso_300ms_73.wav, 5, 312.2435389999968, 8.51, nan, 90, 2
05, 1, 5, 2, 76, uso_300ms_24.wav, 5, 312.2435389999968, 8.51, nan, 90, 2
05, 1, 5, 2, 77, uso_300ms_69.wav, 5, 312.2435389999968, 8.51, nan, 90, 2
05, 1, 5, 2, 78, uso_300ms_39.wav, 5, 312.2435389999968, 8.51, nan, 90, 2
05, 1, 5, 2, 79, uso_300ms_28.wav, 5, 312.2435389999968, 8.51, nan, 90, 2
05, 1, 5, 2, 80, uso_300ms_39.wav, 5, 312.2435389999968, 8.51, nan, 90, 2
05, 1, 5, 2, 81, uso_300ms_95.wav, 3, 202.7385069999968, 4.86, nan, 90, 2
05, 1, 5, 2, 82, uso_300ms_96.wav, 4, 227.3501219999968, 5.68, nan, 90, 2
05, 1, 5, 2, 83, uso_300ms_55.wav, 3, 218.6596569999968, 5.39, nan, 90, 2
05, 1, 5, 2, 84, uso_300ms_1.wav, 3, 209.83454699999683, 5.09, nan, 90, 2
05, 1, 5, 2, 85, uso_300ms_29.wav, 3, 209.8496669999968, 5.09, nan, 90, 2
05, 1, 5, 2, 86, uso_300ms_19.wav, 5, 267.2006389999963, 7.01, nan, 90, 2
05, 1, 5, 2, 87, uso_300ms_96.wav, 4, 245.10164599999624, 6.27, nan, 90, 2
05, 1, 5, 2, 88, uso_300ms_79.wav, 4, 245.10164599999624, 6.27, nan, 90, 2
05, 1, 5, 2, 89, uso_300ms_32.wav, 4, 245.10164599999624, 6.27, nan, 90, 2
05, 1, 5, 2, 90, uso_300ms_33.wav, 3, 219.0976749999962, 5.4, nan, 90, 2
