sub_id,cond_id,block_id,task_id,event_id,stim_id,speaker_id,led_id,led_distance,response_time,n_reps,isi
5,	1,	1,	2,	1,	uso_300ms_84.wav,	5,	397,	11.33,	0.20141315460205078,	15,	0.3
5,	1,	1,	2,	2,	uso_300ms_37.wav,	1,	387,	11.0,	6.175102710723877,	15,	0.3
5,	1,	1,	2,	3,	uso_300ms_1.wav,	4,	297,	8.0,	5.181663513183594,	15,	0.3
5,	1,	1,	2,	4,	uso_300ms_41.wav,	3,	383,	10.87,	3.9788925647735596,	15,	0.3
5,	1,	1,	2,	5,	uso_300ms_66.wav,	2,	219,	5.4,	6.9434239864349365,	15,	0.3
5,	1,	1,	2,	6,	uso_300ms_93.wav,	5,	393,	11.2,	5.190213918685913,	15,	0.3
5,	1,	1,	2,	7,	uso_300ms_33.wav,	1,	156,	3.3,	4.213312864303589,	15,	0.3
5,	1,	1,	2,	8,	uso_300ms_80.wav,	2,	208,	5.03,	2.449460983276367,	15,	0.3
5,	1,	1,	2,	9,	uso_300ms_24.wav,	4,	238,	6.03,	2.523524045944214,	15,	0.3
5,	1,	1,	2,	10,	uso_300ms_5.wav,	3,	261,	6.8,	2.405032157897949,	15,	0.3
5,	1,	1,	2,	11,	uso_300ms_1.wav,	4,	282,	7.5,	4.0375683307647705,	15,	0.3
5,	1,	1,	2,	12,	uso_300ms_51.wav,	5,	353,	9.87,	3.4577085971832275,	15,	0.3
5,	1,	1,	2,	13,	uso_300ms_86.wav,	3,	240,	6.1,	3.755906105041504,	15,	0.3
5,	1,	1,	2,	14,	uso_300ms_51.wav,	2,	312,	8.5,	3.962580680847168,	15,	0.3
5,	1,	1,	2,	15,	uso_300ms_73.wav,	1,	175,	3.93,	6.38755464553833,	15,	0.3
5,	1,	1,	2,	16,	uso_300ms_51.wav,	2,	206,	4.97,	5.569189071655273,	15,	0.3
5,	1,	1,	2,	17,	uso_300ms_86.wav,	5,	280,	7.43,	3.635307550430298,	15,	0.3
5,	1,	1,	2,	18,	uso_300ms_60.wav,	1,	140,	2.77,	5.329131126403809,	15,	0.3
5,	1,	1,	2,	19,	uso_300ms_59.wav,	3,	256,	6.63,	4.805906295776367,	15,	0.3
5,	1,	1,	2,	20,	uso_300ms_24.wav,	4,	231,	5.8,	3.3309972286224365,	15,	0.3
5,	1,	1,	2,	21,	uso_300ms_89.wav,	2,	149,	3.07,	5.146933317184448,	15,	0.3
5,	1,	1,	2,	22,	uso_300ms_80.wav,	3,	231,	5.8,	4.0713019371032715,	15,	0.3
5,	1,	1,	2,	23,	uso_300ms_4.wav,	5,	357,	10.0,	3.475064754486084,	15,	0.3
5,	1,	1,	2,	24,	uso_300ms_62.wav,	4,	321,	8.8,	4.104746580123901,	15,	0.3
5,	1,	1,	2,	25,	uso_300ms_40.wav,	1,	146,	2.97,	4.447355270385742,	15,	0.3
5,	1,	1,	2,	26,	uso_300ms_94.wav,	5,	325,	8.93,	3.9141592979431152,	15,	0.3
5,	1,	1,	2,	27,	uso_300ms_57.wav,	1,	146,	2.97,	3.5296385288238525,	15,	0.3
5,	1,	1,	2,	28,	uso_300ms_15.wav,	2,	265,	6.93,	2.8871822357177734,	15,	0.3
5,	1,	1,	2,	29,	uso_300ms_71.wav,	3,	323,	8.87,	3.213001251220703,	15,	0.3
5,	1,	1,	2,	30,	uso_300ms_68.wav,	4,	373,	10.53,	2.055187702178955,	15,	0.3
5,	1,	1,	2,	31,	uso_300ms_19.wav,	5,	396,	11.3,	3.6303348541259766,	15,	0.3
5,	1,	1,	2,	32,	uso_300ms_68.wav,	1,	272,	7.17,	2.2274887561798096,	15,	0.3
5,	1,	1,	2,	33,	uso_300ms_68.wav,	4,	369,	10.4,	3.238055467605591,	15,	0.3
5,	1,	1,	2,	34,	uso_300ms_54.wav,	3,	339,	9.4,	2.660472869873047,	15,	0.3
5,	1,	1,	2,	35,	uso_300ms_67.wav,	2,	284,	7.57,	2.6079978942871094,	15,	0.3
5,	1,	1,	2,	36,	uso_300ms_3.wav,	5,	368,	10.37,	2.3029720783233643,	15,	0.3
5,	1,	1,	2,	37,	uso_300ms_76.wav,	4,	377,	10.67,	3.1576828956604004,	15,	0.3
5,	1,	1,	2,	38,	uso_300ms_19.wav,	2,	290,	7.77,	2.454840898513794,	15,	0.3
5,	1,	1,	2,	39,	uso_300ms_45.wav,	1,	206,	4.97,	1.878035545349121,	15,	0.3
5,	1,	1,	2,	40,	uso_300ms_40.wav,	3,	273,	7.2,	3.318514108657837,	15,	0.3
5,	1,	1,	2,	41,	uso_300ms_23.wav,	1,	176,	3.97,	2.256504535675049,	15,	0.3
5,	1,	1,	2,	42,	uso_300ms_43.wav,	4,	264,	6.9,	2.4167535305023193,	15,	0.3
5,	1,	1,	2,	43,	uso_300ms_5.wav,	3,	299,	8.07,	2.424262285232544,	15,	0.3
5,	1,	1,	2,	44,	uso_300ms_40.wav,	5,	371,	10.47,	3.4654130935668945,	15,	0.3
5,	1,	1,	2,	45,	uso_300ms_6.wav,	2,	216,	5.3,	3.517186164855957,	15,	0.3
5,	1,	1,	2,	46,	uso_300ms_98.wav,	5,	380,	10.77,	3.5595061779022217,	15,	0.3
5,	1,	1,	2,	47,	uso_300ms_23.wav,	1,	185,	4.27,	3.611711263656616,	15,	0.3
5,	1,	1,	2,	48,	uso_300ms_15.wav,	3,	238,	6.03,	3.071134567260742,	15,	0.3
5,	1,	1,	2,	49,	uso_300ms_70.wav,	2,	266,	6.97,	2.208820104598999,	15,	0.3
5,	1,	1,	2,	50,	uso_300ms_24.wav,	4,	277,	7.33,	5.2045323848724365,	15,	0.3
5,	1,	1,	2,	51,	uso_300ms_24.wav,	3,	224,	5.57,	3.144247055053711,	15,	0.3
5,	1,	1,	2,	52,	uso_300ms_32.wav,	4,	356,	9.97,	3.0809385776519775,	15,	0.3
5,	1,	1,	2,	53,	uso_300ms_17.wav,	5,	332,	9.17,	3.2757298946380615,	15,	0.3
5,	1,	1,	2,	54,	uso_300ms_94.wav,	1,	176,	3.97,	3.491586685180664,	15,	0.3
5,	1,	1,	2,	55,	uso_300ms_48.wav,	2,	274,	7.23,	2.773670196533203,	15,	0.3
5,	1,	1,	2,	56,	uso_300ms_82.wav,	3,	344,	9.57,	3.0904955863952637,	15,	0.3
5,	1,	1,	2,	57,	uso_300ms_34.wav,	2,	202,	4.83,	2.530233144760132,	15,	0.3
5,	1,	1,	2,	58,	uso_300ms_45.wav,	5,	360,	10.1,	3.0079188346862793,	15,	0.3
5,	1,	1,	2,	59,	uso_300ms_84.wav,	4,	393,	11.2,	2.2748239040374756,	15,	0.3
5,	1,	1,	2,	60,	uso_300ms_96.wav,	1,	180,	4.1,	4.010143518447876,	15,	0.3
5,	1,	1,	2,	61,	uso_300ms_77.wav,	5,	374,	10.57,	4.914445877075195,	15,	0.3
5,	1,	1,	2,	62,	uso_300ms_49.wav,	1,	172,	3.83,	3.137711763381958,	15,	0.3
5,	1,	1,	2,	63,	uso_300ms_71.wav,	4,	367,	10.33,	3.3100180625915527,	15,	0.3
5,	1,	1,	2,	64,	uso_300ms_85.wav,	3,	281,	7.47,	2.3264400959014893,	15,	0.3
5,	1,	1,	2,	65,	uso_300ms_95.wav,	2,	217,	5.33,	4.0128867626190186,	15,	0.3
5,	1,	1,	2,	66,	uso_300ms_44.wav,	5,	373,	10.53,	4.339355707168579,	15,	0.3
5,	1,	1,	2,	67,	uso_300ms_28.wav,	2,	255,	6.6,	2.417597532272339,	15,	0.3
5,	1,	1,	2,	68,	uso_300ms_22.wav,	3,	287,	7.67,	2.9604105949401855,	15,	0.3
5,	1,	1,	2,	69,	uso_300ms_45.wav,	4,	311,	8.47,	2.740511178970337,	15,	0.3
5,	1,	1,	2,	70,	uso_300ms_36.wav,	1,	203,	4.87,	3.6568617820739746,	15,	0.3
5,	1,	1,	2,	71,	uso_300ms_53.wav,	3,	292,	7.83,	3.794451951980591,	15,	0.3
5,	1,	1,	2,	72,	uso_300ms_25.wav,	5,	268,	7.03,	5.6963136196136475,	15,	0.3
5,	1,	1,	2,	73,	uso_300ms_69.wav,	4,	312,	8.5,	3.0854299068450928,	15,	0.3
5,	1,	1,	2,	74,	uso_300ms_77.wav,	1,	176,	3.97,	2.23591947555542,	15,	0.3
5,	1,	1,	2,	75,	uso_300ms_89.wav,	2,	199,	4.73,	2.168811798095703,	15,	0.3
