sub_id,cond_id,block_id,task_id,event_id,stim_id,speaker_id,led_id,led_distance,response_time,n_reps,isi
30,	2,	5,	3,	1,	uso_300ms_32.wav,	5,	166.107794,	3.64,	nan,	90,	2
30,	2,	5,	3,	2,	uso_300ms_77.wav,	5,	261.28748,	6.81,	nan,	90,	2
30,	2,	5,	3,	3,	uso_300ms_92.wav,	5,	188.32447100000005,	4.38,	nan,	90,	2
30,	2,	5,	3,	4,	uso_300ms_32.wav,	5,	89.89373300000007,	1.1,	nan,	90,	2
30,	2,	5,	3,	5,	uso_300ms_80.wav,	6,	307.93230900000003,	8.36,	nan,	90,	2
30,	2,	5,	3,	6,	uso_300ms_94.wav,	7,	329.4161350000001,	9.08,	nan,	90,	2
30,	2,	5,	3,	7,	uso_300ms_42.wav,	8,	345.07573000000036,	9.6,	nan,	90,	2
30,	2,	5,	3,	8,	uso_300ms_24.wav,	9,	391.70017500000074,	11.16,	nan,	90,	2
30,	2,	5,	3,	9,	uso_300ms_69.wav,	9,	435.1653730000006,	12.61,	nan,	90,	2
30,	2,	5,	3,	10,	uso_300ms_48.wav,	9,	451.9528780000006,	13.17,	nan,	90,	2
30,	2,	5,	3,	11,	uso_300ms_41.wav,	8,	346.8554310000007,	9.66,	nan,	90,	2
30,	2,	5,	3,	12,	uso_300ms_16.wav,	7,	321.6712930000007,	8.82,	nan,	90,	2
30,	2,	5,	3,	13,	uso_300ms_37.wav,	6,	299.14842900000053,	8.07,	nan,	90,	2
30,	2,	5,	3,	14,	uso_300ms_22.wav,	5,	243.7621260000005,	6.23,	nan,	90,	2
30,	2,	5,	3,	15,	uso_300ms_92.wav,	5,	264.04340800000045,	6.9,	nan,	90,	2
30,	2,	5,	3,	16,	uso_300ms_45.wav,	5,	264.04340800000045,	6.9,	nan,	90,	2
30,	2,	5,	3,	17,	uso_300ms_29.wav,	5,	264.04340800000045,	6.9,	nan,	90,	2
30,	2,	5,	3,	18,	uso_300ms_54.wav,	5,	264.1077940000007,	6.9,	nan,	90,	2
30,	2,	5,	3,	19,	uso_300ms_23.wav,	8,	361.6235130000015,	10.15,	nan,	90,	2
30,	2,	5,	3,	20,	uso_300ms_76.wav,	5,	260.07969300000224,	6.77,	nan,	90,	2
30,	2,	5,	3,	21,	uso_300ms_79.wav,	8,	363.9737070000024,	10.23,	nan,	90,	2
30,	2,	5,	3,	22,	uso_300ms_95.wav,	8,	363.9737070000024,	10.23,	nan,	90,	2
30,	2,	5,	3,	23,	uso_300ms_9.wav,	8,	363.9737070000024,	10.23,	nan,	90,	2
30,	2,	5,	3,	24,	uso_300ms_48.wav,	8,	363.9737070000024,	10.23,	nan,	90,	2
30,	2,	5,	3,	25,	uso_300ms_24.wav,	8,	352.58544900000237,	9.85,	nan,	90,	2
30,	2,	5,	3,	26,	uso_300ms_7.wav,	5,	271.7586680000023,	7.16,	nan,	90,	2
30,	2,	5,	3,	27,	uso_300ms_37.wav,	5,	277.7897840000024,	7.36,	nan,	90,	2
30,	2,	5,	3,	28,	uso_300ms_10.wav,	6,	310.12230100000255,	8.44,	nan,	90,	2
30,	2,	5,	3,	29,	uso_300ms_31.wav,	7,	328.7782530000025,	9.06,	nan,	90,	2
30,	2,	5,	3,	30,	uso_300ms_23.wav,	7,	341.62711000000246,	9.49,	nan,	90,	2
30,	2,	5,	3,	31,	uso_300ms_61.wav,	6,	303.0170980000026,	8.2,	nan,	90,	2
30,	2,	5,	3,	32,	uso_300ms_60.wav,	7,	315.9523280000026,	8.63,	nan,	90,	2
30,	2,	5,	3,	33,	uso_300ms_98.wav,	6,	290.33127800000256,	7.78,	nan,	90,	2
30,	2,	5,	3,	34,	uso_300ms_54.wav,	7,	324.9275950000026,	8.93,	nan,	90,	2
30,	2,	5,	3,	35,	uso_300ms_98.wav,	6,	305.4318670000026,	8.28,	nan,	90,	2
30,	2,	5,	3,	36,	uso_300ms_85.wav,	8,	356.8295210000026,	9.99,	nan,	90,	2
30,	2,	5,	3,	37,	uso_300ms_27.wav,	7,	326.21934000000266,	8.97,	nan,	90,	2
30,	2,	5,	3,	38,	uso_300ms_8.wav,	7,	326.21934000000266,	8.97,	nan,	90,	2
30,	2,	5,	3,	39,	uso_300ms_93.wav,	5,	279.2179100000027,	7.41,	nan,	90,	2
30,	2,	5,	3,	40,	uso_300ms_47.wav,	5,	279.2179100000027,	7.41,	nan,	90,	2
30,	2,	5,	3,	41,	uso_300ms_57.wav,	8,	364.1664450000029,	10.24,	nan,	90,	2
30,	2,	5,	3,	42,	uso_300ms_44.wav,	5,	262.4763250000029,	6.85,	nan,	90,	2
30,	2,	5,	3,	43,	uso_300ms_89.wav,	8,	349.17039400000283,	9.74,	nan,	90,	2
30,	2,	5,	3,	44,	uso_300ms_75.wav,	5,	272.78687700000273,	7.19,	nan,	90,	2
30,	2,	5,	3,	45,	uso_300ms_5.wav,	7,	318.37318000000266,	8.71,	nan,	90,	2
30,	2,	5,	3,	46,	uso_300ms_60.wav,	7,	318.37318000000266,	8.71,	nan,	90,	2
30,	2,	5,	3,	47,	uso_300ms_10.wav,	8,	347.59556200000253,	9.69,	nan,	90,	2
30,	2,	5,	3,	48,	uso_300ms_56.wav,	9,	379.12825900000263,	10.74,	nan,	90,	2
30,	2,	5,	3,	49,	uso_300ms_14.wav,	9,	379.12825900000263,	10.74,	nan,	90,	2
30,	2,	5,	3,	50,	uso_300ms_90.wav,	7,	317.81630900000266,	8.69,	nan,	90,	2
30,	2,	5,	3,	51,	uso_300ms_16.wav,	5,	257.7089540000026,	6.69,	nan,	90,	2
30,	2,	5,	3,	52,	uso_300ms_21.wav,	5,	270.96248800000257,	7.13,	nan,	90,	2
30,	2,	5,	3,	53,	uso_300ms_29.wav,	7,	326.69828000000246,	8.99,	nan,	90,	2
30,	2,	5,	3,	54,	uso_300ms_22.wav,	8,	355.4316630000022,	9.95,	nan,	90,	2
30,	2,	5,	3,	55,	uso_300ms_38.wav,	9,	403.3538590000024,	11.55,	nan,	90,	2
30,	2,	5,	3,	56,	uso_300ms_66.wav,	7,	312.9169600000021,	8.53,	nan,	90,	2
30,	2,	5,	3,	57,	uso_300ms_97.wav,	5,	270.2802400000021,	7.11,	nan,	90,	2
30,	2,	5,	3,	58,	uso_300ms_53.wav,	5,	270.2802400000021,	7.11,	nan,	90,	2
30,	2,	5,	3,	59,	uso_300ms_87.wav,	5,	270.2802400000021,	7.11,	nan,	90,	2
30,	2,	5,	3,	60,	uso_300ms_12.wav,	5,	270.2802400000021,	7.11,	nan,	90,	2
30,	2,	5,	3,	61,	uso_300ms_62.wav,	8,	356.6333740000021,	9.99,	nan,	90,	2
30,	2,	5,	3,	62,	uso_300ms_70.wav,	7,	327.8633460000018,	9.03,	nan,	90,	2
30,	2,	5,	3,	63,	uso_300ms_47.wav,	7,	327.8633460000018,	9.03,	nan,	90,	2
30,	2,	5,	3,	64,	uso_300ms_42.wav,	6,	287.7436020000017,	7.69,	nan,	90,	2
30,	2,	5,	3,	65,	uso_300ms_60.wav,	6,	287.7436020000017,	7.69,	nan,	90,	2
30,	2,	5,	3,	66,	uso_300ms_36.wav,	5,	249.9242750000016,	6.43,	nan,	90,	2
30,	2,	5,	3,	67,	uso_300ms_46.wav,	5,	257.25592100000085,	6.68,	nan,	90,	2
30,	2,	5,	3,	68,	uso_300ms_23.wav,	6,	310.36774200000104,	8.45,	nan,	90,	2
30,	2,	5,	3,	69,	uso_300ms_42.wav,	7,	330.03098700000174,	9.1,	nan,	90,	2
30,	2,	5,	3,	70,	uso_300ms_65.wav,	8,	351.5832100000018,	9.82,	nan,	90,	2
30,	2,	5,	3,	71,	uso_300ms_4.wav,	8,	360.63852200000196,	10.12,	nan,	90,	2
30,	2,	5,	3,	72,	uso_300ms_87.wav,	9,	387.7227750000018,	11.02,	nan,	90,	2
30,	2,	5,	3,	73,	uso_300ms_39.wav,	8,	372.04668100000157,	10.5,	nan,	90,	2
30,	2,	5,	3,	74,	uso_300ms_86.wav,	8,	347.9044860000014,	9.7,	nan,	90,	2
30,	2,	5,	3,	75,	uso_300ms_77.wav,	6,	293.87479700000137,	7.9,	nan,	90,	2
30,	2,	5,	3,	76,	uso_300ms_78.wav,	5,	272.8624630000013,	7.2,	nan,	90,	2
30,	2,	5,	3,	77,	uso_300ms_5.wav,	5,	258.08126300000185,	6.7,	nan,	90,	2
30,	2,	5,	3,	78,	uso_300ms_48.wav,	6,	301.4713160000019,	8.15,	nan,	90,	2
30,	2,	5,	3,	79,	uso_300ms_10.wav,	7,	330.015692000002,	9.1,	nan,	90,	2
30,	2,	5,	3,	80,	uso_300ms_47.wav,	9,	372.46329300000195,	10.52,	nan,	90,	2
30,	2,	5,	3,	81,	uso_300ms_37.wav,	9,	387.87291100000175,	11.03,	nan,	90,	2
30,	2,	5,	3,	82,	uso_300ms_30.wav,	9,	387.87291100000175,	11.03,	nan,	90,	2
30,	2,	5,	3,	83,	uso_300ms_73.wav,	8,	359.2590180000017,	10.08,	nan,	90,	2
30,	2,	5,	3,	84,	uso_300ms_4.wav,	5,	240.29152600000143,	6.11,	nan,	90,	2
30,	2,	5,	3,	85,	uso_300ms_58.wav,	5,	241.1634810000023,	6.14,	nan,	90,	2
30,	2,	5,	3,	86,	uso_300ms_13.wav,	7,	317.2696650000026,	8.68,	nan,	90,	2
30,	2,	5,	3,	87,	uso_300ms_27.wav,	8,	350.34125600000243,	9.78,	nan,	90,	2
30,	2,	5,	3,	88,	uso_300ms_6.wav,	9,	384.9222920000021,	10.93,	nan,	90,	2
30,	2,	5,	3,	89,	uso_300ms_8.wav,	7,	317.25342500000147,	8.68,	nan,	90,	2
30,	2,	5,	3,	90,	uso_300ms_99.wav,	5,	265.0937510000014,	6.94,	nan,	90,	2
