sub_id,cond_id,block_id,task_id,event_id,stim_id,speaker_id,led_id,led_distance,response_time,n_reps,isi
30,	2,	4,	3,	1,	uso_300ms_27.wav,	7,	277,	7.33,	5.268393278121948,	15,	0.3
30,	2,	4,	3,	2,	uso_300ms_88.wav,	5,	254,	6.57,	3.383983612060547,	15,	0.3
30,	2,	4,	3,	3,	uso_300ms_7.wav,	8,	311,	8.47,	2.079960584640503,	15,	0.3
30,	2,	4,	3,	4,	uso_300ms_1.wav,	9,	369,	10.4,	2.8565354347229004,	15,	0.3
30,	2,	4,	3,	5,	uso_300ms_22.wav,	6,	259,	6.73,	3.1370742321014404,	15,	0.3
30,	2,	4,	3,	6,	uso_300ms_91.wav,	9,	381,	10.8,	2.3697359561920166,	15,	0.3
30,	2,	4,	3,	7,	uso_300ms_14.wav,	7,	255,	6.6,	2.9071595668792725,	15,	0.3
30,	2,	4,	3,	8,	uso_300ms_56.wav,	5,	283,	7.53,	1.5731008052825928,	15,	0.3
30,	2,	4,	3,	9,	uso_300ms_6.wav,	8,	322,	8.83,	1.9520494937896729,	15,	0.3
30,	2,	4,	3,	10,	uso_300ms_7.wav,	6,	281,	7.47,	1.5465137958526611,	15,	0.3
30,	2,	4,	3,	11,	uso_300ms_6.wav,	8,	337,	9.33,	1.689194679260254,	15,	0.3
30,	2,	4,	3,	12,	uso_300ms_86.wav,	5,	251,	6.47,	1.9716360569000244,	15,	0.3
30,	2,	4,	3,	13,	uso_300ms_93.wav,	9,	306,	8.3,	1.4064562320709229,	15,	0.3
30,	2,	4,	3,	14,	uso_300ms_29.wav,	7,	318,	8.7,	1.504608154296875,	15,	0.3
30,	2,	4,	3,	15,	uso_300ms_80.wav,	6,	290,	7.77,	2.3387961387634277,	15,	0.3
30,	2,	4,	3,	16,	uso_300ms_97.wav,	7,	345,	9.6,	1.9937596321105957,	15,	0.3
30,	2,	4,	3,	17,	uso_300ms_8.wav,	5,	243,	6.2,	3.350064754486084,	15,	0.3
30,	2,	4,	3,	18,	uso_300ms_53.wav,	9,	325,	8.93,	2.5372326374053955,	15,	0.3
30,	2,	4,	3,	19,	uso_300ms_24.wav,	6,	244,	6.23,	1.9575109481811523,	15,	0.3
30,	2,	4,	3,	20,	uso_300ms_85.wav,	8,	311,	8.47,	1.5858898162841797,	15,	0.3
30,	2,	4,	3,	21,	uso_300ms_55.wav,	9,	349,	9.73,	1.4685025215148926,	15,	0.3
30,	2,	4,	3,	22,	uso_300ms_57.wav,	6,	245,	6.27,	2.2082717418670654,	15,	0.3
30,	2,	4,	3,	23,	uso_300ms_97.wav,	5,	171,	3.8,	1.5424838066101074,	15,	0.3
30,	2,	4,	3,	24,	uso_300ms_81.wav,	8,	331,	9.13,	2.9048290252685547,	15,	0.3
30,	2,	4,	3,	25,	uso_300ms_92.wav,	7,	250,	6.43,	2.274845600128174,	15,	0.3
30,	2,	4,	3,	26,	uso_300ms_59.wav,	9,	292,	7.83,	1.4616291522979736,	15,	0.3
30,	2,	4,	3,	27,	uso_300ms_93.wav,	5,	231,	5.8,	1.585881233215332,	15,	0.3
30,	2,	4,	3,	28,	uso_300ms_75.wav,	8,	317,	8.67,	2.3523826599121094,	15,	0.3
30,	2,	4,	3,	29,	uso_300ms_83.wav,	6,	264,	6.9,	1.974989414215088,	15,	0.3
30,	2,	4,	3,	30,	uso_300ms_97.wav,	7,	194,	4.57,	2.6357316970825195,	15,	0.3
30,	2,	4,	3,	31,	uso_300ms_49.wav,	5,	179,	4.07,	1.7408883571624756,	15,	0.3
30,	2,	4,	3,	32,	uso_300ms_41.wav,	8,	340,	9.43,	3.2826881408691406,	15,	0.3
30,	2,	4,	3,	33,	uso_300ms_64.wav,	9,	367,	10.33,	2.578382730484009,	15,	0.3
30,	2,	4,	3,	34,	uso_300ms_59.wav,	7,	299,	8.07,	1.757894515991211,	15,	0.3
30,	2,	4,	3,	35,	uso_300ms_22.wav,	6,	256,	6.63,	1.8909072875976562,	15,	0.3
30,	2,	4,	3,	36,	uso_300ms_69.wav,	7,	302,	8.17,	1.6955037117004395,	15,	0.3
30,	2,	4,	3,	37,	uso_300ms_81.wav,	6,	263,	6.87,	1.774925708770752,	15,	0.3
30,	2,	4,	3,	38,	uso_300ms_2.wav,	5,	177,	4.0,	1.9224443435668945,	15,	0.3
30,	2,	4,	3,	39,	uso_300ms_22.wav,	9,	289,	7.73,	3.47796893119812,	15,	0.3
30,	2,	4,	3,	40,	uso_300ms_49.wav,	8,	333,	9.2,	1.3429830074310303,	15,	0.3
30,	2,	4,	3,	41,	uso_300ms_77.wav,	6,	280,	7.43,	2.037294864654541,	15,	0.3
30,	2,	4,	3,	42,	uso_300ms_44.wav,	8,	336,	9.3,	2.078533172607422,	15,	0.3
30,	2,	4,	3,	43,	uso_300ms_55.wav,	9,	270,	7.1,	2.1129963397979736,	15,	0.3
30,	2,	4,	3,	44,	uso_300ms_91.wav,	7,	369,	10.4,	2.162677526473999,	15,	0.3
30,	2,	4,	3,	45,	uso_300ms_96.wav,	5,	209,	5.07,	2.5146329402923584,	15,	0.3
30,	2,	4,	3,	46,	uso_300ms_40.wav,	7,	278,	7.37,	1.598700761795044,	15,	0.3
30,	2,	4,	3,	47,	uso_300ms_58.wav,	8,	318,	8.7,	1.7041587829589844,	15,	0.3
30,	2,	4,	3,	48,	uso_300ms_11.wav,	6,	243,	6.2,	1.8531296253204346,	15,	0.3
30,	2,	4,	3,	49,	uso_300ms_66.wav,	5,	213,	5.2,	2.872859477996826,	15,	0.3
30,	2,	4,	3,	50,	uso_300ms_59.wav,	9,	310,	8.43,	2.2885842323303223,	15,	0.3
30,	2,	4,	3,	51,	uso_300ms_63.wav,	7,	352,	9.83,	1.9635810852050781,	15,	0.3
30,	2,	4,	3,	52,	uso_300ms_43.wav,	8,	386,	10.97,	1.5182578563690186,	15,	0.3
30,	2,	4,	3,	53,	uso_300ms_67.wav,	5,	283,	7.53,	2.855954170227051,	15,	0.3
30,	2,	4,	3,	54,	uso_300ms_25.wav,	9,	307,	8.33,	1.4566230773925781,	15,	0.3
30,	2,	4,	3,	55,	uso_300ms_86.wav,	6,	256,	6.63,	1.5508475303649902,	15,	0.3
30,	2,	4,	3,	56,	uso_300ms_47.wav,	5,	233,	5.87,	1.8940987586975098,	15,	0.3
30,	2,	4,	3,	57,	uso_300ms_27.wav,	6,	189,	4.4,	1.9094879627227783,	15,	0.3
30,	2,	4,	3,	58,	uso_300ms_23.wav,	7,	240,	6.1,	2.421978712081909,	15,	0.3
30,	2,	4,	3,	59,	uso_300ms_60.wav,	9,	270,	7.1,	1.8095622062683105,	15,	0.3
30,	2,	4,	3,	60,	uso_300ms_42.wav,	8,	304,	8.23,	2.2850282192230225,	15,	0.3
30,	2,	4,	3,	61,	uso_300ms_37.wav,	9,	358,	10.03,	2.0503790378570557,	15,	0.3
30,	2,	4,	3,	62,	uso_300ms_52.wav,	6,	230,	5.77,	2.987679958343506,	15,	0.3
30,	2,	4,	3,	63,	uso_300ms_68.wav,	7,	276,	7.3,	1.7430639266967773,	15,	0.3
30,	2,	4,	3,	64,	uso_300ms_43.wav,	5,	226,	5.63,	1.5017430782318115,	15,	0.3
30,	2,	4,	3,	65,	uso_300ms_45.wav,	8,	305,	8.27,	2.6477890014648438,	15,	0.3
30,	2,	4,	3,	66,	uso_300ms_69.wav,	5,	201,	4.8,	3.4917562007904053,	15,	0.3
30,	2,	4,	3,	67,	uso_300ms_17.wav,	6,	241,	6.13,	1.494088888168335,	15,	0.3
30,	2,	4,	3,	68,	uso_300ms_3.wav,	9,	390,	11.1,	2.982067823410034,	15,	0.3
30,	2,	4,	3,	69,	uso_300ms_37.wav,	7,	272,	7.17,	2.4654488563537598,	15,	0.3
30,	2,	4,	3,	70,	uso_300ms_13.wav,	8,	307,	8.33,	3.2858505249023438,	15,	0.3
30,	2,	4,	3,	71,	uso_300ms_91.wav,	7,	353,	9.87,	1.8794641494750977,	15,	0.3
30,	2,	4,	3,	72,	uso_300ms_88.wav,	9,	386,	10.97,	1.7367284297943115,	15,	0.3
30,	2,	4,	3,	73,	uso_300ms_55.wav,	5,	239,	6.07,	2.4260294437408447,	15,	0.3
30,	2,	4,	3,	74,	uso_300ms_65.wav,	8,	301,	8.13,	2.237123966217041,	15,	0.3
30,	2,	4,	3,	75,	uso_300ms_29.wav,	6,	288,	7.7,	1.24296236038208,	15,	0.3
