sub_id,cond_id,block_id,task_id,event_id,stim_id,speaker_id,led_id,led_distance,response_time,n_reps,isi
30,	2,	3,	3,	1,	uso_300ms_37.wav,	5,	121.68883899999994,	2.16,	nan,	90,	2
30,	2,	3,	3,	2,	uso_300ms_78.wav,	5,	121.68883899999994,	2.16,	nan,	90,	2
30,	2,	3,	3,	3,	uso_300ms_87.wav,	6,	294.81125000000014,	7.93,	nan,	90,	2
30,	2,	3,	3,	4,	uso_300ms_58.wav,	5,	259.63586500000014,	6.75,	nan,	90,	2
30,	2,	3,	3,	5,	uso_300ms_52.wav,	5,	281.3388610000002,	7.48,	nan,	90,	2
30,	2,	3,	3,	6,	uso_300ms_59.wav,	6,	296.4141730000002,	7.98,	nan,	90,	2
30,	2,	3,	3,	7,	uso_300ms_15.wav,	9,	385.8915680000002,	10.96,	nan,	90,	2
30,	2,	3,	3,	8,	uso_300ms_85.wav,	6,	286.31465000000014,	7.64,	nan,	90,	2
30,	2,	3,	3,	9,	uso_300ms_43.wav,	8,	371.6120510000001,	10.49,	nan,	90,	2
30,	2,	3,	3,	10,	uso_300ms_50.wav,	9,	382.0882930000001,	10.84,	nan,	90,	2
30,	2,	3,	3,	11,	uso_300ms_98.wav,	9,	372.5559870000002,	10.52,	nan,	90,	2
30,	2,	3,	3,	12,	uso_300ms_70.wav,	8,	342.6063330000001,	9.52,	nan,	90,	2
30,	2,	3,	3,	13,	uso_300ms_83.wav,	8,	361.1110500000001,	10.14,	nan,	90,	2
30,	2,	3,	3,	14,	uso_300ms_21.wav,	6,	302.70354000000003,	8.19,	nan,	90,	2
30,	2,	3,	3,	15,	uso_300ms_88.wav,	7,	336.606535,	9.32,	nan,	90,	2
30,	2,	3,	3,	16,	uso_300ms_10.wav,	8,	357.94023899999996,	10.03,	nan,	90,	2
30,	2,	3,	3,	17,	uso_300ms_37.wav,	5,	264.482483,	6.92,	nan,	90,	2
30,	2,	3,	3,	18,	uso_300ms_47.wav,	8,	354.2303999999999,	9.91,	nan,	90,	2
30,	2,	3,	3,	19,	uso_300ms_6.wav,	5,	267.59891099999993,	7.02,	nan,	90,	2
30,	2,	3,	3,	20,	uso_300ms_10.wav,	8,	354.29079599999983,	9.91,	nan,	90,	2
30,	2,	3,	3,	21,	uso_300ms_18.wav,	5,	256.98955699999976,	6.67,	nan,	90,	2
30,	2,	3,	3,	22,	uso_300ms_71.wav,	9,	387.30248799999987,	11.01,	nan,	90,	2
30,	2,	3,	3,	23,	uso_300ms_34.wav,	6,	300.41019999999986,	8.11,	nan,	90,	2
30,	2,	3,	3,	24,	uso_300ms_51.wav,	7,	327.48455499999983,	9.02,	nan,	90,	2
30,	2,	3,	3,	25,	uso_300ms_48.wav,	7,	339.69993999999974,	9.42,	nan,	90,	2
30,	2,	3,	3,	26,	uso_300ms_37.wav,	5,	242.2186259999997,	6.17,	nan,	90,	2
30,	2,	3,	3,	27,	uso_300ms_51.wav,	5,	137.3183339999997,	2.68,	nan,	90,	2
30,	2,	3,	3,	28,	uso_300ms_100.wav,	5,	264.4834909999998,	6.92,	nan,	90,	2
30,	2,	3,	3,	29,	uso_300ms_100.wav,	5,	277.85517100000015,	7.36,	nan,	90,	2
30,	2,	3,	3,	30,	uso_300ms_22.wav,	9,	406.602979000001,	11.65,	nan,	90,	2
30,	2,	3,	3,	31,	uso_300ms_64.wav,	7,	326.68386700000104,	8.99,	nan,	90,	2
30,	2,	3,	3,	32,	uso_300ms_5.wav,	5,	276.51847900000115,	7.32,	nan,	90,	2
30,	2,	3,	3,	33,	uso_300ms_7.wav,	7,	323.3653000000011,	8.88,	nan,	90,	2
30,	2,	3,	3,	34,	uso_300ms_7.wav,	9,	374.20496300000116,	10.57,	nan,	90,	2
30,	2,	3,	3,	35,	uso_300ms_15.wav,	6,	284.10443500000116,	7.57,	nan,	90,	2
30,	2,	3,	3,	36,	uso_300ms_78.wav,	5,	233.31114000000113,	5.88,	nan,	90,	2
30,	2,	3,	3,	37,	uso_300ms_2.wav,	6,	295.23750800000084,	7.94,	nan,	90,	2
30,	2,	3,	3,	38,	uso_300ms_88.wav,	5,	271.8828760000008,	7.16,	nan,	90,	2
30,	2,	3,	3,	39,	uso_300ms_22.wav,	5,	271.8828760000008,	7.16,	nan,	90,	2
30,	2,	3,	3,	40,	uso_300ms_61.wav,	9,	412.39599700000076,	11.85,	nan,	90,	2
30,	2,	3,	3,	41,	uso_300ms_94.wav,	8,	348.8806640000008,	9.73,	nan,	90,	2
30,	2,	3,	3,	42,	uso_300ms_14.wav,	5,	251.2535820000007,	6.48,	nan,	90,	2
30,	2,	3,	3,	43,	uso_300ms_97.wav,	5,	259.70338700000076,	6.76,	nan,	90,	2
30,	2,	3,	3,	44,	uso_300ms_1.wav,	9,	428.3293200000007,	12.38,	nan,	90,	2
30,	2,	3,	3,	45,	uso_300ms_90.wav,	7,	330.23531700000063,	9.11,	nan,	90,	2
30,	2,	3,	3,	46,	uso_300ms_78.wav,	9,	438.4752249999998,	12.72,	nan,	90,	2
30,	2,	3,	3,	47,	uso_300ms_81.wav,	7,	315.6802799999998,	8.62,	nan,	90,	2
30,	2,	3,	3,	48,	uso_300ms_86.wav,	5,	252.9724249999998,	6.53,	nan,	90,	2
30,	2,	3,	3,	49,	uso_300ms_28.wav,	7,	335.78906799999965,	9.29,	nan,	90,	2
30,	2,	3,	3,	50,	uso_300ms_88.wav,	5,	279.6781459999997,	7.42,	nan,	90,	2
30,	2,	3,	3,	51,	uso_300ms_73.wav,	5,	281.2714929999996,	7.48,	nan,	90,	2
30,	2,	3,	3,	52,	uso_300ms_8.wav,	9,	407.3075849999998,	11.68,	nan,	90,	2
30,	2,	3,	3,	53,	uso_300ms_77.wav,	9,	407.4197949999999,	11.68,	nan,	90,	2
30,	2,	3,	3,	54,	uso_300ms_93.wav,	7,	319.01385499999986,	8.73,	nan,	90,	2
30,	2,	3,	3,	55,	uso_300ms_59.wav,	7,	319.01385499999986,	8.73,	nan,	90,	2
30,	2,	3,	3,	56,	uso_300ms_60.wav,	6,	298.14437699999974,	8.04,	nan,	90,	2
30,	2,	3,	3,	57,	uso_300ms_44.wav,	6,	298.14437699999974,	8.04,	nan,	90,	2
30,	2,	3,	3,	58,	uso_300ms_46.wav,	9,	376.07541199999974,	10.64,	nan,	90,	2
30,	2,	3,	3,	59,	uso_300ms_90.wav,	9,	397.40061800000126,	11.35,	nan,	90,	2
30,	2,	3,	3,	60,	uso_300ms_59.wav,	5,	277.6671930000019,	7.36,	nan,	90,	2
30,	2,	3,	3,	61,	uso_300ms_58.wav,	5,	245.79428200000194,	6.29,	nan,	90,	2
30,	2,	3,	3,	62,	uso_300ms_70.wav,	5,	271.68250800000203,	7.16,	nan,	90,	2
30,	2,	3,	3,	63,	uso_300ms_97.wav,	7,	313.1734820000017,	8.54,	nan,	90,	2
30,	2,	3,	3,	64,	uso_300ms_6.wav,	6,	297.0387830000016,	8.0,	nan,	90,	2
30,	2,	3,	3,	65,	uso_300ms_52.wav,	6,	286.37695700000154,	7.65,	nan,	90,	2
30,	2,	3,	3,	66,	uso_300ms_52.wav,	7,	335.4053770000017,	9.28,	nan,	90,	2
30,	2,	3,	3,	67,	uso_300ms_13.wav,	8,	348.56800900000184,	9.72,	nan,	90,	2
30,	2,	3,	3,	68,	uso_300ms_9.wav,	8,	371.49567600000216,	10.48,	nan,	90,	2
30,	2,	3,	3,	69,	uso_300ms_39.wav,	9,	391.78787800000214,	11.16,	nan,	90,	2
30,	2,	3,	3,	70,	uso_300ms_19.wav,	9,	391.78787800000214,	11.16,	nan,	90,	2
30,	2,	3,	3,	71,	uso_300ms_64.wav,	9,	391.78787800000214,	11.16,	nan,	90,	2
30,	2,	3,	3,	72,	uso_300ms_98.wav,	9,	391.78787800000214,	11.16,	nan,	90,	2
30,	2,	3,	3,	73,	uso_300ms_97.wav,	6,	304.1193110000021,	8.24,	nan,	90,	2
30,	2,	3,	3,	74,	uso_300ms_19.wav,	6,	304.1193110000021,	8.24,	nan,	90,	2
30,	2,	3,	3,	75,	uso_300ms_3.wav,	5,	243.634348000002,	6.22,	nan,	90,	2
30,	2,	3,	3,	76,	uso_300ms_39.wav,	5,	243.75077200000132,	6.23,	nan,	90,	2
30,	2,	3,	3,	77,	uso_300ms_15.wav,	5,	262.38797800000134,	6.85,	nan,	90,	2
30,	2,	3,	3,	78,	uso_300ms_12.wav,	7,	327.04848300000134,	9.0,	nan,	90,	2
30,	2,	3,	3,	79,	uso_300ms_16.wav,	7,	327.0847710000011,	9.0,	nan,	90,	2
30,	2,	3,	3,	80,	uso_300ms_99.wav,	9,	383.16422100000113,	10.87,	nan,	90,	2
30,	2,	3,	3,	81,	uso_300ms_81.wav,	9,	383.16422100000113,	10.87,	nan,	90,	2
30,	2,	3,	3,	82,	uso_300ms_70.wav,	8,	361.77882200000107,	10.16,	nan,	90,	2
30,	2,	3,	3,	83,	uso_300ms_18.wav,	8,	361.77882200000107,	10.16,	nan,	90,	2
30,	2,	3,	3,	84,	uso_300ms_12.wav,	7,	334.1426680000007,	9.24,	nan,	90,	2
30,	2,	3,	3,	85,	uso_300ms_62.wav,	7,	333.7444170000017,	9.22,	nan,	90,	2
30,	2,	3,	3,	86,	uso_300ms_67.wav,	8,	345.24396100000223,	9.61,	nan,	90,	2
30,	2,	3,	3,	87,	uso_300ms_69.wav,	9,	382.3004700000025,	10.84,	nan,	90,	2
30,	2,	3,	3,	88,	uso_300ms_100.wav,	7,	339.4169230000037,	9.41,	nan,	90,	2
30,	2,	3,	3,	89,	uso_300ms_91.wav,	7,	339.30754800000364,	9.41,	nan,	90,	2
30,	2,	3,	3,	90,	uso_300ms_5.wav,	6,	292.8548130000035,	7.86,	nan,	90,	2
