sub_id,cond_id,block_id,task_id,event_id,stim_id,speaker_id,led_id,led_distance,response_time,n_reps,isi
30,	2,	2,	3,	1,	uso_300ms_21.wav,	8,	403,	11.53,	5.129032850265503,	15,	0.3
30,	2,	2,	3,	2,	uso_300ms_21.wav,	5,	351,	9.8,	4.00680685043335,	15,	0.3
30,	2,	2,	3,	3,	uso_300ms_83.wav,	7,	409,	11.73,	4.079632043838501,	15,	0.3
30,	2,	2,	3,	4,	uso_300ms_34.wav,	9,	416,	11.97,	1.797189712524414,	15,	0.3
30,	2,	2,	3,	5,	uso_300ms_65.wav,	6,	349,	9.73,	2.059591054916382,	15,	0.3
30,	2,	2,	3,	6,	uso_300ms_87.wav,	5,	319,	8.73,	2.7225770950317383,	15,	0.3
30,	2,	2,	3,	7,	uso_300ms_94.wav,	8,	381,	10.8,	2.9605355262756348,	15,	0.3
30,	2,	2,	3,	8,	uso_300ms_3.wav,	6,	354,	9.9,	2.69392728805542,	15,	0.3
30,	2,	2,	3,	9,	uso_300ms_64.wav,	7,	398,	11.37,	2.4002878665924072,	15,	0.3
30,	2,	2,	3,	10,	uso_300ms_23.wav,	9,	383,	10.87,	2.041041135787964,	15,	0.3
30,	2,	2,	3,	11,	uso_300ms_59.wav,	8,	405,	11.6,	2.322058916091919,	15,	0.3
30,	2,	2,	3,	12,	uso_300ms_63.wav,	7,	351,	9.8,	3.1714999675750732,	15,	0.3
30,	2,	2,	3,	13,	uso_300ms_64.wav,	5,	365,	10.27,	2.3558287620544434,	15,	0.3
30,	2,	2,	3,	14,	uso_300ms_13.wav,	6,	265,	6.93,	2.6415295600891113,	15,	0.3
30,	2,	2,	3,	15,	uso_300ms_52.wav,	9,	302,	8.17,	1.5313208103179932,	15,	0.3
30,	2,	2,	3,	16,	uso_300ms_20.wav,	8,	337,	9.33,	1.706322193145752,	15,	0.3
30,	2,	2,	3,	17,	uso_300ms_69.wav,	7,	358,	10.03,	1.9027130603790283,	15,	0.3
30,	2,	2,	3,	18,	uso_300ms_43.wav,	6,	231,	5.8,	3.8019168376922607,	15,	0.3
30,	2,	2,	3,	19,	uso_300ms_30.wav,	5,	202,	4.83,	2.1923627853393555,	15,	0.3
30,	2,	2,	3,	20,	uso_300ms_24.wav,	9,	266,	6.97,	2.8890974521636963,	15,	0.3
30,	2,	2,	3,	21,	uso_300ms_38.wav,	7,	251,	6.47,	1.989354133605957,	15,	0.3
30,	2,	2,	3,	22,	uso_300ms_53.wav,	8,	386,	10.97,	2.7122151851654053,	15,	0.3
30,	2,	2,	3,	23,	uso_300ms_81.wav,	9,	394,	11.23,	1.249143362045288,	15,	0.3
30,	2,	2,	3,	24,	uso_300ms_19.wav,	6,	330,	9.1,	2.043316602706909,	15,	0.3
30,	2,	2,	3,	25,	uso_300ms_30.wav,	5,	188,	4.37,	3.038060426712036,	15,	0.3
30,	2,	2,	3,	26,	uso_300ms_3.wav,	6,	213,	5.2,	1.8832271099090576,	15,	0.3
30,	2,	2,	3,	27,	uso_300ms_86.wav,	7,	235,	5.93,	2.422673225402832,	15,	0.3
30,	2,	2,	3,	28,	uso_300ms_72.wav,	5,	183,	4.2,	2.295079231262207,	15,	0.3
30,	2,	2,	3,	29,	uso_300ms_80.wav,	8,	330,	9.1,	2.378636121749878,	15,	0.3
30,	2,	2,	3,	30,	uso_300ms_99.wav,	9,	376,	10.63,	1.6948020458221436,	15,	0.3
30,	2,	2,	3,	31,	uso_300ms_85.wav,	7,	334,	9.23,	1.8309414386749268,	15,	0.3
30,	2,	2,	3,	32,	uso_300ms_14.wav,	5,	244,	6.23,	2.1374850273132324,	15,	0.3
30,	2,	2,	3,	33,	uso_300ms_22.wav,	8,	369,	10.4,	2.971015691757202,	15,	0.3
30,	2,	2,	3,	34,	uso_300ms_8.wav,	6,	198,	4.7,	3.7181828022003174,	15,	0.3
30,	2,	2,	3,	35,	uso_300ms_4.wav,	9,	292,	7.83,	2.4143993854522705,	15,	0.3
30,	2,	2,	3,	36,	uso_300ms_98.wav,	5,	242,	6.17,	1.4324803352355957,	15,	0.3
30,	2,	2,	3,	37,	uso_300ms_20.wav,	9,	330,	9.1,	1.523606538772583,	15,	0.3
30,	2,	2,	3,	38,	uso_300ms_11.wav,	8,	296,	7.97,	1.9812836647033691,	15,	0.3
30,	2,	2,	3,	39,	uso_300ms_83.wav,	6,	247,	6.33,	1.948235034942627,	15,	0.3
30,	2,	2,	3,	40,	uso_300ms_92.wav,	7,	226,	5.63,	1.3409597873687744,	15,	0.3
30,	2,	2,	3,	41,	uso_300ms_5.wav,	6,	206,	4.97,	1.7494652271270752,	15,	0.3
30,	2,	2,	3,	42,	uso_300ms_82.wav,	5,	311,	8.47,	1.8502562046051025,	15,	0.3
30,	2,	2,	3,	43,	uso_300ms_29.wav,	9,	371,	10.47,	1.428769826889038,	15,	0.3
30,	2,	2,	3,	44,	uso_300ms_3.wav,	8,	395,	11.27,	1.8014845848083496,	15,	0.3
30,	2,	2,	3,	45,	uso_300ms_82.wav,	7,	314,	8.57,	2.3767826557159424,	15,	0.3
30,	2,	2,	3,	46,	uso_300ms_42.wav,	9,	350,	9.77,	2.8263583183288574,	15,	0.3
30,	2,	2,	3,	47,	uso_300ms_77.wav,	7,	298,	8.03,	1.6519405841827393,	15,	0.3
30,	2,	2,	3,	48,	uso_300ms_80.wav,	5,	259,	6.73,	2.081578016281128,	15,	0.3
30,	2,	2,	3,	49,	uso_300ms_87.wav,	8,	351,	9.8,	2.274580240249634,	15,	0.3
30,	2,	2,	3,	50,	uso_300ms_46.wav,	6,	275,	7.27,	1.7845594882965088,	15,	0.3
30,	2,	2,	3,	51,	uso_300ms_47.wav,	9,	295,	7.93,	2.2549068927764893,	15,	0.3
30,	2,	2,	3,	52,	uso_300ms_24.wav,	8,	360,	10.1,	2.1239514350891113,	15,	0.3
30,	2,	2,	3,	53,	uso_300ms_42.wav,	5,	203,	4.87,	2.9764552116394043,	15,	0.3
30,	2,	2,	3,	54,	uso_300ms_45.wav,	7,	267,	7.0,	1.925386667251587,	15,	0.3
30,	2,	2,	3,	55,	uso_300ms_73.wav,	6,	333,	9.2,	2.308948278427124,	15,	0.3
30,	2,	2,	3,	56,	uso_300ms_99.wav,	7,	280,	7.43,	2.4907920360565186,	15,	0.3
30,	2,	2,	3,	57,	uso_300ms_95.wav,	5,	208,	5.03,	1.8480792045593262,	15,	0.3
30,	2,	2,	3,	58,	uso_300ms_51.wav,	8,	396,	11.3,	3.052511215209961,	15,	0.3
30,	2,	2,	3,	59,	uso_300ms_76.wav,	6,	370,	10.43,	1.914276361465454,	15,	0.3
30,	2,	2,	3,	60,	uso_300ms_35.wav,	9,	428,	12.37,	3.2925944328308105,	15,	0.3
30,	2,	2,	3,	61,	uso_300ms_63.wav,	6,	231,	5.8,	2.9162204265594482,	15,	0.3
30,	2,	2,	3,	62,	uso_300ms_96.wav,	5,	236,	5.97,	3.2214362621307373,	15,	0.3
30,	2,	2,	3,	63,	uso_300ms_20.wav,	8,	359,	10.07,	2.1260223388671875,	15,	0.3
30,	2,	2,	3,	64,	uso_300ms_15.wav,	9,	395,	11.27,	1.9650976657867432,	15,	0.3
30,	2,	2,	3,	65,	uso_300ms_6.wav,	7,	274,	7.23,	1.9746263027191162,	15,	0.3
30,	2,	2,	3,	66,	uso_300ms_32.wav,	6,	251,	6.47,	2.84055495262146,	15,	0.3
30,	2,	2,	3,	67,	uso_300ms_80.wav,	5,	284,	7.57,	2.531141757965088,	15,	0.3
30,	2,	2,	3,	68,	uso_300ms_100.wav,	9,	339,	9.4,	1.6522176265716553,	15,	0.3
30,	2,	2,	3,	69,	uso_300ms_89.wav,	8,	371,	10.47,	2.2862658500671387,	15,	0.3
30,	2,	2,	3,	70,	uso_300ms_52.wav,	7,	334,	9.23,	1.5995018482208252,	15,	0.3
30,	2,	2,	3,	71,	uso_300ms_10.wav,	5,	204,	4.9,	2.828282356262207,	15,	0.3
30,	2,	2,	3,	72,	uso_300ms_87.wav,	7,	249,	6.4,	1.4752576351165771,	15,	0.3
30,	2,	2,	3,	73,	uso_300ms_27.wav,	9,	296,	7.97,	1.340632438659668,	15,	0.3
30,	2,	2,	3,	74,	uso_300ms_73.wav,	8,	397,	11.33,	2.101809024810791,	15,	0.3
30,	2,	2,	3,	75,	uso_300ms_84.wav,	6,	299,	8.07,	2.0259785652160645,	15,	0.3
