sub_id,cond_id,block_id,task_id,event_id,stim_id,speaker_id,led_id,led_distance,response_time,n_reps,isi
30,	2,	1,	3,	1,	uso_300ms_69.wav,	5,	167,	3.67,	31.796601057052612,	15,	0.3
30,	2,	1,	3,	2,	uso_300ms_19.wav,	6,	248,	6.37,	5.636440277099609,	15,	0.3
30,	2,	1,	3,	3,	uso_300ms_96.wav,	8,	319,	8.73,	3.847763776779175,	15,	0.3
30,	2,	1,	3,	4,	uso_300ms_45.wav,	9,	366,	10.3,	4.924363851547241,	15,	0.3
30,	2,	1,	3,	5,	uso_300ms_77.wav,	7,	439,	12.73,	4.390492677688599,	15,	0.3
30,	2,	1,	3,	6,	uso_300ms_75.wav,	9,	439,	12.73,	6.719180107116699,	15,	0.3
30,	2,	1,	3,	7,	uso_300ms_24.wav,	8,	441,	12.8,	3.3014984130859375,	15,	0.3
30,	2,	1,	3,	8,	uso_300ms_44.wav,	6,	442,	12.83,	2.187209367752075,	15,	0.3
30,	2,	1,	3,	9,	uso_300ms_67.wav,	5,	442,	12.83,	2.70477294921875,	15,	0.3
30,	2,	1,	3,	10,	uso_300ms_92.wav,	7,	442,	12.83,	2.692228078842163,	15,	0.3
30,	2,	1,	3,	11,	uso_300ms_58.wav,	9,	439,	12.73,	2.8978967666625977,	15,	0.3
30,	2,	1,	3,	12,	uso_300ms_63.wav,	5,	383,	10.87,	5.713839054107666,	15,	0.3
30,	2,	1,	3,	13,	uso_300ms_12.wav,	6,	335,	9.27,	3.3989627361297607,	15,	0.3
30,	2,	1,	3,	14,	uso_300ms_47.wav,	8,	326,	8.97,	1.7236721515655518,	15,	0.3
30,	2,	1,	3,	15,	uso_300ms_57.wav,	7,	342,	9.5,	2.5008134841918945,	15,	0.3
30,	2,	1,	3,	16,	uso_300ms_28.wav,	9,	330,	9.1,	4.405538558959961,	15,	0.3
30,	2,	1,	3,	17,	uso_300ms_57.wav,	8,	344,	9.57,	2.43888258934021,	15,	0.3
30,	2,	1,	3,	18,	uso_300ms_83.wav,	7,	369,	10.4,	2.4988045692443848,	15,	0.3
30,	2,	1,	3,	19,	uso_300ms_9.wav,	5,	319,	8.73,	4.662938833236694,	15,	0.3
30,	2,	1,	3,	20,	uso_300ms_81.wav,	6,	364,	10.23,	2.915309190750122,	15,	0.3
30,	2,	1,	3,	21,	uso_300ms_80.wav,	9,	382,	10.83,	3.1869404315948486,	15,	0.3
30,	2,	1,	3,	22,	uso_300ms_66.wav,	6,	361,	10.13,	2.748582124710083,	15,	0.3
30,	2,	1,	3,	23,	uso_300ms_26.wav,	8,	352,	9.83,	3.7524242401123047,	15,	0.3
30,	2,	1,	3,	24,	uso_300ms_54.wav,	5,	323,	8.87,	2.778592109680176,	15,	0.3
30,	2,	1,	3,	25,	uso_300ms_54.wav,	7,	342,	9.5,	2.436105251312256,	15,	0.3
30,	2,	1,	3,	26,	uso_300ms_30.wav,	8,	374,	10.57,	3.7599120140075684,	15,	0.3
30,	2,	1,	3,	27,	uso_300ms_15.wav,	5,	389,	11.07,	2.578774929046631,	15,	0.3
30,	2,	1,	3,	28,	uso_300ms_57.wav,	9,	395,	11.27,	1.9364964962005615,	15,	0.3
30,	2,	1,	3,	29,	uso_300ms_64.wav,	7,	404,	11.57,	1.6330866813659668,	15,	0.3
30,	2,	1,	3,	30,	uso_300ms_35.wav,	6,	410,	11.77,	2.827385187149048,	15,	0.3
30,	2,	1,	3,	31,	uso_300ms_14.wav,	8,	414,	11.9,	2.7823798656463623,	15,	0.3
30,	2,	1,	3,	32,	uso_300ms_3.wav,	7,	402,	11.5,	5.648266315460205,	15,	0.3
30,	2,	1,	3,	33,	uso_300ms_25.wav,	5,	288,	7.7,	4.311697244644165,	15,	0.3
30,	2,	1,	3,	34,	uso_300ms_14.wav,	6,	309,	8.4,	1.938366413116455,	15,	0.3
30,	2,	1,	3,	35,	uso_300ms_75.wav,	9,	368,	10.37,	2.335726737976074,	15,	0.3
30,	2,	1,	3,	36,	uso_300ms_95.wav,	6,	347,	9.67,	2.571531057357788,	15,	0.3
30,	2,	1,	3,	37,	uso_300ms_35.wav,	5,	413,	11.87,	3.995159387588501,	15,	0.3
30,	2,	1,	3,	38,	uso_300ms_54.wav,	9,	417,	12.0,	2.545558214187622,	15,	0.3
30,	2,	1,	3,	39,	uso_300ms_21.wav,	8,	420,	12.1,	1.4945273399353027,	15,	0.3
30,	2,	1,	3,	40,	uso_300ms_30.wav,	7,	354,	9.9,	3.547567129135132,	15,	0.3
30,	2,	1,	3,	41,	uso_300ms_37.wav,	8,	379,	10.73,	2.7987442016601562,	15,	0.3
30,	2,	1,	3,	42,	uso_300ms_71.wav,	6,	417,	12.0,	2.8887908458709717,	15,	0.3
30,	2,	1,	3,	43,	uso_300ms_30.wav,	7,	336,	9.3,	4.897664308547974,	15,	0.3
30,	2,	1,	3,	44,	uso_300ms_75.wav,	9,	406,	11.63,	2.778834581375122,	15,	0.3
30,	2,	1,	3,	45,	uso_300ms_89.wav,	5,	375,	10.6,	2.8386306762695312,	15,	0.3
30,	2,	1,	3,	46,	uso_300ms_27.wav,	6,	290,	7.77,	3.84548282623291,	15,	0.3
30,	2,	1,	3,	47,	uso_300ms_57.wav,	9,	419,	12.07,	3.404921531677246,	15,	0.3
30,	2,	1,	3,	48,	uso_300ms_83.wav,	8,	423,	12.2,	1.2585315704345703,	15,	0.3
30,	2,	1,	3,	49,	uso_300ms_70.wav,	5,	403,	11.53,	2.0519933700561523,	15,	0.3
30,	2,	1,	3,	50,	uso_300ms_44.wav,	7,	411,	11.8,	1.403191328048706,	15,	0.3
30,	2,	1,	3,	51,	uso_300ms_93.wav,	5,	411,	11.8,	2.015188694000244,	15,	0.3
30,	2,	1,	3,	52,	uso_300ms_48.wav,	7,	418,	12.03,	1.4841294288635254,	15,	0.3
30,	2,	1,	3,	53,	uso_300ms_61.wav,	9,	421,	12.13,	1.0954015254974365,	15,	0.3
30,	2,	1,	3,	54,	uso_300ms_47.wav,	8,	424,	12.23,	1.2314717769622803,	15,	0.3
30,	2,	1,	3,	55,	uso_300ms_17.wav,	6,	390,	11.1,	2.4575231075286865,	15,	0.3
30,	2,	1,	3,	56,	uso_300ms_40.wav,	8,	400,	11.43,	1.9618968963623047,	15,	0.3
30,	2,	1,	3,	57,	uso_300ms_31.wav,	7,	402,	11.5,	2.5909600257873535,	15,	0.3
30,	2,	1,	3,	58,	uso_300ms_5.wav,	6,	402,	11.5,	1.5292556285858154,	15,	0.3
30,	2,	1,	3,	59,	uso_300ms_2.wav,	5,	395,	11.27,	1.7594914436340332,	15,	0.3
30,	2,	1,	3,	60,	uso_300ms_62.wav,	9,	418,	12.03,	1.8019156455993652,	15,	0.3
30,	2,	1,	3,	61,	uso_300ms_77.wav,	6,	420,	12.1,	2.0243170261383057,	15,	0.3
30,	2,	1,	3,	62,	uso_300ms_68.wav,	7,	426,	12.3,	1.5428211688995361,	15,	0.3
30,	2,	1,	3,	63,	uso_300ms_34.wav,	5,	429,	12.4,	1.7715775966644287,	15,	0.3
30,	2,	1,	3,	64,	uso_300ms_96.wav,	9,	434,	12.57,	1.383436679840088,	15,	0.3
30,	2,	1,	3,	65,	uso_300ms_74.wav,	8,	438,	12.7,	2.078061103820801,	15,	0.3
30,	2,	1,	3,	66,	uso_300ms_67.wav,	7,	442,	12.83,	3.1462574005126953,	15,	0.3
30,	2,	1,	3,	67,	uso_300ms_79.wav,	8,	449,	13.07,	2.0539369583129883,	15,	0.3
30,	2,	1,	3,	68,	uso_300ms_60.wav,	6,	414,	11.9,	1.9195225238800049,	15,	0.3
30,	2,	1,	3,	69,	uso_300ms_76.wav,	9,	431,	12.47,	3.8715312480926514,	15,	0.3
30,	2,	1,	3,	70,	uso_300ms_29.wav,	5,	436,	12.63,	2.0864901542663574,	15,	0.3
30,	2,	1,	3,	71,	uso_300ms_38.wav,	9,	441,	12.8,	2.241614818572998,	15,	0.3
30,	2,	1,	3,	72,	uso_300ms_20.wav,	7,	449,	13.07,	1.368276834487915,	15,	0.3
30,	2,	1,	3,	73,	uso_300ms_50.wav,	8,	427,	12.33,	2.5055325031280518,	15,	0.3
30,	2,	1,	3,	74,	uso_300ms_40.wav,	6,	439,	12.73,	2.893089532852173,	15,	0.3
30,	2,	1,	3,	75,	uso_300ms_36.wav,	5,	445,	12.93,	1.724581241607666,	15,	0.3
