sub_id,cond_id,block_id,task_id,event_id,stim_id,speaker_id,led_id,led_distance,response_time,n_reps,isi
30,	2,	6,	1,	1,	uso_300ms_80.wav,	7,	305,	8.27,	4.662078619003296,	15,	0.3
30,	2,	6,	1,	2,	uso_300ms_1.wav,	8,	347,	9.67,	2.0008628368377686,	15,	0.3
30,	2,	6,	1,	3,	uso_300ms_50.wav,	10,	284,	7.57,	2.4887008666992188,	15,	0.3
30,	2,	6,	1,	4,	uso_300ms_13.wav,	2,	119,	2.07,	3.6999778747558594,	15,	0.3
30,	2,	6,	1,	5,	uso_300ms_25.wav,	4,	168,	3.7,	1.545912504196167,	15,	0.3
30,	2,	6,	1,	6,	uso_300ms_72.wav,	5,	183,	4.2,	1.3271484375,	15,	0.3
30,	2,	6,	1,	7,	uso_300ms_43.wav,	0,	105,	1.6,	1.9193015098571777,	15,	0.3
30,	2,	6,	1,	8,	uso_300ms_76.wav,	9,	300,	8.1,	2.6454660892486572,	15,	0.3
30,	2,	6,	1,	9,	uso_300ms_4.wav,	3,	178,	4.03,	2.8849868774414062,	15,	0.3
30,	2,	6,	1,	10,	uso_300ms_85.wav,	1,	119,	2.07,	2.1850688457489014,	15,	0.3
30,	2,	6,	1,	11,	uso_300ms_30.wav,	6,	206,	4.97,	1.9762263298034668,	15,	0.3
30,	2,	6,	1,	12,	uso_300ms_11.wav,	0,	102,	1.5,	2.716240167617798,	15,	0.3
30,	2,	6,	1,	13,	uso_300ms_78.wav,	3,	234,	5.9,	2.3090641498565674,	15,	0.3
30,	2,	6,	1,	14,	uso_300ms_8.wav,	8,	286,	7.63,	1.7787866592407227,	15,	0.3
30,	2,	6,	1,	15,	uso_300ms_70.wav,	4,	218,	5.37,	2.1739814281463623,	15,	0.3
30,	2,	6,	1,	16,	uso_300ms_48.wav,	5,	259,	6.73,	2.453462600708008,	15,	0.3
30,	2,	6,	1,	17,	uso_300ms_21.wav,	10,	374,	10.57,	2.101799488067627,	15,	0.3
30,	2,	6,	1,	18,	uso_300ms_55.wav,	1,	156,	3.3,	2.5529890060424805,	15,	0.3
30,	2,	6,	1,	19,	uso_300ms_62.wav,	9,	222,	5.5,	1.472163438796997,	15,	0.3
30,	2,	6,	1,	20,	uso_300ms_27.wav,	2,	157,	3.33,	1.518772840499878,	15,	0.3
30,	2,	6,	1,	21,	uso_300ms_37.wav,	7,	218,	5.37,	1.4313085079193115,	15,	0.3
30,	2,	6,	1,	22,	uso_300ms_70.wav,	6,	241,	6.13,	1.8947465419769287,	15,	0.3
30,	2,	6,	1,	23,	uso_300ms_94.wav,	8,	287,	7.67,	1.6855401992797852,	15,	0.3
30,	2,	6,	1,	24,	uso_300ms_24.wav,	0,	130,	2.43,	2.340449333190918,	15,	0.3
30,	2,	6,	1,	25,	uso_300ms_38.wav,	9,	308,	8.37,	2.667574644088745,	15,	0.3
30,	2,	6,	1,	26,	uso_300ms_66.wav,	10,	359,	10.07,	2.3230316638946533,	15,	0.3
30,	2,	6,	1,	27,	uso_300ms_28.wav,	6,	200,	4.77,	2.9862630367279053,	15,	0.3
30,	2,	6,	1,	28,	uso_300ms_35.wav,	1,	148,	3.03,	2.536489248275757,	15,	0.3
30,	2,	6,	1,	29,	uso_300ms_22.wav,	2,	147,	3.0,	3.0273118019104004,	15,	0.3
30,	2,	6,	1,	30,	uso_300ms_31.wav,	5,	180,	4.1,	1.347837209701538,	15,	0.3
30,	2,	6,	1,	31,	uso_300ms_48.wav,	4,	185,	4.27,	1.3762421607971191,	15,	0.3
30,	2,	6,	1,	32,	uso_300ms_97.wav,	3,	144,	2.9,	2.207301139831543,	15,	0.3
30,	2,	6,	1,	33,	uso_300ms_78.wav,	7,	249,	6.4,	1.7887942790985107,	15,	0.3
30,	2,	6,	1,	34,	uso_300ms_31.wav,	6,	252,	6.5,	1.5786476135253906,	15,	0.3
30,	2,	6,	1,	35,	uso_300ms_96.wav,	4,	186,	4.3,	2.826754093170166,	15,	0.3
30,	2,	6,	1,	36,	uso_300ms_69.wav,	2,	138,	2.7,	2.4019579887390137,	15,	0.3
30,	2,	6,	1,	37,	uso_300ms_66.wav,	0,	119,	2.07,	1.565612554550171,	15,	0.3
30,	2,	6,	1,	38,	uso_300ms_48.wav,	7,	222,	5.5,	1.6153435707092285,	15,	0.3
30,	2,	6,	1,	39,	uso_300ms_80.wav,	8,	347,	9.67,	1.953355312347412,	15,	0.3
30,	2,	6,	1,	40,	uso_300ms_35.wav,	5,	347,	9.67,	1.149510383605957,	15,	0.3
30,	2,	6,	1,	41,	uso_300ms_43.wav,	3,	185,	4.27,	2.394425392150879,	15,	0.3
30,	2,	6,	1,	42,	uso_300ms_55.wav,	10,	296,	7.97,	1.998993158340454,	15,	0.3
30,	2,	6,	1,	43,	uso_300ms_73.wav,	9,	375,	10.6,	1.6875653266906738,	15,	0.3
30,	2,	6,	1,	44,	uso_300ms_74.wav,	1,	144,	2.9,	2.8531370162963867,	15,	0.3
30,	2,	6,	1,	45,	uso_300ms_32.wav,	10,	341,	9.47,	3.188704013824463,	15,	0.3
30,	2,	6,	1,	46,	uso_300ms_91.wav,	5,	311,	8.47,	2.2064948081970215,	15,	0.3
30,	2,	6,	1,	47,	uso_300ms_96.wav,	6,	210,	5.1,	3.045158863067627,	15,	0.3
30,	2,	6,	1,	48,	uso_300ms_48.wav,	2,	167,	3.67,	1.7477562427520752,	15,	0.3
30,	2,	6,	1,	49,	uso_300ms_16.wav,	1,	134,	2.57,	2.0344314575195312,	15,	0.3
30,	2,	6,	1,	50,	uso_300ms_26.wav,	0,	113,	1.87,	1.571357250213623,	15,	0.3
30,	2,	6,	1,	51,	uso_300ms_30.wav,	4,	179,	4.07,	1.5949454307556152,	15,	0.3
30,	2,	6,	1,	52,	uso_300ms_64.wav,	7,	383,	10.87,	2.2469351291656494,	15,	0.3
30,	2,	6,	1,	53,	uso_300ms_44.wav,	8,	360,	10.1,	1.8309855461120605,	15,	0.3
30,	2,	6,	1,	54,	uso_300ms_85.wav,	9,	383,	10.87,	1.6961979866027832,	15,	0.3
30,	2,	6,	1,	55,	uso_300ms_29.wav,	3,	246,	6.3,	2.1066465377807617,	15,	0.3
30,	2,	6,	1,	56,	uso_300ms_56.wav,	4,	274,	7.23,	1.3376975059509277,	15,	0.3
30,	2,	6,	1,	57,	uso_300ms_28.wav,	9,	320,	8.77,	1.541191816329956,	15,	0.3
30,	2,	6,	1,	58,	uso_300ms_35.wav,	8,	394,	11.23,	1.531820297241211,	15,	0.3
30,	2,	6,	1,	59,	uso_300ms_45.wav,	2,	193,	4.53,	2.2535219192504883,	15,	0.3
30,	2,	6,	1,	60,	uso_300ms_51.wav,	3,	226,	5.63,	1.2232933044433594,	15,	0.3
30,	2,	6,	1,	61,	uso_300ms_60.wav,	5,	241,	6.13,	1.4938814640045166,	15,	0.3
30,	2,	6,	1,	62,	uso_300ms_11.wav,	1,	156,	3.3,	2.330810785293579,	15,	0.3
30,	2,	6,	1,	63,	uso_300ms_39.wav,	6,	245,	6.27,	1.530409336090088,	15,	0.3
30,	2,	6,	1,	64,	uso_300ms_3.wav,	10,	351,	9.8,	1.5901787281036377,	15,	0.3
30,	2,	6,	1,	65,	uso_300ms_21.wav,	0,	144,	2.9,	2.721090793609619,	15,	0.3
30,	2,	6,	1,	66,	uso_300ms_58.wav,	7,	206,	4.97,	1.759904384613037,	15,	0.3
30,	2,	6,	1,	67,	uso_300ms_60.wav,	1,	163,	3.53,	1.3875153064727783,	15,	0.3
30,	2,	6,	1,	68,	uso_300ms_100.wav,	6,	237,	6.0,	1.4461591243743896,	15,	0.3
30,	2,	6,	1,	69,	uso_300ms_79.wav,	9,	308,	8.37,	1.6964311599731445,	15,	0.3
30,	2,	6,	1,	70,	uso_300ms_42.wav,	3,	184,	4.23,	2.881147623062134,	15,	0.3
30,	2,	6,	1,	71,	uso_300ms_25.wav,	10,	362,	10.17,	2.257728338241577,	15,	0.3
30,	2,	6,	1,	72,	uso_300ms_56.wav,	5,	253,	6.53,	2.7911994457244873,	15,	0.3
30,	2,	6,	1,	73,	uso_300ms_60.wav,	7,	290,	7.77,	1.608323097229004,	15,	0.3
30,	2,	6,	1,	74,	uso_300ms_39.wav,	8,	371,	10.47,	2.5132904052734375,	15,	0.3
30,	2,	6,	1,	75,	uso_300ms_36.wav,	4,	214,	5.23,	2.4151296615600586,	15,	0.3
30,	2,	6,	1,	76,	uso_300ms_31.wav,	0,	128,	2.37,	2.6143627166748047,	15,	0.3
30,	2,	6,	1,	77,	uso_300ms_13.wav,	2,	148,	3.03,	1.4683194160461426,	15,	0.3
30,	2,	6,	1,	78,	uso_300ms_42.wav,	9,	253,	6.53,	2.058293342590332,	15,	0.3
30,	2,	6,	1,	79,	uso_300ms_39.wav,	6,	280,	7.43,	1.364314079284668,	15,	0.3
30,	2,	6,	1,	80,	uso_300ms_27.wav,	4,	194,	4.57,	2.252936601638794,	15,	0.3
30,	2,	6,	1,	81,	uso_300ms_32.wav,	10,	390,	11.1,	2.2614059448242188,	15,	0.3
30,	2,	6,	1,	82,	uso_300ms_84.wav,	1,	171,	3.8,	3.3261637687683105,	15,	0.3
30,	2,	6,	1,	83,	uso_300ms_39.wav,	8,	278,	7.37,	1.7056655883789062,	15,	0.3
30,	2,	6,	1,	84,	uso_300ms_17.wav,	3,	213,	5.2,	1.7356724739074707,	15,	0.3
30,	2,	6,	1,	85,	uso_300ms_62.wav,	5,	238,	6.03,	1.2799999713897705,	15,	0.3
30,	2,	6,	1,	86,	uso_300ms_94.wav,	0,	134,	2.57,	2.391449451446533,	15,	0.3
30,	2,	6,	1,	87,	uso_300ms_51.wav,	2,	190,	4.43,	1.6387004852294922,	15,	0.3
30,	2,	6,	1,	88,	uso_300ms_41.wav,	7,	367,	10.33,	2.028723955154419,	15,	0.3
30,	2,	6,	1,	89,	uso_300ms_15.wav,	2,	183,	4.2,	2.294830083847046,	15,	0.3
30,	2,	6,	1,	90,	uso_300ms_5.wav,	8,	240,	6.1,	1.7261455059051514,	15,	0.3
30,	2,	6,	1,	91,	uso_300ms_18.wav,	3,	167,	3.67,	1.9230151176452637,	15,	0.3
30,	2,	6,	1,	92,	uso_300ms_28.wav,	0,	131,	2.47,	1.3723840713500977,	15,	0.3
30,	2,	6,	1,	93,	uso_300ms_60.wav,	6,	220,	5.43,	1.476111888885498,	15,	0.3
30,	2,	6,	1,	94,	uso_300ms_81.wav,	7,	314,	8.57,	2.058866262435913,	15,	0.3
30,	2,	6,	1,	95,	uso_300ms_51.wav,	5,	274,	7.23,	2.5413286685943604,	15,	0.3
30,	2,	6,	1,	96,	uso_300ms_8.wav,	4,	210,	5.1,	1.8978965282440186,	15,	0.3
30,	2,	6,	1,	97,	uso_300ms_12.wav,	1,	177,	4.0,	1.3427543640136719,	15,	0.3
30,	2,	6,	1,	98,	uso_300ms_80.wav,	9,	274,	7.23,	2.250154972076416,	15,	0.3
30,	2,	6,	1,	99,	uso_300ms_72.wav,	10,	335,	9.27,	1.4402334690093994,	15,	0.3
30,	2,	6,	1,	100,	uso_300ms_40.wav,	5,	337,	9.33,	2.016080379486084,	15,	0.3
30,	2,	6,	1,	101,	uso_300ms_87.wav,	6,	268,	7.03,	1.79506516456604,	15,	0.3
30,	2,	6,	1,	102,	uso_300ms_56.wav,	7,	302,	8.17,	1.3646430969238281,	15,	0.3
30,	2,	6,	1,	103,	uso_300ms_60.wav,	2,	193,	4.53,	2.1212549209594727,	15,	0.3
30,	2,	6,	1,	104,	uso_300ms_37.wav,	8,	279,	7.4,	1.6240713596343994,	15,	0.3
30,	2,	6,	1,	105,	uso_300ms_2.wav,	1,	154,	3.23,	2.510936737060547,	15,	0.3
30,	2,	6,	1,	106,	uso_300ms_22.wav,	9,	328,	9.03,	2.251736879348755,	15,	0.3
30,	2,	6,	1,	107,	uso_300ms_19.wav,	4,	266,	6.97,	1.753183126449585,	15,	0.3
30,	2,	6,	1,	108,	uso_300ms_87.wav,	0,	139,	2.73,	3.411393642425537,	15,	0.3
30,	2,	6,	1,	109,	uso_300ms_60.wav,	3,	174,	3.9,	2.0841915607452393,	15,	0.3
30,	2,	6,	1,	110,	uso_300ms_83.wav,	10,	350,	9.77,	2.479977607727051,	15,	0.3
30,	2,	6,	1,	111,	uso_300ms_48.wav,	2,	180,	4.1,	2.3415732383728027,	15,	0.3
30,	2,	6,	1,	112,	uso_300ms_71.wav,	4,	251,	6.47,	1.493149757385254,	15,	0.3
30,	2,	6,	1,	113,	uso_300ms_76.wav,	7,	351,	9.8,	2.3119900226593018,	15,	0.3
30,	2,	6,	1,	114,	uso_300ms_76.wav,	0,	135,	2.6,	2.8541102409362793,	15,	0.3
30,	2,	6,	1,	115,	uso_300ms_34.wav,	5,	201,	4.8,	1.4041855335235596,	15,	0.3
30,	2,	6,	1,	116,	uso_300ms_79.wav,	9,	358,	10.03,	1.9804589748382568,	15,	0.3
30,	2,	6,	1,	117,	uso_300ms_27.wav,	1,	140,	2.77,	3.0267324447631836,	15,	0.3
30,	2,	6,	1,	118,	uso_300ms_46.wav,	10,	283,	7.53,	4.025516033172607,	15,	0.3
30,	2,	6,	1,	119,	uso_300ms_43.wav,	8,	334,	9.23,	1.5966014862060547,	15,	0.3
30,	2,	6,	1,	120,	uso_300ms_100.wav,	6,	312,	8.5,	1.7005221843719482,	15,	0.3
30,	2,	6,	1,	121,	uso_300ms_29.wav,	3,	211,	5.13,	1.9116170406341553,	15,	0.3
30,	2,	6,	1,	122,	uso_300ms_58.wav,	7,	259,	6.73,	1.4067192077636719,	15,	0.3
30,	2,	6,	1,	123,	uso_300ms_11.wav,	8,	305,	8.27,	1.2697091102600098,	15,	0.3
30,	2,	6,	1,	124,	uso_300ms_80.wav,	10,	383,	10.87,	1.5547959804534912,	15,	0.3
30,	2,	6,	1,	125,	uso_300ms_6.wav,	3,	196,	4.63,	2.362680196762085,	15,	0.3
30,	2,	6,	1,	126,	uso_300ms_89.wav,	0,	128,	2.37,	1.524810552597046,	15,	0.3
30,	2,	6,	1,	127,	uso_300ms_96.wav,	2,	168,	3.7,	1.2332608699798584,	15,	0.3
30,	2,	6,	1,	128,	uso_300ms_54.wav,	9,	347,	9.67,	1.99790358543396,	15,	0.3
30,	2,	6,	1,	129,	uso_300ms_81.wav,	6,	297,	8.0,	2.4693198204040527,	15,	0.3
30,	2,	6,	1,	130,	uso_300ms_34.wav,	1,	187,	4.33,	2.666929006576538,	15,	0.3
30,	2,	6,	1,	131,	uso_300ms_55.wav,	4,	248,	6.37,	2.064945936203003,	15,	0.3
30,	2,	6,	1,	132,	uso_300ms_43.wav,	5,	321,	8.8,	2.3145885467529297,	15,	0.3
30,	2,	6,	1,	133,	uso_300ms_64.wav,	7,	393,	11.2,	1.625831127166748,	15,	0.3
30,	2,	6,	1,	134,	uso_300ms_65.wav,	8,	413,	11.87,	1.3894171714782715,	15,	0.3
30,	2,	6,	1,	135,	uso_300ms_48.wav,	10,	440,	12.77,	1.2315363883972168,	15,	0.3
30,	2,	6,	1,	136,	uso_300ms_77.wav,	5,	332,	9.17,	2.058759927749634,	15,	0.3
30,	2,	6,	1,	137,	uso_300ms_73.wav,	4,	249,	6.4,	1.5899646282196045,	15,	0.3
30,	2,	6,	1,	138,	uso_300ms_55.wav,	2,	200,	4.77,	1.5673184394836426,	15,	0.3
30,	2,	6,	1,	139,	uso_300ms_32.wav,	6,	265,	6.93,	1.4749352931976318,	15,	0.3
30,	2,	6,	1,	140,	uso_300ms_20.wav,	1,	150,	3.1,	2.4288361072540283,	15,	0.3
30,	2,	6,	1,	141,	uso_300ms_90.wav,	0,	119,	2.07,	1.6810967922210693,	15,	0.3
30,	2,	6,	1,	142,	uso_300ms_47.wav,	3,	147,	3.0,	1.6804313659667969,	15,	0.3
30,	2,	6,	1,	143,	uso_300ms_7.wav,	9,	275,	7.27,	1.5624628067016602,	15,	0.3
30,	2,	6,	1,	144,	uso_300ms_24.wav,	7,	241,	6.13,	1.8678994178771973,	15,	0.3
30,	2,	6,	1,	145,	uso_300ms_72.wav,	6,	266,	6.97,	1.9704267978668213,	15,	0.3
30,	2,	6,	1,	146,	uso_300ms_74.wav,	10,	340,	9.43,	1.7300527095794678,	15,	0.3
30,	2,	6,	1,	147,	uso_300ms_42.wav,	9,	347,	9.67,	2.9120140075683594,	15,	0.3
30,	2,	6,	1,	148,	uso_300ms_63.wav,	0,	128,	2.37,	3.297342300415039,	15,	0.3
30,	2,	6,	1,	149,	uso_300ms_93.wav,	8,	287,	7.67,	3.5966618061065674,	15,	0.3
30,	2,	6,	1,	150,	uso_300ms_58.wav,	1,	142,	2.83,	2.311610698699951,	15,	0.3
30,	2,	6,	1,	151,	uso_300ms_26.wav,	2,	166,	3.63,	1.5176334381103516,	15,	0.3
30,	2,	6,	1,	152,	uso_300ms_39.wav,	4,	224,	5.57,	1.3992931842803955,	15,	0.3
30,	2,	6,	1,	153,	uso_300ms_27.wav,	3,	192,	4.5,	1.4311559200286865,	15,	0.3
30,	2,	6,	1,	154,	uso_300ms_98.wav,	5,	270,	7.1,	1.5387601852416992,	15,	0.3
30,	2,	6,	1,	155,	uso_300ms_25.wav,	10,	395,	11.27,	1.6698658466339111,	15,	0.3
30,	2,	6,	1,	156,	uso_300ms_65.wav,	6,	277,	7.33,	2.8494324684143066,	15,	0.3
30,	2,	6,	1,	157,	uso_300ms_43.wav,	0,	128,	2.37,	2.4703633785247803,	15,	0.3
30,	2,	6,	1,	158,	uso_300ms_27.wav,	9,	271,	7.13,	1.799877405166626,	15,	0.3
30,	2,	6,	1,	159,	uso_300ms_46.wav,	5,	331,	9.13,	1.486978530883789,	15,	0.3
30,	2,	6,	1,	160,	uso_300ms_59.wav,	2,	216,	5.3,	2.143397092819214,	15,	0.3
30,	2,	6,	1,	161,	uso_300ms_9.wav,	8,	351,	9.8,	1.6984751224517822,	15,	0.3
30,	2,	6,	1,	162,	uso_300ms_64.wav,	1,	176,	3.97,	3.5409398078918457,	15,	0.3
30,	2,	6,	1,	163,	uso_300ms_100.wav,	7,	270,	7.1,	1.8992030620574951,	15,	0.3
30,	2,	6,	1,	164,	uso_300ms_28.wav,	4,	238,	6.03,	1.6033847332000732,	15,	0.3
30,	2,	6,	1,	165,	uso_300ms_53.wav,	3,	213,	5.2,	1.4493625164031982,	15,	0.3
