sub_id,cond_id,block_id,task_id,event_id,stim_id,speaker_id,led_id,led_distance,response_time,n_reps,isi
25,	1,	5,	2,	1,	uso_300ms_20.wav,	5,	439.87421000000006,	12.76,	nan,	90,	2
25,	1,	5,	2,	2,	uso_300ms_10.wav,	5,	394.158092,	11.24,	nan,	90,	2
25,	1,	5,	2,	3,	uso_300ms_91.wav,	5,	351.298317,	9.81,	nan,	90,	2
25,	1,	5,	2,	4,	uso_300ms_85.wav,	5,	267.0558579999999,	7.0,	nan,	90,	2
25,	1,	5,	2,	5,	uso_300ms_67.wav,	3,	220.89397299999982,	5.46,	nan,	90,	2
25,	1,	5,	2,	6,	uso_300ms_14.wav,	5,	270.9543259999998,	7.13,	nan,	90,	2
25,	1,	5,	2,	7,	uso_300ms_25.wav,	5,	255.2313249999997,	6.61,	nan,	90,	2
25,	1,	5,	2,	8,	uso_300ms_89.wav,	4,	224.38104399999975,	5.58,	nan,	90,	2
25,	1,	5,	2,	9,	uso_300ms_26.wav,	4,	224.38104399999975,	5.58,	nan,	90,	2
25,	1,	5,	2,	10,	uso_300ms_37.wav,	3,	193.49092599999975,	4.55,	nan,	90,	2
25,	1,	5,	2,	11,	uso_300ms_28.wav,	2,	169.2278269999999,	3.74,	nan,	90,	2
25,	1,	5,	2,	12,	uso_300ms_74.wav,	1,	147.82165200000003,	3.03,	nan,	90,	2
25,	1,	5,	2,	13,	uso_300ms_10.wav,	1,	118.4613700000001,	2.05,	nan,	90,	2
25,	1,	5,	2,	14,	uso_300ms_37.wav,	1,	99.14116700000025,	1.4,	nan,	90,	2
25,	1,	5,	2,	15,	uso_300ms_69.wav,	3,	194.49483800000039,	4.58,	nan,	90,	2
25,	1,	5,	2,	16,	uso_300ms_69.wav,	3,	215.9179180000002,	5.3,	nan,	90,	2
25,	1,	5,	2,	17,	uso_300ms_75.wav,	2,	188.90798400000008,	4.4,	nan,	90,	2
25,	1,	5,	2,	18,	uso_300ms_6.wav,	4,	224.2627369999999,	5.58,	nan,	90,	2
25,	1,	5,	2,	19,	uso_300ms_84.wav,	5,	265.06396599999954,	6.94,	nan,	90,	2
25,	1,	5,	2,	20,	uso_300ms_2.wav,	4,	248.29218299999948,	6.38,	nan,	90,	2
25,	1,	5,	2,	21,	uso_300ms_57.wav,	5,	318.08034899999916,	8.7,	nan,	90,	2
25,	1,	5,	2,	22,	uso_300ms_30.wav,	5,	273.0296019999994,	7.2,	nan,	90,	2
25,	1,	5,	2,	23,	uso_300ms_71.wav,	5,	253.35731999999942,	6.55,	nan,	90,	2
25,	1,	5,	2,	24,	uso_300ms_56.wav,	4,	238.27017799999948,	6.04,	nan,	90,	2
25,	1,	5,	2,	25,	uso_300ms_4.wav,	3,	201.5886799999994,	4.82,	nan,	90,	2
25,	1,	5,	2,	26,	uso_300ms_65.wav,	2,	167.90324499999946,	3.7,	nan,	90,	2
25,	1,	5,	2,	27,	uso_300ms_76.wav,	1,	146.92937599999948,	3.0,	nan,	90,	2
25,	1,	5,	2,	28,	uso_300ms_9.wav,	2,	191.28430899999947,	4.48,	nan,	90,	2
25,	1,	5,	2,	29,	uso_300ms_15.wav,	1,	141.23848799999945,	2.81,	nan,	90,	2
25,	1,	5,	2,	30,	uso_300ms_19.wav,	2,	182.40711899999928,	4.18,	nan,	90,	2
25,	1,	5,	2,	31,	uso_300ms_22.wav,	1,	145.6381909999991,	2.95,	nan,	90,	2
25,	1,	5,	2,	32,	uso_300ms_83.wav,	2,	179.31731199999896,	4.08,	nan,	90,	2
25,	1,	5,	2,	33,	uso_300ms_91.wav,	1,	109.08040399999892,	1.74,	nan,	90,	2
25,	1,	5,	2,	34,	uso_300ms_85.wav,	2,	167.0702379999989,	3.67,	nan,	90,	2
25,	1,	5,	2,	35,	uso_300ms_38.wav,	1,	133.67108899999894,	2.56,	nan,	90,	2
25,	1,	5,	2,	36,	uso_300ms_67.wav,	3,	195.53405799999902,	4.62,	nan,	90,	2
25,	1,	5,	2,	37,	uso_300ms_22.wav,	2,	172.77603599999912,	3.86,	nan,	90,	2
25,	1,	5,	2,	38,	uso_300ms_12.wav,	4,	230.11859399999915,	5.77,	nan,	90,	2
25,	1,	5,	2,	39,	uso_300ms_71.wav,	3,	199.05446299999943,	4.74,	nan,	90,	2
25,	1,	5,	2,	40,	uso_300ms_14.wav,	4,	242.02525799999947,	6.17,	nan,	90,	2
25,	1,	5,	2,	41,	uso_300ms_41.wav,	3,	201.3569309999996,	4.81,	nan,	90,	2
25,	1,	5,	2,	42,	uso_300ms_85.wav,	5,	264.67032799999953,	6.92,	nan,	90,	2
25,	1,	5,	2,	43,	uso_300ms_42.wav,	4,	240.78163799999953,	6.13,	nan,	90,	2
25,	1,	5,	2,	44,	uso_300ms_41.wav,	5,	273.3969129999996,	7.21,	nan,	90,	2
25,	1,	5,	2,	45,	uso_300ms_27.wav,	4,	245.6787049999995,	6.29,	nan,	90,	2
25,	1,	5,	2,	46,	uso_300ms_21.wav,	5,	284.39283499999954,	7.58,	nan,	90,	2
25,	1,	5,	2,	47,	uso_300ms_81.wav,	4,	233.5630839999995,	5.89,	nan,	90,	2
25,	1,	5,	2,	48,	uso_300ms_46.wav,	5,	302.65313999999944,	8.19,	nan,	90,	2
25,	1,	5,	2,	49,	uso_300ms_25.wav,	4,	227.08763599999943,	5.67,	nan,	90,	2
25,	1,	5,	2,	50,	uso_300ms_53.wav,	5,	302.86411299999935,	8.2,	nan,	90,	2
25,	1,	5,	2,	51,	uso_300ms_29.wav,	4,	240.34773599999934,	6.11,	nan,	90,	2
25,	1,	5,	2,	52,	uso_300ms_30.wav,	5,	302.2955939999995,	8.18,	nan,	90,	2
25,	1,	5,	2,	53,	uso_300ms_22.wav,	3,	209.9152359999992,	5.1,	nan,	90,	2
25,	1,	5,	2,	54,	uso_300ms_57.wav,	4,	248.85926699999933,	6.4,	nan,	90,	2
25,	1,	5,	2,	55,	uso_300ms_53.wav,	3,	215.6041989999993,	5.29,	nan,	90,	2
25,	1,	5,	2,	56,	uso_300ms_53.wav,	5,	264.8763939999996,	6.93,	nan,	90,	2
25,	1,	5,	2,	57,	uso_300ms_53.wav,	4,	234.62470400000038,	5.92,	nan,	90,	2
25,	1,	5,	2,	58,	uso_300ms_1.wav,	5,	310.62598600000007,	8.45,	nan,	90,	2
25,	1,	5,	2,	59,	uso_300ms_60.wav,	4,	230.83105400000002,	5.79,	nan,	90,	2
25,	1,	5,	2,	60,	uso_300ms_84.wav,	3,	195.184471,	4.61,	nan,	90,	2
25,	1,	5,	2,	61,	uso_300ms_8.wav,	1,	139.646065,	2.75,	nan,	90,	2
25,	1,	5,	2,	62,	uso_300ms_29.wav,	2,	177.3694430000001,	4.01,	nan,	90,	2
25,	1,	5,	2,	63,	uso_300ms_38.wav,	1,	149.33816000000024,	3.08,	nan,	90,	2
25,	1,	5,	2,	64,	uso_300ms_46.wav,	3,	195.54684000000023,	4.62,	nan,	90,	2
25,	1,	5,	2,	65,	uso_300ms_29.wav,	2,	178.67856200000026,	4.06,	nan,	90,	2
25,	1,	5,	2,	66,	uso_300ms_31.wav,	3,	212.42246800000032,	5.18,	nan,	90,	2
25,	1,	5,	2,	67,	uso_300ms_56.wav,	2,	173.46172800000033,	3.88,	nan,	90,	2
25,	1,	5,	2,	68,	uso_300ms_27.wav,	1,	125.47355000000013,	2.28,	nan,	90,	2
25,	1,	5,	2,	69,	uso_300ms_46.wav,	1,	144.51572000000007,	2.92,	nan,	90,	2
25,	1,	5,	2,	70,	uso_300ms_51.wav,	2,	191.76897500000007,	4.49,	nan,	90,	2
25,	1,	5,	2,	71,	uso_300ms_37.wav,	4,	231.22566500000013,	5.81,	nan,	90,	2
25,	1,	5,	2,	72,	uso_300ms_95.wav,	3,	215.97013800000016,	5.3,	nan,	90,	2
25,	1,	5,	2,	73,	uso_300ms_21.wav,	5,	281.86150200000066,	7.5,	nan,	90,	2
25,	1,	5,	2,	74,	uso_300ms_82.wav,	5,	257.4848350000002,	6.68,	nan,	90,	2
25,	1,	5,	2,	75,	uso_300ms_51.wav,	4,	230.8044330000001,	5.79,	nan,	90,	2
25,	1,	5,	2,	76,	uso_300ms_43.wav,	3,	212.91982499999986,	5.2,	nan,	90,	2
25,	1,	5,	2,	77,	uso_300ms_40.wav,	4,	237.91884800000005,	6.03,	nan,	90,	2
25,	1,	5,	2,	78,	uso_300ms_66.wav,	1,	140.09583599999996,	2.77,	nan,	90,	2
25,	1,	5,	2,	79,	uso_300ms_82.wav,	2,	179.2856859999998,	4.08,	nan,	90,	2
25,	1,	5,	2,	80,	uso_300ms_29.wav,	3,	205.82804799999974,	4.96,	nan,	90,	2
25,	1,	5,	2,	81,	uso_300ms_53.wav,	4,	249.13778999999954,	6.4,	nan,	90,	2
25,	1,	5,	2,	82,	uso_300ms_19.wav,	5,	294.94343799999984,	7.93,	nan,	90,	2
25,	1,	5,	2,	83,	uso_300ms_43.wav,	5,	270.89089900000084,	7.13,	nan,	90,	2
25,	1,	5,	2,	84,	uso_300ms_29.wav,	4,	242.88924700000052,	6.2,	nan,	90,	2
25,	1,	5,	2,	85,	uso_300ms_75.wav,	3,	201.15500900000018,	4.81,	nan,	90,	2
25,	1,	5,	2,	86,	uso_300ms_33.wav,	2,	180.65381500000015,	4.12,	nan,	90,	2
25,	1,	5,	2,	87,	uso_300ms_54.wav,	2,	163.6910020000002,	3.56,	nan,	90,	2
25,	1,	5,	2,	88,	uso_300ms_42.wav,	1,	156.12629100000015,	3.3,	nan,	90,	2
25,	1,	5,	2,	89,	uso_300ms_70.wav,	2,	187.37391999999986,	4.35,	nan,	90,	2
25,	1,	5,	2,	90,	uso_300ms_61.wav,	2,	181.3650009999996,	4.15,	nan,	90,	2
