sub_id,cond_id,block_id,task_id,event_id,stim_id,speaker_id,led_id,led_distance,response_time,n_reps,isi
25,	1,	4,	2,	1,	uso_300ms_83.wav,	3,	170,	3.77,	1.9314539432525635,	15,	0.3
25,	1,	4,	2,	2,	uso_300ms_65.wav,	1,	140,	2.77,	1.4892537593841553,	15,	0.3
25,	1,	4,	2,	3,	uso_300ms_80.wav,	4,	246,	6.3,	1.9816086292266846,	15,	0.3
25,	1,	4,	2,	4,	uso_300ms_21.wav,	5,	303,	8.2,	1.4527618885040283,	15,	0.3
25,	1,	4,	2,	5,	uso_300ms_44.wav,	2,	195,	4.6,	1.6587018966674805,	15,	0.3
25,	1,	4,	2,	6,	uso_300ms_54.wav,	3,	222,	5.5,	1.6527149677276611,	15,	0.3
25,	1,	4,	2,	7,	uso_300ms_37.wav,	1,	132,	2.5,	1.7030503749847412,	15,	0.3
25,	1,	4,	2,	8,	uso_300ms_33.wav,	5,	336,	9.3,	2.133718490600586,	15,	0.3
25,	1,	4,	2,	9,	uso_300ms_19.wav,	2,	256,	6.63,	1.497572422027588,	15,	0.3
25,	1,	4,	2,	10,	uso_300ms_50.wav,	4,	188,	4.37,	1.6565430164337158,	15,	0.3
25,	1,	4,	2,	11,	uso_300ms_61.wav,	2,	148,	3.03,	1.5214934349060059,	15,	0.3
25,	1,	4,	2,	12,	uso_300ms_36.wav,	1,	129,	2.4,	2.441957712173462,	15,	0.3
25,	1,	4,	2,	13,	uso_300ms_29.wav,	5,	337,	9.33,	2.2796945571899414,	15,	0.3
25,	1,	4,	2,	14,	uso_300ms_68.wav,	4,	286,	7.63,	2.1037983894348145,	15,	0.3
25,	1,	4,	2,	15,	uso_300ms_13.wav,	3,	241,	6.13,	1.2364957332611084,	15,	0.3
25,	1,	4,	2,	16,	uso_300ms_52.wav,	4,	289,	7.73,	1.4775714874267578,	15,	0.3
25,	1,	4,	2,	17,	uso_300ms_59.wav,	2,	194,	4.57,	2.3939368724823,	15,	0.3
25,	1,	4,	2,	18,	uso_300ms_22.wav,	3,	154,	3.23,	1.5855681896209717,	15,	0.3
25,	1,	4,	2,	19,	uso_300ms_42.wav,	5,	350,	9.77,	2.071756601333618,	15,	0.3
25,	1,	4,	2,	20,	uso_300ms_74.wav,	1,	194,	4.57,	1.8303816318511963,	15,	0.3
25,	1,	4,	2,	21,	uso_300ms_80.wav,	5,	334,	9.23,	2.030590295791626,	15,	0.3
25,	1,	4,	2,	22,	uso_300ms_2.wav,	3,	178,	4.03,	1.8900706768035889,	15,	0.3
25,	1,	4,	2,	23,	uso_300ms_39.wav,	1,	221,	5.47,	1.6317708492279053,	15,	0.3
25,	1,	4,	2,	24,	uso_300ms_78.wav,	4,	296,	7.97,	1.6152558326721191,	15,	0.3
25,	1,	4,	2,	25,	uso_300ms_64.wav,	2,	219,	5.4,	1.4365618228912354,	15,	0.3
25,	1,	4,	2,	26,	uso_300ms_30.wav,	5,	291,	7.8,	1.5888218879699707,	15,	0.3
25,	1,	4,	2,	27,	uso_300ms_62.wav,	2,	154,	3.23,	1.8839523792266846,	15,	0.3
25,	1,	4,	2,	28,	uso_300ms_45.wav,	4,	346,	9.63,	2.099381685256958,	15,	0.3
25,	1,	4,	2,	29,	uso_300ms_21.wav,	1,	194,	4.57,	1.7566096782684326,	15,	0.3
25,	1,	4,	2,	30,	uso_300ms_12.wav,	3,	242,	6.17,	2.660202741622925,	15,	0.3
25,	1,	4,	2,	31,	uso_300ms_80.wav,	5,	354,	9.9,	2.47281813621521,	15,	0.3
25,	1,	4,	2,	32,	uso_300ms_5.wav,	4,	201,	4.8,	1.714801549911499,	15,	0.3
25,	1,	4,	2,	33,	uso_300ms_93.wav,	1,	146,	2.97,	1.425560712814331,	15,	0.3
25,	1,	4,	2,	34,	uso_300ms_23.wav,	3,	230,	5.77,	1.553105354309082,	15,	0.3
25,	1,	4,	2,	35,	uso_300ms_19.wav,	2,	269,	7.07,	2.5467989444732666,	15,	0.3
25,	1,	4,	2,	36,	uso_300ms_23.wav,	4,	237,	6.0,	1.9764535427093506,	15,	0.3
25,	1,	4,	2,	37,	uso_300ms_14.wav,	3,	191,	4.47,	2.4596219062805176,	15,	0.3
25,	1,	4,	2,	38,	uso_300ms_43.wav,	2,	165,	3.6,	1.107569694519043,	15,	0.3
25,	1,	4,	2,	39,	uso_300ms_74.wav,	1,	133,	2.53,	1.4517624378204346,	15,	0.3
25,	1,	4,	2,	40,	uso_300ms_24.wav,	5,	287,	7.67,	1.976475477218628,	15,	0.3
25,	1,	4,	2,	41,	uso_300ms_20.wav,	1,	250,	6.43,	1.1237733364105225,	15,	0.3
25,	1,	4,	2,	42,	uso_300ms_55.wav,	2,	298,	8.03,	1.3274269104003906,	15,	0.3
25,	1,	4,	2,	43,	uso_300ms_82.wav,	3,	271,	7.13,	1.9454245567321777,	15,	0.3
25,	1,	4,	2,	44,	uso_300ms_83.wav,	4,	231,	5.8,	1.841613531112671,	15,	0.3
25,	1,	4,	2,	45,	uso_300ms_76.wav,	5,	386,	10.97,	2.5380921363830566,	15,	0.3
25,	1,	4,	2,	46,	uso_300ms_16.wav,	3,	249,	6.4,	1.7105391025543213,	15,	0.3
25,	1,	4,	2,	47,	uso_300ms_53.wav,	4,	299,	8.07,	1.2406563758850098,	15,	0.3
25,	1,	4,	2,	48,	uso_300ms_15.wav,	1,	172,	3.83,	1.5548279285430908,	15,	0.3
25,	1,	4,	2,	49,	uso_300ms_78.wav,	5,	236,	5.97,	1.3555822372436523,	15,	0.3
25,	1,	4,	2,	50,	uso_300ms_54.wav,	2,	264,	6.9,	2.245595932006836,	15,	0.3
25,	1,	4,	2,	51,	uso_300ms_38.wav,	1,	212,	5.17,	1.6460700035095215,	15,	0.3
25,	1,	4,	2,	52,	uso_300ms_72.wav,	3,	159,	3.4,	1.2666730880737305,	15,	0.3
25,	1,	4,	2,	53,	uso_300ms_45.wav,	4,	272,	7.17,	1.5436408519744873,	15,	0.3
25,	1,	4,	2,	54,	uso_300ms_91.wav,	5,	385,	10.93,	1.543976068496704,	15,	0.3
25,	1,	4,	2,	55,	uso_300ms_25.wav,	2,	167,	3.67,	2.1774065494537354,	15,	0.3
25,	1,	4,	2,	56,	uso_300ms_58.wav,	1,	148,	3.03,	5.4352028369903564,	15,	0.3
25,	1,	4,	2,	57,	uso_300ms_97.wav,	2,	133,	2.53,	3.1556668281555176,	15,	0.3
25,	1,	4,	2,	58,	uso_300ms_2.wav,	4,	232,	5.83,	2.205268144607544,	15,	0.3
25,	1,	4,	2,	59,	uso_300ms_94.wav,	3,	201,	4.8,	2.2906014919281006,	15,	0.3
25,	1,	4,	2,	60,	uso_300ms_13.wav,	5,	305,	8.27,	1.7904064655303955,	15,	0.3
25,	1,	4,	2,	61,	uso_300ms_94.wav,	3,	264,	6.9,	1.7757177352905273,	15,	0.3
25,	1,	4,	2,	62,	uso_300ms_20.wav,	1,	234,	5.9,	1.4107081890106201,	15,	0.3
25,	1,	4,	2,	63,	uso_300ms_78.wav,	4,	314,	8.57,	1.5605757236480713,	15,	0.3
25,	1,	4,	2,	64,	uso_300ms_14.wav,	2,	181,	4.13,	1.7464406490325928,	15,	0.3
25,	1,	4,	2,	65,	uso_300ms_10.wav,	5,	365,	10.27,	2.100607395172119,	15,	0.3
25,	1,	4,	2,	66,	uso_300ms_67.wav,	1,	226,	5.63,	1.6749591827392578,	15,	0.3
25,	1,	4,	2,	67,	uso_300ms_55.wav,	3,	262,	6.83,	2.0394160747528076,	15,	0.3
25,	1,	4,	2,	68,	uso_300ms_56.wav,	5,	350,	9.77,	1.4492340087890625,	15,	0.3
25,	1,	4,	2,	69,	uso_300ms_97.wav,	2,	208,	5.03,	1.6180994510650635,	15,	0.3
25,	1,	4,	2,	70,	uso_300ms_81.wav,	4,	282,	7.5,	1.3238880634307861,	15,	0.3
25,	1,	4,	2,	71,	uso_300ms_31.wav,	5,	361,	10.13,	1.4009912014007568,	15,	0.3
25,	1,	4,	2,	72,	uso_300ms_63.wav,	1,	178,	4.03,	1.931225299835205,	15,	0.3
25,	1,	4,	2,	73,	uso_300ms_63.wav,	2,	207,	5.0,	2.1888999938964844,	15,	0.3
25,	1,	4,	2,	74,	uso_300ms_59.wav,	4,	275,	7.27,	1.462264060974121,	15,	0.3
25,	1,	4,	2,	75,	uso_300ms_89.wav,	3,	238,	6.03,	2.050389051437378,	15,	0.3
