sub_id,cond_id,block_id,task_id,event_id,stim_id,speaker_id,led_id,led_distance,response_time,n_reps,isi
25,	1,	6,	1,	1,	uso_300ms_91.wav,	5,	90,	1.1,	0.20094943046569824,	15,	0.3
25,	1,	6,	1,	2,	uso_300ms_16.wav,	10,	343,	9.53,	3.2373287677764893,	15,	0.3
25,	1,	6,	1,	3,	uso_300ms_74.wav,	4,	260,	6.77,	1.8673961162567139,	15,	0.3
25,	1,	6,	1,	4,	uso_300ms_40.wav,	3,	187,	4.33,	2.0892128944396973,	15,	0.3
25,	1,	6,	1,	5,	uso_300ms_15.wav,	0,	135,	2.6,	1.4487321376800537,	15,	0.3
25,	1,	6,	1,	6,	uso_300ms_69.wav,	8,	331,	9.13,	2.9832801818847656,	15,	0.3
25,	1,	6,	1,	7,	uso_300ms_70.wav,	6,	252,	6.5,	1.726900339126587,	15,	0.3
25,	1,	6,	1,	8,	uso_300ms_89.wav,	2,	190,	4.43,	1.4564886093139648,	15,	0.3
25,	1,	6,	1,	9,	uso_300ms_38.wav,	7,	255,	6.6,	1.3040547370910645,	15,	0.3
25,	1,	6,	1,	10,	uso_300ms_8.wav,	1,	163,	3.53,	1.8787505626678467,	15,	0.3
25,	1,	6,	1,	11,	uso_300ms_100.wav,	9,	325,	8.93,	2.0159778594970703,	15,	0.3
25,	1,	6,	1,	12,	uso_300ms_97.wav,	6,	259,	6.73,	1.390512466430664,	15,	0.3
25,	1,	6,	1,	13,	uso_300ms_28.wav,	4,	207,	5.0,	1.8980998992919922,	15,	0.3
25,	1,	6,	1,	14,	uso_300ms_7.wav,	8,	346,	9.63,	1.9200842380523682,	15,	0.3
25,	1,	6,	1,	15,	uso_300ms_86.wav,	3,	237,	6.0,	1.5481970310211182,	15,	0.3
25,	1,	6,	1,	16,	uso_300ms_6.wav,	0,	139,	2.73,	3.246432304382324,	15,	0.3
25,	1,	6,	1,	17,	uso_300ms_78.wav,	10,	375,	10.6,	3.3159964084625244,	15,	0.3
25,	1,	6,	1,	18,	uso_300ms_72.wav,	2,	194,	4.57,	2.5877223014831543,	15,	0.3
25,	1,	6,	1,	19,	uso_300ms_10.wav,	5,	324,	8.9,	1.803513765335083,	15,	0.3
25,	1,	6,	1,	20,	uso_300ms_44.wav,	1,	145,	2.93,	2.4193098545074463,	15,	0.3
25,	1,	6,	1,	21,	uso_300ms_66.wav,	7,	411,	11.8,	2.605081796646118,	15,	0.3
25,	1,	6,	1,	22,	uso_300ms_45.wav,	9,	367,	10.33,	1.5475788116455078,	15,	0.3
25,	1,	6,	1,	23,	uso_300ms_31.wav,	5,	284,	7.57,	1.4491469860076904,	15,	0.3
25,	1,	6,	1,	24,	uso_300ms_15.wav,	1,	215,	5.27,	1.3313229084014893,	15,	0.3
25,	1,	6,	1,	25,	uso_300ms_79.wav,	7,	289,	7.73,	2.0842833518981934,	15,	0.3
25,	1,	6,	1,	26,	uso_300ms_13.wav,	9,	387,	11.0,	1.7176008224487305,	15,	0.3
25,	1,	6,	1,	27,	uso_300ms_72.wav,	4,	317,	8.67,	1.3551440238952637,	15,	0.3
25,	1,	6,	1,	28,	uso_300ms_42.wav,	0,	138,	2.7,	5.1965391635894775,	15,	0.3
25,	1,	6,	1,	29,	uso_300ms_1.wav,	8,	362,	10.17,	3.19073486328125,	15,	0.3
25,	1,	6,	1,	30,	uso_300ms_77.wav,	2,	184,	4.23,	1.969393253326416,	15,	0.3
25,	1,	6,	1,	31,	uso_300ms_5.wav,	10,	344,	9.57,	1.7489984035491943,	15,	0.3
25,	1,	6,	1,	32,	uso_300ms_63.wav,	6,	254,	6.57,	1.5137972831726074,	15,	0.3
25,	1,	6,	1,	33,	uso_300ms_29.wav,	3,	202,	4.83,	1.2405469417572021,	15,	0.3
25,	1,	6,	1,	34,	uso_300ms_41.wav,	5,	284,	7.57,	1.4870777130126953,	15,	0.3
25,	1,	6,	1,	35,	uso_300ms_90.wav,	2,	218,	5.37,	1.2148668766021729,	15,	0.3
25,	1,	6,	1,	36,	uso_300ms_43.wav,	8,	346,	9.63,	1.824458360671997,	15,	0.3
25,	1,	6,	1,	37,	uso_300ms_41.wav,	10,	429,	12.4,	1.5902066230773926,	15,	0.3
25,	1,	6,	1,	38,	uso_300ms_94.wav,	7,	277,	7.33,	2.3395254611968994,	15,	0.3
25,	1,	6,	1,	39,	uso_300ms_16.wav,	4,	217,	5.33,	1.3757004737854004,	15,	0.3
25,	1,	6,	1,	40,	uso_300ms_40.wav,	6,	255,	6.6,	1.3285081386566162,	15,	0.3
25,	1,	6,	1,	41,	uso_300ms_35.wav,	3,	207,	5.0,	3.042893409729004,	15,	0.3
25,	1,	6,	1,	42,	uso_300ms_64.wav,	1,	190,	4.43,	2.515500068664551,	15,	0.3
25,	1,	6,	1,	43,	uso_300ms_8.wav,	0,	146,	2.97,	1.504354476928711,	15,	0.3
25,	1,	6,	1,	44,	uso_300ms_45.wav,	9,	401,	11.47,	2.778729200363159,	15,	0.3
25,	1,	6,	1,	45,	uso_300ms_77.wav,	10,	371,	10.47,	1.7243990898132324,	15,	0.3
25,	1,	6,	1,	46,	uso_300ms_51.wav,	0,	130,	2.43,	3.8728249073028564,	15,	0.3
25,	1,	6,	1,	47,	uso_300ms_34.wav,	9,	352,	9.83,	2.3108155727386475,	15,	0.3
25,	1,	6,	1,	48,	uso_300ms_98.wav,	1,	190,	4.43,	2.024505853652954,	15,	0.3
25,	1,	6,	1,	49,	uso_300ms_4.wav,	4,	216,	5.3,	1.7819108963012695,	15,	0.3
25,	1,	6,	1,	50,	uso_300ms_87.wav,	6,	261,	6.8,	2.5673635005950928,	15,	0.3
25,	1,	6,	1,	51,	uso_300ms_68.wav,	7,	348,	9.7,	1.777695894241333,	15,	0.3
25,	1,	6,	1,	52,	uso_300ms_37.wav,	8,	284,	7.57,	2.182713270187378,	15,	0.3
25,	1,	6,	1,	53,	uso_300ms_44.wav,	3,	237,	6.0,	1.5597171783447266,	15,	0.3
25,	1,	6,	1,	54,	uso_300ms_69.wav,	5,	199,	4.73,	1.63496732711792,	15,	0.3
25,	1,	6,	1,	55,	uso_300ms_12.wav,	2,	178,	4.03,	2.542710781097412,	15,	0.3
25,	1,	6,	1,	56,	uso_300ms_13.wav,	6,	235,	5.93,	1.568171501159668,	15,	0.3
25,	1,	6,	1,	57,	uso_300ms_45.wav,	5,	277,	7.33,	1.4522171020507812,	15,	0.3
25,	1,	6,	1,	58,	uso_300ms_90.wav,	3,	247,	6.33,	4.067784070968628,	15,	0.3
25,	1,	6,	1,	59,	uso_300ms_22.wav,	2,	223,	5.53,	1.8243701457977295,	15,	0.3
25,	1,	6,	1,	60,	uso_300ms_51.wav,	7,	388,	11.03,	2.002356767654419,	15,	0.3
25,	1,	6,	1,	61,	uso_300ms_61.wav,	8,	360,	10.1,	2.18288254737854,	15,	0.3
25,	1,	6,	1,	62,	uso_300ms_59.wav,	0,	140,	2.77,	3.324540376663208,	15,	0.3
25,	1,	6,	1,	63,	uso_300ms_22.wav,	4,	254,	6.57,	1.7358150482177734,	15,	0.3
25,	1,	6,	1,	64,	uso_300ms_11.wav,	10,	408,	11.7,	2.110074758529663,	15,	0.3
25,	1,	6,	1,	65,	uso_300ms_31.wav,	1,	198,	4.7,	2.308577299118042,	15,	0.3
25,	1,	6,	1,	66,	uso_300ms_56.wav,	9,	327,	9.0,	2.2908875942230225,	15,	0.3
25,	1,	6,	1,	67,	uso_300ms_2.wav,	0,	138,	2.7,	2.589735746383667,	15,	0.3
25,	1,	6,	1,	68,	uso_300ms_68.wav,	5,	239,	6.07,	1.6113550662994385,	15,	0.3
25,	1,	6,	1,	69,	uso_300ms_98.wav,	2,	205,	4.93,	1.4430997371673584,	15,	0.3
25,	1,	6,	1,	70,	uso_300ms_98.wav,	3,	231,	5.8,	1.6742401123046875,	15,	0.3
25,	1,	6,	1,	71,	uso_300ms_87.wav,	4,	231,	5.8,	1.6510727405548096,	15,	0.3
25,	1,	6,	1,	72,	uso_300ms_40.wav,	7,	350,	9.77,	1.8999638557434082,	15,	0.3
25,	1,	6,	1,	73,	uso_300ms_43.wav,	10,	425,	12.27,	2.2684292793273926,	15,	0.3
25,	1,	6,	1,	74,	uso_300ms_73.wav,	9,	438,	12.7,	2.481214761734009,	15,	0.3
25,	1,	6,	1,	75,	uso_300ms_59.wav,	1,	179,	4.07,	3.648191213607788,	15,	0.3
25,	1,	6,	1,	76,	uso_300ms_33.wav,	6,	251,	6.47,	1.4037549495697021,	15,	0.3
25,	1,	6,	1,	77,	uso_300ms_56.wav,	8,	387,	11.0,	1.846682071685791,	15,	0.3
25,	1,	6,	1,	78,	uso_300ms_21.wav,	2,	312,	8.5,	1.4609167575836182,	15,	0.3
25,	1,	6,	1,	79,	uso_300ms_89.wav,	5,	241,	6.13,	1.6349902153015137,	15,	0.3
25,	1,	6,	1,	80,	uso_300ms_32.wav,	0,	117,	2.0,	1.9575920104980469,	15,	0.3
25,	1,	6,	1,	81,	uso_300ms_64.wav,	4,	206,	4.97,	1.652574062347412,	15,	0.3
25,	1,	6,	1,	82,	uso_300ms_12.wav,	8,	325,	8.93,	1.9961767196655273,	15,	0.3
25,	1,	6,	1,	83,	uso_300ms_85.wav,	3,	213,	5.2,	1.871842861175537,	15,	0.3
25,	1,	6,	1,	84,	uso_300ms_93.wav,	6,	261,	6.8,	1.5065827369689941,	15,	0.3
25,	1,	6,	1,	85,	uso_300ms_39.wav,	7,	397,	11.33,	1.910409927368164,	15,	0.3
25,	1,	6,	1,	86,	uso_300ms_97.wav,	9,	271,	7.13,	2.9582912921905518,	15,	0.3
25,	1,	6,	1,	87,	uso_300ms_51.wav,	1,	173,	3.87,	2.9779715538024902,	15,	0.3
25,	1,	6,	1,	88,	uso_300ms_32.wav,	10,	329,	9.07,	1.9889233112335205,	15,	0.3
25,	1,	6,	1,	89,	uso_300ms_7.wav,	4,	248,	6.37,	1.7975547313690186,	15,	0.3
25,	1,	6,	1,	90,	uso_300ms_36.wav,	10,	385,	10.93,	2.029798746109009,	15,	0.3
25,	1,	6,	1,	91,	uso_300ms_93.wav,	3,	233,	5.87,	2.043238401412964,	15,	0.3
25,	1,	6,	1,	92,	uso_300ms_45.wav,	8,	352,	9.83,	1.7917370796203613,	15,	0.3
25,	1,	6,	1,	93,	uso_300ms_95.wav,	7,	304,	8.23,	2.3983311653137207,	15,	0.3
25,	1,	6,	1,	94,	uso_300ms_46.wav,	2,	194,	4.57,	2.0635664463043213,	15,	0.3
25,	1,	6,	1,	95,	uso_300ms_35.wav,	1,	149,	3.07,	1.2309999465942383,	15,	0.3
25,	1,	6,	1,	96,	uso_300ms_16.wav,	5,	255,	6.6,	1.6013672351837158,	15,	0.3
25,	1,	6,	1,	97,	uso_300ms_93.wav,	0,	124,	2.23,	1.5829293727874756,	15,	0.3
25,	1,	6,	1,	98,	uso_300ms_71.wav,	6,	197,	4.67,	1.224792718887329,	15,	0.3
25,	1,	6,	1,	99,	uso_300ms_86.wav,	9,	353,	9.87,	1.8746774196624756,	15,	0.3
25,	1,	6,	1,	100,	uso_300ms_38.wav,	5,	253,	6.53,	1.3627526760101318,	15,	0.3
25,	1,	6,	1,	101,	uso_300ms_7.wav,	7,	330,	9.1,	1.268721103668213,	15,	0.3
25,	1,	6,	1,	102,	uso_300ms_7.wav,	9,	366,	10.3,	1.1301791667938232,	15,	0.3
25,	1,	6,	1,	103,	uso_300ms_57.wav,	4,	307,	8.33,	1.257784128189087,	15,	0.3
25,	1,	6,	1,	104,	uso_300ms_84.wav,	0,	159,	3.4,	1.835254430770874,	15,	0.3
25,	1,	6,	1,	105,	uso_300ms_13.wav,	1,	184,	4.23,	1.2029688358306885,	15,	0.3
25,	1,	6,	1,	106,	uso_300ms_36.wav,	2,	184,	4.23,	2.174534797668457,	15,	0.3
25,	1,	6,	1,	107,	uso_300ms_24.wav,	10,	338,	9.37,	1.9717519283294678,	15,	0.3
25,	1,	6,	1,	108,	uso_300ms_19.wav,	3,	262,	6.83,	2.0076587200164795,	15,	0.3
25,	1,	6,	1,	109,	uso_300ms_99.wav,	6,	301,	8.13,	1.4266512393951416,	15,	0.3
25,	1,	6,	1,	110,	uso_300ms_26.wav,	8,	301,	8.13,	1.3625483512878418,	15,	0.3
25,	1,	6,	1,	111,	uso_300ms_54.wav,	9,	381,	10.8,	1.4505574703216553,	15,	0.3
25,	1,	6,	1,	112,	uso_300ms_31.wav,	6,	338,	9.37,	1.942201852798462,	15,	0.3
25,	1,	6,	1,	113,	uso_300ms_23.wav,	8,	246,	6.3,	3.321911573410034,	15,	0.3
25,	1,	6,	1,	114,	uso_300ms_87.wav,	10,	425,	12.27,	1.9524822235107422,	15,	0.3
25,	1,	6,	1,	115,	uso_300ms_56.wav,	4,	316,	8.63,	1.4753615856170654,	15,	0.3
25,	1,	6,	1,	116,	uso_300ms_95.wav,	2,	208,	5.03,	1.3922159671783447,	15,	0.3
25,	1,	6,	1,	117,	uso_300ms_68.wav,	1,	166,	3.63,	1.3426244258880615,	15,	0.3
25,	1,	6,	1,	118,	uso_300ms_34.wav,	0,	108,	1.7,	1.458486795425415,	15,	0.3
25,	1,	6,	1,	119,	uso_300ms_84.wav,	5,	266,	6.97,	2.1366727352142334,	15,	0.3
25,	1,	6,	1,	120,	uso_300ms_53.wav,	3,	211,	5.13,	1.8199491500854492,	15,	0.3
25,	1,	6,	1,	121,	uso_300ms_33.wav,	7,	379,	10.73,	1.9428138732910156,	15,	0.3
25,	1,	6,	1,	122,	uso_300ms_50.wav,	2,	237,	6.0,	1.6167199611663818,	15,	0.3
25,	1,	6,	1,	123,	uso_300ms_66.wav,	4,	278,	7.37,	1.4068055152893066,	15,	0.3
25,	1,	6,	1,	124,	uso_300ms_59.wav,	8,	386,	10.97,	1.6321468353271484,	15,	0.3
25,	1,	6,	1,	125,	uso_300ms_61.wav,	5,	216,	5.3,	2.5168967247009277,	15,	0.3
25,	1,	6,	1,	126,	uso_300ms_51.wav,	7,	424,	12.23,	2.153437614440918,	15,	0.3
25,	1,	6,	1,	127,	uso_300ms_34.wav,	6,	293,	7.87,	2.0677013397216797,	15,	0.3
25,	1,	6,	1,	128,	uso_300ms_9.wav,	10,	427,	12.33,	1.8174242973327637,	15,	0.3
25,	1,	6,	1,	129,	uso_300ms_74.wav,	0,	149,	3.07,	3.252655267715454,	15,	0.3
25,	1,	6,	1,	130,	uso_300ms_29.wav,	3,	188,	4.37,	1.2514147758483887,	15,	0.3
25,	1,	6,	1,	131,	uso_300ms_72.wav,	1,	143,	2.87,	1.1623506546020508,	15,	0.3
25,	1,	6,	1,	132,	uso_300ms_81.wav,	9,	299,	8.07,	1.790583848953247,	15,	0.3
25,	1,	6,	1,	133,	uso_300ms_31.wav,	8,	347,	9.67,	1.5368647575378418,	15,	0.3
25,	1,	6,	1,	134,	uso_300ms_47.wav,	9,	316,	8.63,	2.024247169494629,	15,	0.3
25,	1,	6,	1,	135,	uso_300ms_1.wav,	4,	210,	5.1,	1.874065637588501,	15,	0.3
25,	1,	6,	1,	136,	uso_300ms_28.wav,	6,	243,	6.2,	1.7635853290557861,	15,	0.3
25,	1,	6,	1,	137,	uso_300ms_35.wav,	2,	222,	5.5,	2.2602250576019287,	15,	0.3
25,	1,	6,	1,	138,	uso_300ms_89.wav,	3,	181,	4.13,	1.565964937210083,	15,	0.3
25,	1,	6,	1,	139,	uso_300ms_92.wav,	5,	181,	4.13,	1.1275317668914795,	15,	0.3
25,	1,	6,	1,	140,	uso_300ms_56.wav,	0,	138,	2.7,	1.5685837268829346,	15,	0.3
25,	1,	6,	1,	141,	uso_300ms_15.wav,	7,	252,	6.5,	1.7681365013122559,	15,	0.3
25,	1,	6,	1,	142,	uso_300ms_68.wav,	10,	343,	9.53,	1.641432285308838,	15,	0.3
25,	1,	6,	1,	143,	uso_300ms_54.wav,	1,	189,	4.4,	1.871858835220337,	15,	0.3
25,	1,	6,	1,	144,	uso_300ms_17.wav,	10,	373,	10.53,	2.056328773498535,	15,	0.3
25,	1,	6,	1,	145,	uso_300ms_92.wav,	1,	139,	2.73,	2.903707504272461,	15,	0.3
25,	1,	6,	1,	146,	uso_300ms_70.wav,	8,	298,	8.03,	3.0642898082733154,	15,	0.3
25,	1,	6,	1,	147,	uso_300ms_75.wav,	6,	265,	6.93,	1.2262024879455566,	15,	0.3
25,	1,	6,	1,	148,	uso_300ms_32.wav,	9,	355,	9.93,	1.497640609741211,	15,	0.3
25,	1,	6,	1,	149,	uso_300ms_82.wav,	2,	253,	6.53,	1.416020393371582,	15,	0.3
25,	1,	6,	1,	150,	uso_300ms_89.wav,	0,	127,	2.33,	1.7324092388153076,	15,	0.3
25,	1,	6,	1,	151,	uso_300ms_52.wav,	4,	240,	6.1,	1.6413578987121582,	15,	0.3
25,	1,	6,	1,	152,	uso_300ms_19.wav,	3,	208,	5.03,	2.642746925354004,	15,	0.3
25,	1,	6,	1,	153,	uso_300ms_30.wav,	5,	236,	5.97,	1.3164942264556885,	15,	0.3
25,	1,	6,	1,	154,	uso_300ms_66.wav,	7,	328,	9.03,	2.611124277114868,	15,	0.3
25,	1,	6,	1,	155,	uso_300ms_62.wav,	8,	358,	10.03,	1.279418706893921,	15,	0.3
25,	1,	6,	1,	156,	uso_300ms_76.wav,	6,	401,	11.47,	1.2373733520507812,	15,	0.3
25,	1,	6,	1,	157,	uso_300ms_23.wav,	2,	217,	5.33,	2.051004648208618,	15,	0.3
25,	1,	6,	1,	158,	uso_300ms_55.wav,	4,	266,	6.97,	1.2091641426086426,	15,	0.3
25,	1,	6,	1,	159,	uso_300ms_68.wav,	3,	236,	5.97,	3.16843843460083,	15,	0.3
25,	1,	6,	1,	160,	uso_300ms_59.wav,	10,	396,	11.3,	2.2549874782562256,	15,	0.3
25,	1,	6,	1,	161,	uso_300ms_40.wav,	7,	315,	8.6,	1.4416067600250244,	15,	0.3
25,	1,	6,	1,	162,	uso_300ms_66.wav,	5,	269,	7.07,	1.3722355365753174,	15,	0.3
25,	1,	6,	1,	163,	uso_300ms_30.wav,	1,	149,	3.07,	2.009472370147705,	15,	0.3
25,	1,	6,	1,	164,	uso_300ms_6.wav,	9,	247,	6.33,	1.4939978122711182,	15,	0.3
25,	1,	6,	1,	165,	uso_300ms_88.wav,	0,	115,	1.93,	2.4087841510772705,	15,	0.3
