sub_id,cond_id,block_id,task_id,event_id,stim_id,speaker_id,led_id,led_distance,response_time,n_reps,isi
25,	1,	1,	2,	1,	uso_300ms_43.wav,	1,	87,	1.0,	0.2002267837524414,	15,	0.3
25,	1,	1,	2,	2,	uso_300ms_47.wav,	3,	256,	6.63,	4.37506365776062,	15,	0.3
25,	1,	1,	2,	3,	uso_300ms_5.wav,	2,	348,	9.7,	2.34352445602417,	15,	0.3
25,	1,	1,	2,	4,	uso_300ms_82.wav,	4,	414,	11.9,	1.970705270767212,	15,	0.3
25,	1,	1,	2,	5,	uso_300ms_28.wav,	5,	447,	13.0,	1.8959765434265137,	15,	0.3
25,	1,	1,	2,	6,	uso_300ms_44.wav,	2,	408,	11.7,	1.9807155132293701,	15,	0.3
25,	1,	1,	2,	7,	uso_300ms_84.wav,	5,	427,	12.33,	1.8874847888946533,	15,	0.3
25,	1,	1,	2,	8,	uso_300ms_87.wav,	1,	239,	6.07,	2.9220898151397705,	15,	0.3
25,	1,	1,	2,	9,	uso_300ms_8.wav,	3,	284,	7.57,	1.8825554847717285,	15,	0.3
25,	1,	1,	2,	10,	uso_300ms_5.wav,	4,	305,	8.27,	2.548800468444824,	15,	0.3
25,	1,	1,	2,	11,	uso_300ms_99.wav,	1,	337,	9.33,	2.5726640224456787,	15,	0.3
25,	1,	1,	2,	12,	uso_300ms_51.wav,	3,	366,	10.3,	1.8527522087097168,	15,	0.3
25,	1,	1,	2,	13,	uso_300ms_17.wav,	5,	262,	6.83,	2.57951283454895,	15,	0.3
25,	1,	1,	2,	14,	uso_300ms_27.wav,	2,	282,	7.5,	1.2399027347564697,	15,	0.3
25,	1,	1,	2,	15,	uso_300ms_57.wav,	4,	311,	8.47,	1.3632371425628662,	15,	0.3
25,	1,	1,	2,	16,	uso_300ms_50.wav,	3,	231,	5.8,	2.170588254928589,	15,	0.3
25,	1,	1,	2,	17,	uso_300ms_13.wav,	4,	270,	7.1,	1.2879054546356201,	15,	0.3
25,	1,	1,	2,	18,	uso_300ms_32.wav,	1,	311,	8.47,	1.4269304275512695,	15,	0.3
25,	1,	1,	2,	19,	uso_300ms_62.wav,	2,	349,	9.73,	2.191358804702759,	15,	0.3
25,	1,	1,	2,	20,	uso_300ms_43.wav,	5,	385,	10.93,	1.9811561107635498,	15,	0.3
25,	1,	1,	2,	21,	uso_300ms_69.wav,	4,	111,	1.8,	4.23448920249939,	15,	0.3
25,	1,	1,	2,	22,	uso_300ms_99.wav,	3,	134,	2.57,	1.2761452198028564,	15,	0.3
25,	1,	1,	2,	23,	uso_300ms_25.wav,	2,	111,	1.8,	1.990647554397583,	15,	0.3
25,	1,	1,	2,	24,	uso_300ms_51.wav,	1,	182,	4.17,	1.259481430053711,	15,	0.3
25,	1,	1,	2,	25,	uso_300ms_51.wav,	5,	412,	11.83,	3.2666330337524414,	15,	0.3
25,	1,	1,	2,	26,	uso_300ms_51.wav,	3,	395,	11.27,	1.3722598552703857,	15,	0.3
25,	1,	1,	2,	27,	uso_300ms_12.wav,	5,	371,	10.47,	2.2481861114501953,	15,	0.3
25,	1,	1,	2,	28,	uso_300ms_9.wav,	1,	145,	2.93,	3.4856998920440674,	15,	0.3
25,	1,	1,	2,	29,	uso_300ms_57.wav,	2,	224,	5.57,	2.187363386154175,	15,	0.3
25,	1,	1,	2,	30,	uso_300ms_77.wav,	4,	192,	4.5,	2.1349058151245117,	15,	0.3
25,	1,	1,	2,	31,	uso_300ms_68.wav,	2,	278,	7.37,	1.3599967956542969,	15,	0.3
25,	1,	1,	2,	32,	uso_300ms_38.wav,	5,	206,	4.97,	2.417665481567383,	15,	0.3
25,	1,	1,	2,	33,	uso_300ms_86.wav,	1,	135,	2.6,	1.7163491249084473,	15,	0.3
25,	1,	1,	2,	34,	uso_300ms_63.wav,	3,	209,	5.07,	1.418074607849121,	15,	0.3
25,	1,	1,	2,	35,	uso_300ms_31.wav,	4,	296,	7.97,	1.5153467655181885,	15,	0.3
25,	1,	1,	2,	36,	uso_300ms_2.wav,	5,	275,	7.27,	2.0926401615142822,	15,	0.3
25,	1,	1,	2,	37,	uso_300ms_39.wav,	2,	361,	10.13,	1.5994267463684082,	15,	0.3
25,	1,	1,	2,	38,	uso_300ms_56.wav,	1,	253,	6.53,	3.216327428817749,	15,	0.3
25,	1,	1,	2,	39,	uso_300ms_83.wav,	4,	234,	5.9,	1.9563992023468018,	15,	0.3
25,	1,	1,	2,	40,	uso_300ms_13.wav,	3,	293,	7.87,	2.371392011642456,	15,	0.3
25,	1,	1,	2,	41,	uso_300ms_55.wav,	1,	137,	2.67,	2.2892370223999023,	15,	0.3
25,	1,	1,	2,	42,	uso_300ms_71.wav,	5,	311,	8.47,	2.2007055282592773,	15,	0.3
25,	1,	1,	2,	43,	uso_300ms_13.wav,	4,	272,	7.17,	1.6291706562042236,	15,	0.3
25,	1,	1,	2,	44,	uso_300ms_80.wav,	3,	378,	10.7,	1.3593647480010986,	15,	0.3
25,	1,	1,	2,	45,	uso_300ms_18.wav,	2,	349,	9.73,	1.2882342338562012,	15,	0.3
25,	1,	1,	2,	46,	uso_300ms_98.wav,	5,	422,	12.17,	1.4622564315795898,	15,	0.3
25,	1,	1,	2,	47,	uso_300ms_68.wav,	3,	435,	12.6,	1.7152199745178223,	15,	0.3
25,	1,	1,	2,	48,	uso_300ms_4.wav,	4,	440,	12.77,	2.3365182876586914,	15,	0.3
25,	1,	1,	2,	49,	uso_300ms_41.wav,	2,	452,	13.17,	2.7477242946624756,	15,	0.3
25,	1,	1,	2,	50,	uso_300ms_64.wav,	1,	369,	10.4,	1.8206286430358887,	15,	0.3
25,	1,	1,	2,	51,	uso_300ms_25.wav,	4,	395,	11.27,	2.1845970153808594,	15,	0.3
25,	1,	1,	2,	52,	uso_300ms_32.wav,	3,	311,	8.47,	2.7024412155151367,	15,	0.3
25,	1,	1,	2,	53,	uso_300ms_4.wav,	2,	344,	9.57,	1.2966258525848389,	15,	0.3
25,	1,	1,	2,	54,	uso_300ms_88.wav,	5,	383,	10.87,	1.1171634197235107,	15,	0.3
25,	1,	1,	2,	55,	uso_300ms_65.wav,	1,	210,	5.1,	2.2062151432037354,	15,	0.3
25,	1,	1,	2,	56,	uso_300ms_13.wav,	4,	172,	3.83,	1.6642277240753174,	15,	0.3
25,	1,	1,	2,	57,	uso_300ms_80.wav,	2,	229,	5.73,	1.6351780891418457,	15,	0.3
25,	1,	1,	2,	58,	uso_300ms_66.wav,	5,	399,	11.4,	3.2053449153900146,	15,	0.3
25,	1,	1,	2,	59,	uso_300ms_57.wav,	3,	421,	12.13,	1.5926790237426758,	15,	0.3
25,	1,	1,	2,	60,	uso_300ms_7.wav,	1,	395,	11.27,	1.4440321922302246,	15,	0.3
25,	1,	1,	2,	61,	uso_300ms_55.wav,	3,	361,	10.13,	1.3752095699310303,	15,	0.3
25,	1,	1,	2,	62,	uso_300ms_54.wav,	1,	334,	9.23,	1.3110239505767822,	15,	0.3
25,	1,	1,	2,	63,	uso_300ms_4.wav,	5,	397,	11.33,	1.4431555271148682,	15,	0.3
25,	1,	1,	2,	64,	uso_300ms_59.wav,	4,	380,	10.77,	1.3626987934112549,	15,	0.3
25,	1,	1,	2,	65,	uso_300ms_60.wav,	2,	269,	7.07,	2.7315423488616943,	15,	0.3
25,	1,	1,	2,	66,	uso_300ms_85.wav,	1,	201,	4.8,	2.7066221237182617,	15,	0.3
25,	1,	1,	2,	67,	uso_300ms_5.wav,	5,	335,	9.27,	1.8443937301635742,	15,	0.3
25,	1,	1,	2,	68,	uso_300ms_75.wav,	4,	348,	9.7,	1.6684045791625977,	15,	0.3
25,	1,	1,	2,	69,	uso_300ms_10.wav,	2,	374,	10.57,	1.5347740650177002,	15,	0.3
25,	1,	1,	2,	70,	uso_300ms_91.wav,	3,	405,	11.6,	2.641883373260498,	15,	0.3
25,	1,	1,	2,	71,	uso_300ms_91.wav,	5,	280,	7.43,	2.73818302154541,	15,	0.3
25,	1,	1,	2,	72,	uso_300ms_71.wav,	1,	333,	9.2,	2.7358617782592773,	15,	0.3
25,	1,	1,	2,	73,	uso_300ms_2.wav,	4,	378,	10.7,	1.225764274597168,	15,	0.3
25,	1,	1,	2,	74,	uso_300ms_1.wav,	3,	230,	5.77,	2.0223848819732666,	15,	0.3
25,	1,	1,	2,	75,	uso_300ms_10.wav,	2,	387,	11.0,	2.108612537384033,	15,	0.3
