sub_id,cond_id,block_id,task_id,event_id,stim_id,speaker_id,led_id,led_distance,response_time,n_reps,isi
25,	1,	3,	2,	1,	uso_300ms_84.wav,	1,	90.09536100000011,	1.1,	nan,	90,	2
25,	1,	3,	2,	2,	uso_300ms_43.wav,	2,	164.86983700000025,	3.6,	nan,	90,	2
25,	1,	3,	2,	3,	uso_300ms_11.wav,	4,	235.20895900000025,	5.94,	nan,	90,	2
25,	1,	3,	2,	4,	uso_300ms_67.wav,	1,	149.51061200000026,	3.08,	nan,	90,	2
25,	1,	3,	2,	5,	uso_300ms_56.wav,	1,	107.40419100000025,	1.68,	nan,	90,	2
25,	1,	3,	2,	6,	uso_300ms_98.wav,	2,	163.15641200000022,	3.54,	nan,	90,	2
25,	1,	3,	2,	7,	uso_300ms_99.wav,	1,	143.77276800000018,	2.89,	nan,	90,	2
25,	1,	3,	2,	8,	uso_300ms_57.wav,	2,	164.94500300000018,	3.6,	nan,	90,	2
25,	1,	3,	2,	9,	uso_300ms_75.wav,	1,	157.1690810000001,	3.34,	nan,	90,	2
25,	1,	3,	2,	10,	uso_300ms_82.wav,	3,	193.1854180000001,	4.54,	nan,	90,	2
25,	1,	3,	2,	11,	uso_300ms_38.wav,	2,	163.9144140000002,	3.56,	nan,	90,	2
25,	1,	3,	2,	12,	uso_300ms_34.wav,	1,	143.86799600000003,	2.9,	nan,	90,	2
25,	1,	3,	2,	13,	uso_300ms_41.wav,	4,	231.54917700000007,	5.82,	nan,	90,	2
25,	1,	3,	2,	14,	uso_300ms_78.wav,	2,	188.4514650000001,	4.38,	nan,	90,	2
25,	1,	3,	2,	15,	uso_300ms_37.wav,	4,	239.4656170000001,	6.08,	nan,	90,	2
25,	1,	3,	2,	16,	uso_300ms_69.wav,	3,	198.98471500000008,	4.73,	nan,	90,	2
25,	1,	3,	2,	17,	uso_300ms_100.wav,	5,	364.21387000000004,	10.24,	nan,	90,	2
25,	1,	3,	2,	18,	uso_300ms_10.wav,	5,	418.7855970000001,	12.06,	nan,	90,	2
25,	1,	3,	2,	19,	uso_300ms_19.wav,	5,	455.2556040000002,	13.28,	nan,	90,	2
25,	1,	3,	2,	20,	uso_300ms_100.wav,	5,	426.82490799999994,	12.33,	nan,	90,	2
25,	1,	3,	2,	21,	uso_300ms_4.wav,	5,	324.7795729999999,	8.93,	nan,	90,	2
25,	1,	3,	2,	22,	uso_300ms_2.wav,	5,	287.09401599999995,	7.67,	nan,	90,	2
25,	1,	3,	2,	23,	uso_300ms_9.wav,	5,	263.2338369999998,	6.87,	nan,	90,	2
25,	1,	3,	2,	24,	uso_300ms_45.wav,	4,	229.5992359999998,	5.75,	nan,	90,	2
25,	1,	3,	2,	25,	uso_300ms_61.wav,	2,	169.8364769999998,	3.76,	nan,	90,	2
25,	1,	3,	2,	26,	uso_300ms_55.wav,	4,	236.91210799999985,	6.0,	nan,	90,	2
25,	1,	3,	2,	27,	uso_300ms_8.wav,	5,	264.57149499999986,	6.92,	nan,	90,	2
25,	1,	3,	2,	28,	uso_300ms_99.wav,	3,	217.59490099999977,	5.35,	nan,	90,	2
25,	1,	3,	2,	29,	uso_300ms_100.wav,	1,	161.21735599999982,	3.47,	nan,	90,	2
25,	1,	3,	2,	30,	uso_300ms_70.wav,	1,	139.93169299999985,	2.76,	nan,	90,	2
25,	1,	3,	2,	31,	uso_300ms_43.wav,	1,	109.26071699999983,	1.74,	nan,	90,	2
25,	1,	3,	2,	32,	uso_300ms_36.wav,	3,	205.63574399999985,	4.95,	nan,	90,	2
25,	1,	3,	2,	33,	uso_300ms_81.wav,	1,	134.3923759999998,	2.58,	nan,	90,	2
25,	1,	3,	2,	34,	uso_300ms_51.wav,	3,	220.1800779999998,	5.44,	nan,	90,	2
25,	1,	3,	2,	35,	uso_300ms_12.wav,	5,	309.68188899999956,	8.42,	nan,	90,	2
25,	1,	3,	2,	36,	uso_300ms_40.wav,	4,	228.54036699999958,	5.72,	nan,	90,	2
25,	1,	3,	2,	37,	uso_300ms_32.wav,	5,	312.6914059999994,	8.52,	nan,	90,	2
25,	1,	3,	2,	38,	uso_300ms_44.wav,	4,	227.56659699999915,	5.69,	nan,	90,	2
25,	1,	3,	2,	39,	uso_300ms_94.wav,	2,	188.16602599999908,	4.37,	nan,	90,	2
25,	1,	3,	2,	40,	uso_300ms_62.wav,	1,	150.29764999999907,	3.11,	nan,	90,	2
25,	1,	3,	2,	41,	uso_300ms_42.wav,	1,	133.91260299999905,	2.56,	nan,	90,	2
25,	1,	3,	2,	42,	uso_300ms_30.wav,	1,	133.91260299999905,	2.56,	nan,	90,	2
25,	1,	3,	2,	43,	uso_300ms_90.wav,	1,	133.91260299999905,	2.56,	nan,	90,	2
25,	1,	3,	2,	44,	uso_300ms_36.wav,	1,	133.93074699999895,	2.56,	nan,	90,	2
25,	1,	3,	2,	45,	uso_300ms_2.wav,	5,	262.5210339999987,	6.85,	nan,	90,	2
25,	1,	3,	2,	46,	uso_300ms_52.wav,	5,	321.3253109999988,	8.81,	nan,	90,	2
25,	1,	3,	2,	47,	uso_300ms_28.wav,	5,	321.3253109999988,	8.81,	nan,	90,	2
25,	1,	3,	2,	48,	uso_300ms_9.wav,	5,	321.3253109999988,	8.81,	nan,	90,	2
25,	1,	3,	2,	49,	uso_300ms_66.wav,	4,	231.14162999999877,	5.8,	nan,	90,	2
25,	1,	3,	2,	50,	uso_300ms_2.wav,	2,	180.68263399999864,	4.12,	nan,	90,	2
25,	1,	3,	2,	51,	uso_300ms_25.wav,	5,	287.7356499999986,	7.69,	nan,	90,	2
25,	1,	3,	2,	52,	uso_300ms_4.wav,	5,	339.5533529999988,	9.42,	nan,	90,	2
25,	1,	3,	2,	53,	uso_300ms_16.wav,	5,	339.43415699999866,	9.41,	nan,	90,	2
25,	1,	3,	2,	54,	uso_300ms_75.wav,	5,	339.43415699999866,	9.41,	nan,	90,	2
25,	1,	3,	2,	55,	uso_300ms_86.wav,	2,	190.33246299999857,	4.44,	nan,	90,	2
25,	1,	3,	2,	56,	uso_300ms_43.wav,	2,	190.33246299999857,	4.44,	nan,	90,	2
25,	1,	3,	2,	57,	uso_300ms_85.wav,	2,	190.33246299999857,	4.44,	nan,	90,	2
25,	1,	3,	2,	58,	uso_300ms_36.wav,	1,	130.1824149999985,	2.44,	nan,	90,	2
25,	1,	3,	2,	59,	uso_300ms_55.wav,	3,	213.25408899999857,	5.21,	nan,	90,	2
25,	1,	3,	2,	60,	uso_300ms_55.wav,	2,	168.82962499999903,	3.73,	nan,	90,	2
25,	1,	3,	2,	61,	uso_300ms_54.wav,	1,	128.09472799999872,	2.37,	nan,	90,	2
25,	1,	3,	2,	62,	uso_300ms_65.wav,	2,	165.08626999999836,	3.6,	nan,	90,	2
25,	1,	3,	2,	63,	uso_300ms_21.wav,	1,	145.2579509999984,	2.94,	nan,	90,	2
25,	1,	3,	2,	64,	uso_300ms_46.wav,	2,	175.2888259999983,	3.94,	nan,	90,	2
25,	1,	3,	2,	65,	uso_300ms_58.wav,	2,	175.75268099999826,	3.96,	nan,	90,	2
25,	1,	3,	2,	66,	uso_300ms_84.wav,	1,	132.46736199999881,	2.52,	nan,	90,	2
25,	1,	3,	2,	67,	uso_300ms_29.wav,	2,	168.85416699999885,	3.73,	nan,	90,	2
25,	1,	3,	2,	68,	uso_300ms_92.wav,	1,	139.98628599999887,	2.77,	nan,	90,	2
25,	1,	3,	2,	69,	uso_300ms_23.wav,	1,	139.98628599999887,	2.77,	nan,	90,	2
25,	1,	3,	2,	70,	uso_300ms_32.wav,	1,	139.98628599999887,	2.77,	nan,	90,	2
25,	1,	3,	2,	71,	uso_300ms_85.wav,	1,	139.98628599999887,	2.77,	nan,	90,	2
25,	1,	3,	2,	72,	uso_300ms_53.wav,	4,	250.7726049999989,	6.46,	nan,	90,	2
25,	1,	3,	2,	73,	uso_300ms_6.wav,	5,	313.2045129999986,	8.54,	nan,	90,	2
25,	1,	3,	2,	74,	uso_300ms_3.wav,	5,	313.2045129999986,	8.54,	nan,	90,	2
25,	1,	3,	2,	75,	uso_300ms_46.wav,	5,	313.2045129999986,	8.54,	nan,	90,	2
25,	1,	3,	2,	76,	uso_300ms_93.wav,	5,	313.2045129999986,	8.54,	nan,	90,	2
25,	1,	3,	2,	77,	uso_300ms_38.wav,	5,	260.36494999999854,	6.78,	nan,	90,	2
25,	1,	3,	2,	78,	uso_300ms_31.wav,	3,	209.93001999999854,	5.1,	nan,	90,	2
25,	1,	3,	2,	79,	uso_300ms_49.wav,	2,	175.37533199999856,	3.95,	nan,	90,	2
25,	1,	3,	2,	80,	uso_300ms_82.wav,	1,	133.18241899999853,	2.54,	nan,	90,	2
25,	1,	3,	2,	81,	uso_300ms_3.wav,	4,	229.49219199999828,	5.75,	nan,	90,	2
25,	1,	3,	2,	82,	uso_300ms_31.wav,	5,	388.5975929999981,	11.05,	nan,	90,	2
25,	1,	3,	2,	83,	uso_300ms_70.wav,	5,	444.61199899999815,	12.92,	nan,	90,	2
25,	1,	3,	2,	84,	uso_300ms_7.wav,	5,	288.81681399999803,	7.73,	nan,	90,	2
25,	1,	3,	2,	85,	uso_300ms_56.wav,	4,	228.27792999999795,	5.71,	nan,	90,	2
25,	1,	3,	2,	86,	uso_300ms_77.wav,	2,	168.79216099999792,	3.73,	nan,	90,	2
25,	1,	3,	2,	87,	uso_300ms_46.wav,	4,	240.44518999999795,	6.11,	nan,	90,	2
25,	1,	3,	2,	88,	uso_300ms_93.wav,	4,	229.02652399999798,	5.73,	nan,	90,	2
25,	1,	3,	2,	89,	uso_300ms_39.wav,	3,	215.804314999998,	5.29,	nan,	90,	2
25,	1,	3,	2,	90,	uso_300ms_86.wav,	3,	215.804314999998,	5.29,	nan,	90,	2
