sub_id,cond_id,block_id,task_id,event_id,stim_id,speaker_id,led_id,led_distance,response_time,n_reps,isi
25,	1,	2,	2,	1,	uso_300ms_81.wav,	5,	90,	1.1,	0.20026588439941406,	15,	0.3
25,	1,	2,	2,	2,	uso_300ms_91.wav,	1,	219,	5.4,	4.52806282043457,	15,	0.3
25,	1,	2,	2,	3,	uso_300ms_68.wav,	4,	284,	7.57,	1.3547277450561523,	15,	0.3
25,	1,	2,	2,	4,	uso_300ms_49.wav,	2,	182,	4.17,	1.9204144477844238,	15,	0.3
25,	1,	2,	2,	5,	uso_300ms_83.wav,	3,	262,	6.83,	1.5598492622375488,	15,	0.3
25,	1,	2,	2,	6,	uso_300ms_46.wav,	1,	157,	3.33,	1.7618920803070068,	15,	0.3
25,	1,	2,	2,	7,	uso_300ms_62.wav,	4,	369,	10.4,	2.796053409576416,	15,	0.3
25,	1,	2,	2,	8,	uso_300ms_28.wav,	2,	262,	6.83,	1.7485380172729492,	15,	0.3
25,	1,	2,	2,	9,	uso_300ms_1.wav,	5,	372,	10.5,	1.5518193244934082,	15,	0.3
25,	1,	2,	2,	10,	uso_300ms_84.wav,	3,	239,	6.07,	1.668860673904419,	15,	0.3
25,	1,	2,	2,	11,	uso_300ms_12.wav,	2,	254,	6.57,	2.0001392364501953,	15,	0.3
25,	1,	2,	2,	12,	uso_300ms_100.wav,	3,	349,	9.73,	2.2444727420806885,	15,	0.3
25,	1,	2,	2,	13,	uso_300ms_81.wav,	4,	389,	11.07,	1.328456163406372,	15,	0.3
25,	1,	2,	2,	14,	uso_300ms_20.wav,	1,	194,	4.57,	2.160322666168213,	15,	0.3
25,	1,	2,	2,	15,	uso_300ms_26.wav,	5,	288,	7.7,	1.4835937023162842,	15,	0.3
25,	1,	2,	2,	16,	uso_300ms_65.wav,	2,	187,	4.33,	1.5822365283966064,	15,	0.3
25,	1,	2,	2,	17,	uso_300ms_81.wav,	4,	387,	11.0,	2.3721940517425537,	15,	0.3
25,	1,	2,	2,	18,	uso_300ms_18.wav,	5,	180,	4.1,	3.0476043224334717,	15,	0.3
25,	1,	2,	2,	19,	uso_300ms_65.wav,	1,	144,	2.9,	1.5822691917419434,	15,	0.3
25,	1,	2,	2,	20,	uso_300ms_73.wav,	3,	321,	8.8,	3.0248606204986572,	15,	0.3
25,	1,	2,	2,	21,	uso_300ms_76.wav,	1,	141,	2.8,	2.9116320610046387,	15,	0.3
25,	1,	2,	2,	22,	uso_300ms_22.wav,	4,	290,	7.77,	2.9053726196289062,	15,	0.3
25,	1,	2,	2,	23,	uso_300ms_21.wav,	3,	398,	11.37,	2.9224350452423096,	15,	0.3
25,	1,	2,	2,	24,	uso_300ms_77.wav,	5,	296,	7.97,	2.381246328353882,	15,	0.3
25,	1,	2,	2,	25,	uso_300ms_71.wav,	2,	198,	4.7,	2.0882582664489746,	15,	0.3
25,	1,	2,	2,	26,	uso_300ms_46.wav,	5,	315,	8.6,	2.095153570175171,	15,	0.3
25,	1,	2,	2,	27,	uso_300ms_52.wav,	3,	247,	6.33,	1.509803056716919,	15,	0.3
25,	1,	2,	2,	28,	uso_300ms_35.wav,	2,	352,	9.83,	1.5879321098327637,	15,	0.3
25,	1,	2,	2,	29,	uso_300ms_85.wav,	4,	389,	11.07,	2.76218581199646,	15,	0.3
25,	1,	2,	2,	30,	uso_300ms_100.wav,	1,	131,	2.47,	3.906780958175659,	15,	0.3
25,	1,	2,	2,	31,	uso_300ms_55.wav,	4,	210,	5.1,	1.504143238067627,	15,	0.3
25,	1,	2,	2,	32,	uso_300ms_86.wav,	3,	243,	6.2,	1.5809838771820068,	15,	0.3
25,	1,	2,	2,	33,	uso_300ms_55.wav,	5,	394,	11.23,	2.0686349868774414,	15,	0.3
25,	1,	2,	2,	34,	uso_300ms_73.wav,	1,	167,	3.67,	2.4356353282928467,	15,	0.3
25,	1,	2,	2,	35,	uso_300ms_33.wav,	2,	194,	4.57,	1.5379626750946045,	15,	0.3
25,	1,	2,	2,	36,	uso_300ms_18.wav,	5,	308,	8.37,	2.0676026344299316,	15,	0.3
25,	1,	2,	2,	37,	uso_300ms_85.wav,	1,	129,	2.4,	2.186469316482544,	15,	0.3
25,	1,	2,	2,	38,	uso_300ms_79.wav,	2,	203,	4.87,	1.6688904762268066,	15,	0.3
25,	1,	2,	2,	39,	uso_300ms_57.wav,	3,	261,	6.8,	1.2935020923614502,	15,	0.3
25,	1,	2,	2,	40,	uso_300ms_62.wav,	4,	306,	8.3,	1.8556342124938965,	15,	0.3
25,	1,	2,	2,	41,	uso_300ms_34.wav,	5,	380,	10.77,	1.673269271850586,	15,	0.3
25,	1,	2,	2,	42,	uso_300ms_55.wav,	3,	332,	9.17,	1.7516534328460693,	15,	0.3
25,	1,	2,	2,	43,	uso_300ms_69.wav,	4,	357,	10.0,	1.3253815174102783,	15,	0.3
25,	1,	2,	2,	44,	uso_300ms_39.wav,	2,	286,	7.63,	1.9290120601654053,	15,	0.3
25,	1,	2,	2,	45,	uso_300ms_80.wav,	1,	172,	3.83,	2.1347343921661377,	15,	0.3
25,	1,	2,	2,	46,	uso_300ms_4.wav,	5,	321,	8.8,	1.8359789848327637,	15,	0.3
25,	1,	2,	2,	47,	uso_300ms_99.wav,	3,	283,	7.53,	1.5429754257202148,	15,	0.3
25,	1,	2,	2,	48,	uso_300ms_17.wav,	1,	140,	2.77,	2.4009454250335693,	15,	0.3
25,	1,	2,	2,	49,	uso_300ms_39.wav,	2,	206,	4.97,	1.4143569469451904,	15,	0.3
25,	1,	2,	2,	50,	uso_300ms_28.wav,	4,	400,	11.43,	2.207023859024048,	15,	0.3
25,	1,	2,	2,	51,	uso_300ms_1.wav,	3,	368,	10.37,	1.2242355346679688,	15,	0.3
25,	1,	2,	2,	52,	uso_300ms_88.wav,	2,	217,	5.33,	2.1394033432006836,	15,	0.3
25,	1,	2,	2,	53,	uso_300ms_37.wav,	1,	132,	2.5,	1.58207106590271,	15,	0.3
25,	1,	2,	2,	54,	uso_300ms_61.wav,	4,	275,	7.27,	2.655142068862915,	15,	0.3
25,	1,	2,	2,	55,	uso_300ms_3.wav,	5,	415,	11.93,	1.7303698062896729,	15,	0.3
25,	1,	2,	2,	56,	uso_300ms_41.wav,	4,	386,	10.97,	1.8710134029388428,	15,	0.3
25,	1,	2,	2,	57,	uso_300ms_82.wav,	2,	318,	8.7,	1.7563982009887695,	15,	0.3
25,	1,	2,	2,	58,	uso_300ms_85.wav,	5,	413,	11.87,	1.8037967681884766,	15,	0.3
25,	1,	2,	2,	59,	uso_300ms_87.wav,	3,	222,	5.5,	2.0685901641845703,	15,	0.3
25,	1,	2,	2,	60,	uso_300ms_59.wav,	1,	147,	3.0,	1.674386739730835,	15,	0.3
25,	1,	2,	2,	61,	uso_300ms_95.wav,	3,	228,	5.7,	1.3448302745819092,	15,	0.3
25,	1,	2,	2,	62,	uso_300ms_69.wav,	2,	151,	3.13,	2.240786075592041,	15,	0.3
25,	1,	2,	2,	63,	uso_300ms_55.wav,	4,	310,	8.43,	1.9776990413665771,	15,	0.3
25,	1,	2,	2,	64,	uso_300ms_38.wav,	5,	369,	10.4,	1.6252117156982422,	15,	0.3
25,	1,	2,	2,	65,	uso_300ms_65.wav,	1,	175,	3.93,	2.039222002029419,	15,	0.3
25,	1,	2,	2,	66,	uso_300ms_86.wav,	5,	226,	5.63,	1.9631597995758057,	15,	0.3
25,	1,	2,	2,	67,	uso_300ms_69.wav,	2,	281,	7.47,	2.1080141067504883,	15,	0.3
25,	1,	2,	2,	68,	uso_300ms_57.wav,	1,	150,	3.1,	3.064392566680908,	15,	0.3
25,	1,	2,	2,	69,	uso_300ms_38.wav,	3,	254,	6.57,	1.6300694942474365,	15,	0.3
25,	1,	2,	2,	70,	uso_300ms_50.wav,	4,	371,	10.47,	1.728858470916748,	15,	0.3
25,	1,	2,	2,	71,	uso_300ms_75.wav,	3,	242,	6.17,	2.1956090927124023,	15,	0.3
25,	1,	2,	2,	72,	uso_300ms_25.wav,	4,	258,	6.7,	2.2152490615844727,	15,	0.3
25,	1,	2,	2,	73,	uso_300ms_75.wav,	2,	197,	4.67,	1.4871799945831299,	15,	0.3
25,	1,	2,	2,	74,	uso_300ms_93.wav,	1,	154,	3.23,	1.2526402473449707,	15,	0.3
25,	1,	2,	2,	75,	uso_300ms_2.wav,	5,	305,	8.27,	2.0102460384368896,	15,	0.3
