sub_id,cond_id,block_id,task_id,event_id,stim_id,speaker_id,led_id,led_distance,response_time,n_reps,isi
21,	1,	4,	2,	1,	uso_300ms_41.wav,	2,	148,	3.03,	4.087744951248169,	15,	0.3
21,	1,	4,	2,	2,	uso_300ms_25.wav,	4,	213,	5.2,	2.558879852294922,	15,	0.3
21,	1,	4,	2,	3,	uso_300ms_67.wav,	5,	287,	7.67,	1.8201963901519775,	15,	0.3
21,	1,	4,	2,	4,	uso_300ms_18.wav,	1,	155,	3.27,	2.0920090675354004,	15,	0.3
21,	1,	4,	2,	5,	uso_300ms_23.wav,	3,	281,	7.47,	3.2241291999816895,	15,	0.3
21,	1,	4,	2,	6,	uso_300ms_72.wav,	5,	254,	6.57,	2.035792827606201,	15,	0.3
21,	1,	4,	2,	7,	uso_300ms_58.wav,	3,	206,	4.97,	2.7860805988311768,	15,	0.3
21,	1,	4,	2,	8,	uso_300ms_96.wav,	4,	247,	6.33,	1.5456230640411377,	15,	0.3
21,	1,	4,	2,	9,	uso_300ms_21.wav,	1,	153,	3.2,	1.8644123077392578,	15,	0.3
21,	1,	4,	2,	10,	uso_300ms_77.wav,	2,	183,	4.2,	1.9472477436065674,	15,	0.3
21,	1,	4,	2,	11,	uso_300ms_78.wav,	1,	158,	3.37,	2.374272584915161,	15,	0.3
21,	1,	4,	2,	12,	uso_300ms_71.wav,	2,	201,	4.8,	2.6827142238616943,	15,	0.3
21,	1,	4,	2,	13,	uso_300ms_78.wav,	3,	240,	6.1,	1.7627744674682617,	15,	0.3
21,	1,	4,	2,	14,	uso_300ms_94.wav,	4,	258,	6.7,	2.2966296672821045,	15,	0.3
21,	1,	4,	2,	15,	uso_300ms_11.wav,	5,	258,	6.7,	2.673677682876587,	15,	0.3
21,	1,	4,	2,	16,	uso_300ms_46.wav,	1,	156,	3.3,	2.335625171661377,	15,	0.3
21,	1,	4,	2,	17,	uso_300ms_83.wav,	5,	290,	7.77,	3.4856019020080566,	15,	0.3
21,	1,	4,	2,	18,	uso_300ms_55.wav,	4,	289,	7.73,	1.606116771697998,	15,	0.3
21,	1,	4,	2,	19,	uso_300ms_31.wav,	3,	235,	5.93,	2.1714444160461426,	15,	0.3
21,	1,	4,	2,	20,	uso_300ms_61.wav,	2,	154,	3.23,	3.203834295272827,	15,	0.3
21,	1,	4,	2,	21,	uso_300ms_64.wav,	1,	154,	3.23,	2.6671481132507324,	15,	0.3
21,	1,	4,	2,	22,	uso_300ms_53.wav,	2,	205,	4.93,	1.970085859298706,	15,	0.3
21,	1,	4,	2,	23,	uso_300ms_61.wav,	3,	205,	4.93,	1.575524091720581,	15,	0.3
21,	1,	4,	2,	24,	uso_300ms_17.wav,	4,	288,	7.7,	2.0264124870300293,	15,	0.3
21,	1,	4,	2,	25,	uso_300ms_13.wav,	5,	288,	7.7,	1.585113763809204,	15,	0.3
21,	1,	4,	2,	26,	uso_300ms_94.wav,	4,	288,	7.7,	1.81770658493042,	15,	0.3
21,	1,	4,	2,	27,	uso_300ms_14.wav,	3,	286,	7.63,	2.6017582416534424,	15,	0.3
21,	1,	4,	2,	28,	uso_300ms_17.wav,	2,	205,	4.93,	1.5955250263214111,	15,	0.3
21,	1,	4,	2,	29,	uso_300ms_90.wav,	1,	152,	3.17,	1.4021263122558594,	15,	0.3
21,	1,	4,	2,	30,	uso_300ms_77.wav,	5,	287,	7.67,	2.6235268115997314,	15,	0.3
21,	1,	4,	2,	31,	uso_300ms_70.wav,	3,	226,	5.63,	4.456256628036499,	15,	0.3
21,	1,	4,	2,	32,	uso_300ms_65.wav,	4,	226,	5.63,	2.677643299102783,	15,	0.3
21,	1,	4,	2,	33,	uso_300ms_68.wav,	1,	158,	3.37,	2.500868558883667,	15,	0.3
21,	1,	4,	2,	34,	uso_300ms_35.wav,	2,	154,	3.23,	4.910273551940918,	15,	0.3
21,	1,	4,	2,	35,	uso_300ms_5.wav,	5,	290,	7.77,	1.718613862991333,	15,	0.3
21,	1,	4,	2,	36,	uso_300ms_5.wav,	3,	288,	7.7,	1.3522684574127197,	15,	0.3
21,	1,	4,	2,	37,	uso_300ms_85.wav,	1,	158,	3.37,	2.750913143157959,	15,	0.3
21,	1,	4,	2,	38,	uso_300ms_91.wav,	4,	228,	5.7,	2.883594036102295,	15,	0.3
21,	1,	4,	2,	39,	uso_300ms_49.wav,	2,	194,	4.57,	2.064788341522217,	15,	0.3
21,	1,	4,	2,	40,	uso_300ms_59.wav,	5,	288,	7.7,	1.7112059593200684,	15,	0.3
21,	1,	4,	2,	41,	uso_300ms_57.wav,	4,	220,	5.43,	2.4055733680725098,	15,	0.3
21,	1,	4,	2,	42,	uso_300ms_9.wav,	3,	220,	5.43,	1.230771541595459,	15,	0.3
21,	1,	4,	2,	43,	uso_300ms_50.wav,	1,	162,	3.5,	1.3917484283447266,	15,	0.3
21,	1,	4,	2,	44,	uso_300ms_39.wav,	5,	280,	7.43,	2.3694064617156982,	15,	0.3
21,	1,	4,	2,	45,	uso_300ms_60.wav,	2,	206,	4.97,	2.155346155166626,	15,	0.3
21,	1,	4,	2,	46,	uso_300ms_87.wav,	1,	158,	3.37,	1.774484395980835,	15,	0.3
21,	1,	4,	2,	47,	uso_300ms_52.wav,	4,	283,	7.53,	1.8082447052001953,	15,	0.3
21,	1,	4,	2,	48,	uso_300ms_46.wav,	5,	283,	7.53,	0.9831116199493408,	15,	0.3
21,	1,	4,	2,	49,	uso_300ms_75.wav,	3,	224,	5.57,	1.4013371467590332,	15,	0.3
21,	1,	4,	2,	50,	uso_300ms_96.wav,	2,	181,	4.13,	2.148902416229248,	15,	0.3
21,	1,	4,	2,	51,	uso_300ms_45.wav,	5,	280,	7.43,	1.8448870182037354,	15,	0.3
21,	1,	4,	2,	52,	uso_300ms_88.wav,	3,	231,	5.8,	1.1994187831878662,	15,	0.3
21,	1,	4,	2,	53,	uso_300ms_79.wav,	4,	231,	5.8,	1.032508373260498,	15,	0.3
21,	1,	4,	2,	54,	uso_300ms_73.wav,	1,	152,	3.17,	1.9525182247161865,	15,	0.3
21,	1,	4,	2,	55,	uso_300ms_73.wav,	2,	152,	3.17,	0.8583714962005615,	15,	0.3
21,	1,	4,	2,	56,	uso_300ms_65.wav,	5,	281,	7.47,	2.507185459136963,	15,	0.3
21,	1,	4,	2,	57,	uso_300ms_67.wav,	2,	169,	3.73,	2.541506767272949,	15,	0.3
21,	1,	4,	2,	58,	uso_300ms_33.wav,	1,	169,	3.73,	1.0323574542999268,	15,	0.3
21,	1,	4,	2,	59,	uso_300ms_25.wav,	4,	241,	6.13,	1.52103853225708,	15,	0.3
21,	1,	4,	2,	60,	uso_300ms_75.wav,	3,	241,	6.13,	1.6900439262390137,	15,	0.3
21,	1,	4,	2,	61,	uso_300ms_89.wav,	5,	283,	7.53,	1.5587067604064941,	15,	0.3
21,	1,	4,	2,	62,	uso_300ms_95.wav,	1,	287,	7.67,	2.011277914047241,	15,	0.3
21,	1,	4,	2,	63,	uso_300ms_45.wav,	3,	287,	7.67,	2.1435859203338623,	15,	0.3
21,	1,	4,	2,	64,	uso_300ms_98.wav,	4,	287,	7.67,	1.0173985958099365,	15,	0.3
21,	1,	4,	2,	65,	uso_300ms_40.wav,	2,	212,	5.17,	1.7195255756378174,	15,	0.3
21,	1,	4,	2,	66,	uso_300ms_88.wav,	3,	212,	5.17,	1.6690778732299805,	15,	0.3
21,	1,	4,	2,	67,	uso_300ms_52.wav,	5,	286,	7.63,	1.9297542572021484,	15,	0.3
21,	1,	4,	2,	68,	uso_300ms_31.wav,	4,	286,	7.63,	1.1701135635375977,	15,	0.3
21,	1,	4,	2,	69,	uso_300ms_86.wav,	2,	286,	7.63,	1.2780237197875977,	15,	0.3
21,	1,	4,	2,	70,	uso_300ms_31.wav,	1,	178,	4.03,	2.112910509109497,	15,	0.3
21,	1,	4,	2,	71,	uso_300ms_19.wav,	5,	277,	7.33,	2.753169536590576,	15,	0.3
21,	1,	4,	2,	72,	uso_300ms_86.wav,	4,	277,	7.33,	1.612236499786377,	15,	0.3
21,	1,	4,	2,	73,	uso_300ms_98.wav,	1,	159,	3.4,	1.8716905117034912,	15,	0.3
21,	1,	4,	2,	74,	uso_300ms_18.wav,	2,	155,	3.27,	4.287657260894775,	15,	0.3
21,	1,	4,	2,	75,	uso_300ms_2.wav,	3,	155,	3.27,	1.8431806564331055,	15,	0.3
