sub_id,cond_id,block_id,task_id,event_id,stim_id,speaker_id,led_id,led_distance,response_time,n_reps,isi
21,	1,	5,	2,	1,	uso_300ms_92.wav,	1,	90,	1.1,	nan,	90,	2
21,	1,	5,	2,	2,	uso_300ms_71.wav,	1,	152.80955099999997,	3.19,	nan,	90,	2
21,	1,	5,	2,	3,	uso_300ms_37.wav,	1,	152.80955099999997,	3.19,	nan,	90,	2
21,	1,	5,	2,	4,	uso_300ms_13.wav,	1,	152.80955099999997,	3.19,	nan,	90,	2
21,	1,	5,	2,	5,	uso_300ms_64.wav,	2,	181.77333899999996,	4.16,	nan,	90,	2
21,	1,	5,	2,	6,	uso_300ms_21.wav,	2,	182.63348499999995,	4.19,	nan,	90,	2
21,	1,	5,	2,	7,	uso_300ms_46.wav,	2,	182.63348499999995,	4.19,	nan,	90,	2
21,	1,	5,	2,	8,	uso_300ms_48.wav,	2,	182.65465299999983,	4.19,	nan,	90,	2
21,	1,	5,	2,	9,	uso_300ms_94.wav,	1,	149.39073699999977,	3.08,	nan,	90,	2
21,	1,	5,	2,	10,	uso_300ms_50.wav,	1,	149.39073699999977,	3.08,	nan,	90,	2
21,	1,	5,	2,	11,	uso_300ms_71.wav,	2,	178.1151879999997,	4.04,	nan,	90,	2
21,	1,	5,	2,	12,	uso_300ms_53.wav,	2,	178.21543499999942,	4.04,	nan,	90,	2
21,	1,	5,	2,	13,	uso_300ms_76.wav,	3,	217.59153399999926,	5.35,	nan,	90,	2
21,	1,	5,	2,	14,	uso_300ms_39.wav,	3,	217.59153399999926,	5.35,	nan,	90,	2
21,	1,	5,	2,	15,	uso_300ms_31.wav,	2,	178.58651899999924,	4.05,	nan,	90,	2
21,	1,	5,	2,	16,	uso_300ms_95.wav,	3,	207.70262699999938,	5.02,	nan,	90,	2
21,	1,	5,	2,	17,	uso_300ms_2.wav,	2,	190.28178999999943,	4.44,	nan,	90,	2
21,	1,	5,	2,	18,	uso_300ms_69.wav,	2,	190.51327299999951,	4.45,	nan,	90,	2
21,	1,	5,	2,	19,	uso_300ms_47.wav,	2,	190.51327299999951,	4.45,	nan,	90,	2
21,	1,	5,	2,	20,	uso_300ms_96.wav,	3,	214.58910799999947,	5.25,	nan,	90,	2
21,	1,	5,	2,	21,	uso_300ms_15.wav,	3,	214.58910799999947,	5.25,	nan,	90,	2
21,	1,	5,	2,	22,	uso_300ms_54.wav,	4,	250.79608999999945,	6.46,	nan,	90,	2
21,	1,	5,	2,	23,	uso_300ms_37.wav,	4,	242.08848899999947,	6.17,	nan,	90,	2
21,	1,	5,	2,	24,	uso_300ms_84.wav,	4,	242.08848899999947,	6.17,	nan,	90,	2
21,	1,	5,	2,	25,	uso_300ms_17.wav,	5,	279.6340879999994,	7.42,	nan,	90,	2
21,	1,	5,	2,	26,	uso_300ms_61.wav,	5,	279.6340879999994,	7.42,	nan,	90,	2
21,	1,	5,	2,	27,	uso_300ms_54.wav,	5,	279.6340879999994,	7.42,	nan,	90,	2
21,	1,	5,	2,	28,	uso_300ms_79.wav,	5,	279.6340879999994,	7.42,	nan,	90,	2
21,	1,	5,	2,	29,	uso_300ms_64.wav,	5,	279.6340879999994,	7.42,	nan,	90,	2
21,	1,	5,	2,	30,	uso_300ms_93.wav,	5,	261.4463379999994,	6.81,	nan,	90,	2
21,	1,	5,	2,	31,	uso_300ms_94.wav,	4,	251.12522299999938,	6.47,	nan,	90,	2
21,	1,	5,	2,	32,	uso_300ms_49.wav,	4,	251.12522299999938,	6.47,	nan,	90,	2
21,	1,	5,	2,	33,	uso_300ms_9.wav,	4,	251.12522299999938,	6.47,	nan,	90,	2
21,	1,	5,	2,	34,	uso_300ms_12.wav,	3,	210.05212099999952,	5.1,	nan,	90,	2
21,	1,	5,	2,	35,	uso_300ms_70.wav,	3,	210.05212099999952,	5.1,	nan,	90,	2
21,	1,	5,	2,	36,	uso_300ms_99.wav,	3,	209.50100399999968,	5.08,	nan,	90,	2
21,	1,	5,	2,	37,	uso_300ms_46.wav,	2,	181.3498039999997,	4.14,	nan,	90,	2
21,	1,	5,	2,	38,	uso_300ms_54.wav,	1,	121.00294399999994,	2.13,	nan,	90,	2
21,	1,	5,	2,	39,	uso_300ms_83.wav,	1,	149.9165279999998,	3.1,	nan,	90,	2
21,	1,	5,	2,	40,	uso_300ms_79.wav,	2,	176.13289999999972,	3.97,	nan,	90,	2
21,	1,	5,	2,	41,	uso_300ms_99.wav,	3,	213.76775599999974,	5.23,	nan,	90,	2
21,	1,	5,	2,	42,	uso_300ms_72.wav,	2,	183.12542399999984,	4.2,	nan,	90,	2
21,	1,	5,	2,	43,	uso_300ms_33.wav,	3,	205.32719099999983,	4.94,	nan,	90,	2
21,	1,	5,	2,	44,	uso_300ms_73.wav,	2,	185.78851799999984,	4.29,	nan,	90,	2
21,	1,	5,	2,	45,	uso_300ms_76.wav,	3,	208.3995609999998,	5.05,	nan,	90,	2
21,	1,	5,	2,	46,	uso_300ms_84.wav,	2,	185.2569309999998,	4.28,	nan,	90,	2
21,	1,	5,	2,	47,	uso_300ms_30.wav,	3,	211.69536399999987,	5.16,	nan,	90,	2
21,	1,	5,	2,	48,	uso_300ms_38.wav,	4,	245.4403969999998,	6.28,	nan,	90,	2
21,	1,	5,	2,	49,	uso_300ms_70.wav,	4,	245.4403969999998,	6.28,	nan,	90,	2
21,	1,	5,	2,	50,	uso_300ms_30.wav,	4,	245.4403969999998,	6.28,	nan,	90,	2
21,	1,	5,	2,	51,	uso_300ms_43.wav,	4,	245.4403969999998,	6.28,	nan,	90,	2
21,	1,	5,	2,	52,	uso_300ms_94.wav,	5,	275.1561249999998,	7.27,	nan,	90,	2
21,	1,	5,	2,	53,	uso_300ms_69.wav,	5,	278.0613629999998,	7.37,	nan,	90,	2
21,	1,	5,	2,	54,	uso_300ms_61.wav,	5,	278.0613629999998,	7.37,	nan,	90,	2
21,	1,	5,	2,	55,	uso_300ms_21.wav,	5,	278.0613629999998,	7.37,	nan,	90,	2
21,	1,	5,	2,	56,	uso_300ms_3.wav,	5,	278.0613629999998,	7.37,	nan,	90,	2
21,	1,	5,	2,	57,	uso_300ms_30.wav,	5,	278.0613629999998,	7.37,	nan,	90,	2
21,	1,	5,	2,	58,	uso_300ms_66.wav,	5,	252.99727499999997,	6.53,	nan,	90,	2
21,	1,	5,	2,	59,	uso_300ms_50.wav,	5,	252.99727499999997,	6.53,	nan,	90,	2
21,	1,	5,	2,	60,	uso_300ms_25.wav,	4,	243.16766500000003,	6.21,	nan,	90,	2
21,	1,	5,	2,	61,	uso_300ms_28.wav,	4,	243.16766500000003,	6.21,	nan,	90,	2
21,	1,	5,	2,	62,	uso_300ms_2.wav,	4,	243.16766500000003,	6.21,	nan,	90,	2
21,	1,	5,	2,	63,	uso_300ms_80.wav,	4,	243.16766500000003,	6.21,	nan,	90,	2
21,	1,	5,	2,	64,	uso_300ms_36.wav,	4,	224.6340730000001,	5.59,	nan,	90,	2
21,	1,	5,	2,	65,	uso_300ms_17.wav,	3,	213.85331000000022,	5.23,	nan,	90,	2
21,	1,	5,	2,	66,	uso_300ms_11.wav,	3,	213.75192200000052,	5.23,	nan,	90,	2
21,	1,	5,	2,	67,	uso_300ms_34.wav,	3,	213.57502500000146,	5.22,	nan,	90,	2
21,	1,	5,	2,	68,	uso_300ms_16.wav,	3,	213.4665530000019,	5.22,	nan,	90,	2
21,	1,	5,	2,	69,	uso_300ms_20.wav,	3,	213.4665530000019,	5.22,	nan,	90,	2
21,	1,	5,	2,	70,	uso_300ms_33.wav,	3,	213.4665530000019,	5.22,	nan,	90,	2
21,	1,	5,	2,	71,	uso_300ms_85.wav,	3,	213.4665530000019,	5.22,	nan,	90,	2
21,	1,	5,	2,	72,	uso_300ms_15.wav,	4,	248.63710800000194,	6.39,	nan,	90,	2
21,	1,	5,	2,	73,	uso_300ms_56.wav,	4,	248.64858100000188,	6.39,	nan,	90,	2
21,	1,	5,	2,	74,	uso_300ms_77.wav,	2,	180.48681600000182,	4.12,	nan,	90,	2
21,	1,	5,	2,	75,	uso_300ms_77.wav,	1,	151.20503200000184,	3.14,	nan,	90,	2
21,	1,	5,	2,	76,	uso_300ms_71.wav,	1,	151.20503200000184,	3.14,	nan,	90,	2
21,	1,	5,	2,	77,	uso_300ms_81.wav,	1,	151.20503200000184,	3.14,	nan,	90,	2
21,	1,	5,	2,	78,	uso_300ms_65.wav,	1,	151.51316500000146,	3.15,	nan,	90,	2
21,	1,	5,	2,	79,	uso_300ms_17.wav,	2,	175.71932600000108,	3.96,	nan,	90,	2
21,	1,	5,	2,	80,	uso_300ms_34.wav,	2,	177.75071900000103,	4.03,	nan,	90,	2
21,	1,	5,	2,	81,	uso_300ms_16.wav,	1,	153.11263000000093,	3.2,	nan,	90,	2
21,	1,	5,	2,	82,	uso_300ms_16.wav,	1,	153.11263000000093,	3.2,	nan,	90,	2
21,	1,	5,	2,	83,	uso_300ms_33.wav,	1,	153.11263000000093,	3.2,	nan,	90,	2
21,	1,	5,	2,	84,	uso_300ms_98.wav,	1,	153.11263000000093,	3.2,	nan,	90,	2
21,	1,	5,	2,	85,	uso_300ms_40.wav,	2,	186.8534280000009,	4.33,	nan,	90,	2
21,	1,	5,	2,	86,	uso_300ms_14.wav,	2,	186.8534280000009,	4.33,	nan,	90,	2
21,	1,	5,	2,	87,	uso_300ms_20.wav,	2,	186.8534280000009,	4.33,	nan,	90,	2
21,	1,	5,	2,	88,	uso_300ms_55.wav,	2,	186.8534280000009,	4.33,	nan,	90,	2
21,	1,	5,	2,	89,	uso_300ms_85.wav,	2,	186.87308400000077,	4.33,	nan,	90,	2
21,	1,	5,	2,	90,	uso_300ms_92.wav,	4,	222.55095700000064,	5.52,	nan,	90,	2
