sub_id,cond_id,block_id,task_id,event_id,stim_id,speaker_id,led_id,led_distance,response_time,n_reps,isi
21,	1,	3,	2,	1,	uso_300ms_24.wav,	1,	84.35265899999908,	0.91,	nan,	90,	2
21,	1,	3,	2,	2,	uso_300ms_17.wav,	1,	120.7266329999992,	2.12,	nan,	90,	2
21,	1,	3,	2,	3,	uso_300ms_58.wav,	2,	167.47378099999938,	3.68,	nan,	90,	2
21,	1,	3,	2,	4,	uso_300ms_24.wav,	2,	182.24445299999937,	4.17,	nan,	90,	2
21,	1,	3,	2,	5,	uso_300ms_60.wav,	3,	220.28338399999916,	5.44,	nan,	90,	2
21,	1,	3,	2,	6,	uso_300ms_41.wav,	4,	239.5436949999992,	6.08,	nan,	90,	2
21,	1,	3,	2,	7,	uso_300ms_78.wav,	5,	278.76304299999913,	7.39,	nan,	90,	2
21,	1,	3,	2,	8,	uso_300ms_96.wav,	5,	338.42216699999915,	9.38,	nan,	90,	2
21,	1,	3,	2,	9,	uso_300ms_37.wav,	5,	276.7656839999991,	7.33,	nan,	90,	2
21,	1,	3,	2,	10,	uso_300ms_86.wav,	4,	252.14423399999907,	6.5,	nan,	90,	2
21,	1,	3,	2,	11,	uso_300ms_30.wav,	4,	226.12713099999922,	5.64,	nan,	90,	2
21,	1,	3,	2,	12,	uso_300ms_24.wav,	3,	203.1216449999992,	4.87,	nan,	90,	2
21,	1,	3,	2,	13,	uso_300ms_72.wav,	3,	203.1216449999992,	4.87,	nan,	90,	2
21,	1,	3,	2,	14,	uso_300ms_43.wav,	3,	203.1216449999992,	4.87,	nan,	90,	2
21,	1,	3,	2,	15,	uso_300ms_61.wav,	1,	136.1072289999992,	2.64,	nan,	90,	2
21,	1,	3,	2,	16,	uso_300ms_23.wav,	1,	136.1072289999992,	2.64,	nan,	90,	2
21,	1,	3,	2,	17,	uso_300ms_68.wav,	1,	136.1072289999992,	2.64,	nan,	90,	2
21,	1,	3,	2,	18,	uso_300ms_49.wav,	1,	119.19331099999923,	2.07,	nan,	90,	2
21,	1,	3,	2,	19,	uso_300ms_73.wav,	1,	105.8239269999992,	1.63,	nan,	90,	2
21,	1,	3,	2,	20,	uso_300ms_89.wav,	2,	172.20033499999923,	3.84,	nan,	90,	2
21,	1,	3,	2,	21,	uso_300ms_51.wav,	2,	186.3546849999992,	4.31,	nan,	90,	2
21,	1,	3,	2,	22,	uso_300ms_61.wav,	2,	186.3546849999992,	4.31,	nan,	90,	2
21,	1,	3,	2,	23,	uso_300ms_69.wav,	3,	203.12538299999895,	4.87,	nan,	90,	2
21,	1,	3,	2,	24,	uso_300ms_81.wav,	3,	198.30086399999888,	4.71,	nan,	90,	2
21,	1,	3,	2,	25,	uso_300ms_17.wav,	3,	198.4692139999983,	4.72,	nan,	90,	2
21,	1,	3,	2,	26,	uso_300ms_49.wav,	3,	198.61151699999778,	4.72,	nan,	90,	2
21,	1,	3,	2,	27,	uso_300ms_35.wav,	3,	199.27662199999736,	4.74,	nan,	90,	2
21,	1,	3,	2,	28,	uso_300ms_14.wav,	4,	249.728638999998,	6.42,	nan,	90,	2
21,	1,	3,	2,	29,	uso_300ms_34.wav,	4,	249.728638999998,	6.42,	nan,	90,	2
21,	1,	3,	2,	30,	uso_300ms_7.wav,	4,	249.728638999998,	6.42,	nan,	90,	2
21,	1,	3,	2,	31,	uso_300ms_59.wav,	5,	285.61982999999776,	7.62,	nan,	90,	2
21,	1,	3,	2,	32,	uso_300ms_32.wav,	5,	285.6258779999977,	7.62,	nan,	90,	2
21,	1,	3,	2,	33,	uso_300ms_30.wav,	5,	285.9134589999982,	7.63,	nan,	90,	2
21,	1,	3,	2,	34,	uso_300ms_91.wav,	5,	335.44658599999843,	9.28,	nan,	90,	2
21,	1,	3,	2,	35,	uso_300ms_95.wav,	5,	336.9814199999988,	9.33,	nan,	90,	2
21,	1,	3,	2,	36,	uso_300ms_43.wav,	5,	341.7909799999992,	9.49,	nan,	90,	2
21,	1,	3,	2,	37,	uso_300ms_8.wav,	5,	351.23432299999894,	9.81,	nan,	90,	2
21,	1,	3,	2,	38,	uso_300ms_58.wav,	5,	368.45235599999893,	10.38,	nan,	90,	2
21,	1,	3,	2,	39,	uso_300ms_99.wav,	5,	387.02483999999924,	11.0,	nan,	90,	2
21,	1,	3,	2,	40,	uso_300ms_5.wav,	5,	410.6119839999994,	11.79,	nan,	90,	2
21,	1,	3,	2,	41,	uso_300ms_93.wav,	5,	425.61322899999936,	12.29,	nan,	90,	2
21,	1,	3,	2,	42,	uso_300ms_38.wav,	5,	449.3366349999995,	13.08,	nan,	90,	2
21,	1,	3,	2,	43,	uso_300ms_16.wav,	5,	400.3743579999996,	11.45,	nan,	90,	2
21,	1,	3,	2,	44,	uso_300ms_99.wav,	5,	331.04364899999933,	9.13,	nan,	90,	2
21,	1,	3,	2,	45,	uso_300ms_34.wav,	5,	303.5264389999993,	8.22,	nan,	90,	2
21,	1,	3,	2,	46,	uso_300ms_80.wav,	5,	274.65258699999896,	7.26,	nan,	90,	2
21,	1,	3,	2,	47,	uso_300ms_68.wav,	4,	250.41353299999855,	6.45,	nan,	90,	2
21,	1,	3,	2,	48,	uso_300ms_18.wav,	4,	250.30948499999886,	6.44,	nan,	90,	2
21,	1,	3,	2,	49,	uso_300ms_68.wav,	5,	291.36276299999884,	7.81,	nan,	90,	2
21,	1,	3,	2,	50,	uso_300ms_69.wav,	5,	291.36276299999884,	7.81,	nan,	90,	2
21,	1,	3,	2,	51,	uso_300ms_81.wav,	5,	291.36276299999884,	7.81,	nan,	90,	2
21,	1,	3,	2,	52,	uso_300ms_97.wav,	4,	226.5784559999988,	5.65,	nan,	90,	2
21,	1,	3,	2,	53,	uso_300ms_12.wav,	4,	241.1730149999987,	6.14,	nan,	90,	2
21,	1,	3,	2,	54,	uso_300ms_42.wav,	4,	241.1730149999987,	6.14,	nan,	90,	2
21,	1,	3,	2,	55,	uso_300ms_4.wav,	4,	241.1730149999987,	6.14,	nan,	90,	2
21,	1,	3,	2,	56,	uso_300ms_99.wav,	3,	220.36667699999876,	5.45,	nan,	90,	2
21,	1,	3,	2,	57,	uso_300ms_59.wav,	3,	220.20968799999952,	5.44,	nan,	90,	2
21,	1,	3,	2,	58,	uso_300ms_41.wav,	2,	181.7564970000001,	4.16,	nan,	90,	2
21,	1,	3,	2,	59,	uso_300ms_69.wav,	1,	143.87493300000008,	2.9,	nan,	90,	2
21,	1,	3,	2,	60,	uso_300ms_19.wav,	1,	113.19774800000012,	1.87,	nan,	90,	2
21,	1,	3,	2,	61,	uso_300ms_54.wav,	2,	179.91308200000012,	4.1,	nan,	90,	2
21,	1,	3,	2,	62,	uso_300ms_99.wav,	3,	212.34187700000004,	5.18,	nan,	90,	2
21,	1,	3,	2,	63,	uso_300ms_39.wav,	4,	250.76991000000007,	6.46,	nan,	90,	2
21,	1,	3,	2,	64,	uso_300ms_53.wav,	5,	286.39690700000006,	7.65,	nan,	90,	2
21,	1,	3,	2,	65,	uso_300ms_62.wav,	4,	251.014224,	6.47,	nan,	90,	2
21,	1,	3,	2,	66,	uso_300ms_65.wav,	3,	212.7249380000001,	5.19,	nan,	90,	2
21,	1,	3,	2,	67,	uso_300ms_16.wav,	2,	179.75589700000003,	4.09,	nan,	90,	2
21,	1,	3,	2,	68,	uso_300ms_7.wav,	1,	156.69296900000003,	3.32,	nan,	90,	2
21,	1,	3,	2,	69,	uso_300ms_22.wav,	2,	177.44244599999996,	4.01,	nan,	90,	2
21,	1,	3,	2,	70,	uso_300ms_93.wav,	4,	226.60636499999998,	5.65,	nan,	90,	2
21,	1,	3,	2,	71,	uso_300ms_20.wav,	3,	215.95235100000002,	5.3,	nan,	90,	2
21,	1,	3,	2,	72,	uso_300ms_68.wav,	4,	229.78572999999997,	5.76,	nan,	90,	2
21,	1,	3,	2,	73,	uso_300ms_25.wav,	5,	275.77416900000003,	7.29,	nan,	90,	2
21,	1,	3,	2,	74,	uso_300ms_47.wav,	5,	252.27177400000008,	6.51,	nan,	90,	2
21,	1,	3,	2,	75,	uso_300ms_44.wav,	3,	218.00449900000015,	5.37,	nan,	90,	2
21,	1,	3,	2,	76,	uso_300ms_79.wav,	2,	188.72902200000016,	4.39,	nan,	90,	2
21,	1,	3,	2,	77,	uso_300ms_98.wav,	1,	145.80607200000017,	2.96,	nan,	90,	2
21,	1,	3,	2,	78,	uso_300ms_64.wav,	3,	200.03317500000017,	4.77,	nan,	90,	2
21,	1,	3,	2,	79,	uso_300ms_42.wav,	2,	191.46931200000017,	4.48,	nan,	90,	2
21,	1,	3,	2,	80,	uso_300ms_96.wav,	1,	129.55536200000017,	2.42,	nan,	90,	2
21,	1,	3,	2,	81,	uso_300ms_29.wav,	2,	188.62456800000027,	4.39,	nan,	90,	2
21,	1,	3,	2,	82,	uso_300ms_68.wav,	3,	210.43769500000028,	5.11,	nan,	90,	2
21,	1,	3,	2,	83,	uso_300ms_33.wav,	4,	234.7795090000003,	5.93,	nan,	90,	2
21,	1,	3,	2,	84,	uso_300ms_4.wav,	5,	285.9936230000004,	7.63,	nan,	90,	2
21,	1,	3,	2,	85,	uso_300ms_90.wav,	5,	332.85612400000053,	9.2,	nan,	90,	2
21,	1,	3,	2,	86,	uso_300ms_9.wav,	5,	290.2545440000005,	7.78,	nan,	90,	2
21,	1,	3,	2,	87,	uso_300ms_70.wav,	5,	284.7585920000002,	7.59,	nan,	90,	2
21,	1,	3,	2,	88,	uso_300ms_5.wav,	4,	248.80855900000017,	6.39,	nan,	90,	2
21,	1,	3,	2,	89,	uso_300ms_80.wav,	3,	212.4898570000004,	5.18,	nan,	90,	2
21,	1,	3,	2,	90,	uso_300ms_57.wav,	3,	193.05016400000125,	4.54,	nan,	90,	2
