sub_id,cond_id,block_id,task_id,event_id,stim_id,speaker_id,led_id,led_distance,response_time,n_reps,isi
21,	1,	6,	1,	1,	uso_300ms_34.wav,	6,	246,	6.3,	3.977952241897583,	15,	0.3
21,	1,	6,	1,	2,	uso_300ms_88.wav,	5,	246,	6.3,	2.333512544631958,	15,	0.3
21,	1,	6,	1,	3,	uso_300ms_89.wav,	2,	151,	3.13,	2.7616283893585205,	15,	0.3
21,	1,	6,	1,	4,	uso_300ms_89.wav,	1,	151,	3.13,	0.9609341621398926,	15,	0.3
21,	1,	6,	1,	5,	uso_300ms_23.wav,	10,	266,	6.97,	3.3044140338897705,	15,	0.3
21,	1,	6,	1,	6,	uso_300ms_6.wav,	0,	148,	3.03,	2.323089838027954,	15,	0.3
21,	1,	6,	1,	7,	uso_300ms_85.wav,	4,	223,	5.53,	2.6616883277893066,	15,	0.3
21,	1,	6,	1,	8,	uso_300ms_14.wav,	8,	294,	7.9,	2.370251417160034,	15,	0.3
21,	1,	6,	1,	9,	uso_300ms_12.wav,	3,	194,	4.57,	2.442281484603882,	15,	0.3
21,	1,	6,	1,	10,	uso_300ms_74.wav,	9,	262,	6.83,	2.273331642150879,	15,	0.3
21,	1,	6,	1,	11,	uso_300ms_17.wav,	7,	262,	6.83,	2.3093042373657227,	15,	0.3
21,	1,	6,	1,	12,	uso_300ms_75.wav,	0,	156,	3.3,	2.1472764015197754,	15,	0.3
21,	1,	6,	1,	13,	uso_300ms_50.wav,	9,	303,	8.2,	2.0074644088745117,	15,	0.3
21,	1,	6,	1,	14,	uso_300ms_98.wav,	10,	260,	6.77,	1.9428284168243408,	15,	0.3
21,	1,	6,	1,	15,	uso_300ms_47.wav,	5,	299,	8.07,	1.8062949180603027,	15,	0.3
21,	1,	6,	1,	16,	uso_300ms_58.wav,	3,	196,	4.63,	2.5777595043182373,	15,	0.3
21,	1,	6,	1,	17,	uso_300ms_59.wav,	4,	245,	6.27,	1.6038358211517334,	15,	0.3
21,	1,	6,	1,	18,	uso_300ms_85.wav,	7,	293,	7.87,	1.8331551551818848,	15,	0.3
21,	1,	6,	1,	19,	uso_300ms_29.wav,	1,	143,	2.87,	1.8850245475769043,	15,	0.3
21,	1,	6,	1,	20,	uso_300ms_87.wav,	6,	189,	4.4,	3.5313704013824463,	15,	0.3
21,	1,	6,	1,	21,	uso_300ms_11.wav,	2,	189,	4.4,	2.156491756439209,	15,	0.3
21,	1,	6,	1,	22,	uso_300ms_27.wav,	8,	274,	7.23,	1.5699694156646729,	15,	0.3
21,	1,	6,	1,	23,	uso_300ms_51.wav,	7,	269,	7.07,	1.9413609504699707,	15,	0.3
21,	1,	6,	1,	24,	uso_300ms_92.wav,	2,	150,	3.1,	3.6217525005340576,	15,	0.3
21,	1,	6,	1,	25,	uso_300ms_48.wav,	10,	263,	6.87,	1.556316614151001,	15,	0.3
21,	1,	6,	1,	26,	uso_300ms_44.wav,	4,	191,	4.47,	1.7971537113189697,	15,	0.3
21,	1,	6,	1,	27,	uso_300ms_92.wav,	9,	265,	6.93,	2.0829429626464844,	15,	0.3
21,	1,	6,	1,	28,	uso_300ms_77.wav,	6,	265,	6.93,	0.7256147861480713,	15,	0.3
21,	1,	6,	1,	29,	uso_300ms_52.wav,	3,	199,	4.73,	1.7003204822540283,	15,	0.3
21,	1,	6,	1,	30,	uso_300ms_24.wav,	5,	260,	6.77,	2.0002050399780273,	15,	0.3
21,	1,	6,	1,	31,	uso_300ms_83.wav,	8,	260,	6.77,	0.9755878448486328,	15,	0.3
21,	1,	6,	1,	32,	uso_300ms_13.wav,	0,	158,	3.37,	1.5899813175201416,	15,	0.3
21,	1,	6,	1,	33,	uso_300ms_57.wav,	1,	146,	2.97,	2.9587860107421875,	15,	0.3
21,	1,	6,	1,	34,	uso_300ms_62.wav,	9,	300,	8.1,	1.8649168014526367,	15,	0.3
21,	1,	6,	1,	35,	uso_300ms_49.wav,	2,	185,	4.27,	1.5212273597717285,	15,	0.3
21,	1,	6,	1,	36,	uso_300ms_71.wav,	3,	225,	5.6,	1.592921495437622,	15,	0.3
21,	1,	6,	1,	37,	uso_300ms_94.wav,	7,	261,	6.8,	1.8363075256347656,	15,	0.3
21,	1,	6,	1,	38,	uso_300ms_11.wav,	0,	157,	3.33,	2.815809965133667,	15,	0.3
21,	1,	6,	1,	39,	uso_300ms_37.wav,	10,	260,	6.77,	1.6579148769378662,	15,	0.3
21,	1,	6,	1,	40,	uso_300ms_45.wav,	4,	194,	4.57,	2.1037967205047607,	15,	0.3
21,	1,	6,	1,	41,	uso_300ms_38.wav,	6,	195,	4.6,	2.440718650817871,	15,	0.3
21,	1,	6,	1,	42,	uso_300ms_26.wav,	1,	160,	3.43,	1.8053717613220215,	15,	0.3
21,	1,	6,	1,	43,	uso_300ms_32.wav,	8,	265,	6.93,	3.958066701889038,	15,	0.3
21,	1,	6,	1,	44,	uso_300ms_4.wav,	5,	225,	5.6,	2.173375129699707,	15,	0.3
21,	1,	6,	1,	45,	uso_300ms_9.wav,	7,	268,	7.03,	1.3659307956695557,	15,	0.3
21,	1,	6,	1,	46,	uso_300ms_15.wav,	1,	185,	4.27,	2.612529754638672,	15,	0.3
21,	1,	6,	1,	47,	uso_300ms_18.wav,	3,	185,	4.27,	1.2329204082489014,	15,	0.3
21,	1,	6,	1,	48,	uso_300ms_63.wav,	6,	289,	7.73,	3.418484687805176,	15,	0.3
21,	1,	6,	1,	49,	uso_300ms_39.wav,	4,	193,	4.53,	3.272156000137329,	15,	0.3
21,	1,	6,	1,	50,	uso_300ms_76.wav,	8,	268,	7.03,	1.3319203853607178,	15,	0.3
21,	1,	6,	1,	51,	uso_300ms_72.wav,	0,	155,	3.27,	1.6250112056732178,	15,	0.3
21,	1,	6,	1,	52,	uso_300ms_36.wav,	9,	198,	4.7,	2.410461664199829,	15,	0.3
21,	1,	6,	1,	53,	uso_300ms_68.wav,	10,	300,	8.1,	2.4887025356292725,	15,	0.3
21,	1,	6,	1,	54,	uso_300ms_17.wav,	5,	257,	6.67,	1.7553832530975342,	15,	0.3
21,	1,	6,	1,	55,	uso_300ms_31.wav,	2,	192,	4.5,	1.8620100021362305,	15,	0.3
21,	1,	6,	1,	56,	uso_300ms_19.wav,	5,	192,	4.5,	1.1935186386108398,	15,	0.3
21,	1,	6,	1,	57,	uso_300ms_81.wav,	1,	151,	3.13,	2.146846294403076,	15,	0.3
21,	1,	6,	1,	58,	uso_300ms_37.wav,	9,	250,	6.43,	1.793483018875122,	15,	0.3
21,	1,	6,	1,	59,	uso_300ms_63.wav,	10,	292,	7.83,	1.7954652309417725,	15,	0.3
21,	1,	6,	1,	60,	uso_300ms_93.wav,	2,	186,	4.3,	2.6512789726257324,	15,	0.3
21,	1,	6,	1,	61,	uso_300ms_66.wav,	6,	291,	7.8,	3.2785379886627197,	15,	0.3
21,	1,	6,	1,	62,	uso_300ms_5.wav,	0,	156,	3.3,	1.8299970626831055,	15,	0.3
21,	1,	6,	1,	63,	uso_300ms_88.wav,	8,	261,	6.8,	2.040121555328369,	15,	0.3
21,	1,	6,	1,	64,	uso_300ms_91.wav,	4,	289,	7.73,	1.9162659645080566,	15,	0.3
21,	1,	6,	1,	65,	uso_300ms_81.wav,	3,	213,	5.2,	1.6250195503234863,	15,	0.3
21,	1,	6,	1,	66,	uso_300ms_53.wav,	7,	264,	6.9,	1.9918487071990967,	15,	0.3
21,	1,	6,	1,	67,	uso_300ms_95.wav,	0,	151,	3.13,	1.6407341957092285,	15,	0.3
21,	1,	6,	1,	68,	uso_300ms_52.wav,	7,	247,	6.33,	2.6431732177734375,	15,	0.3
21,	1,	6,	1,	69,	uso_300ms_29.wav,	10,	296,	7.97,	1.952812671661377,	15,	0.3
21,	1,	6,	1,	70,	uso_300ms_81.wav,	6,	251,	6.47,	1.4830410480499268,	15,	0.3
21,	1,	6,	1,	71,	uso_300ms_73.wav,	9,	249,	6.4,	1.4135558605194092,	15,	0.3
21,	1,	6,	1,	72,	uso_300ms_15.wav,	4,	291,	7.8,	1.877049446105957,	15,	0.3
21,	1,	6,	1,	73,	uso_300ms_95.wav,	1,	156,	3.3,	1.628432273864746,	15,	0.3
21,	1,	6,	1,	74,	uso_300ms_56.wav,	3,	201,	4.8,	1.7036056518554688,	15,	0.3
21,	1,	6,	1,	75,	uso_300ms_97.wav,	8,	241,	6.13,	2.098050355911255,	15,	0.3
21,	1,	6,	1,	76,	uso_300ms_94.wav,	2,	234,	5.9,	4.673941135406494,	15,	0.3
21,	1,	6,	1,	77,	uso_300ms_13.wav,	5,	308,	8.37,	2.6247637271881104,	15,	0.3
21,	1,	6,	1,	78,	uso_300ms_74.wav,	8,	291,	7.8,	1.5777745246887207,	15,	0.3
21,	1,	6,	1,	79,	uso_300ms_4.wav,	1,	231,	5.8,	3.4235992431640625,	15,	0.3
21,	1,	6,	1,	80,	uso_300ms_41.wav,	9,	175,	3.93,	2.295069932937622,	15,	0.3
21,	1,	6,	1,	81,	uso_300ms_9.wav,	3,	223,	5.53,	1.856454849243164,	15,	0.3
21,	1,	6,	1,	82,	uso_300ms_90.wav,	10,	275,	7.27,	1.5773756504058838,	15,	0.3
21,	1,	6,	1,	83,	uso_300ms_76.wav,	2,	230,	5.77,	1.629331350326538,	15,	0.3
21,	1,	6,	1,	84,	uso_300ms_46.wav,	0,	152,	3.17,	2.3967061042785645,	15,	0.3
21,	1,	6,	1,	85,	uso_300ms_21.wav,	7,	188,	4.37,	2.2599048614501953,	15,	0.3
21,	1,	6,	1,	86,	uso_300ms_30.wav,	4,	189,	4.4,	1.7868337631225586,	15,	0.3
21,	1,	6,	1,	87,	uso_300ms_31.wav,	6,	189,	4.4,	1.1127009391784668,	15,	0.3
21,	1,	6,	1,	88,	uso_300ms_28.wav,	5,	229,	5.73,	1.487776279449463,	15,	0.3
21,	1,	6,	1,	89,	uso_300ms_12.wav,	8,	185,	4.27,	2.769968271255493,	15,	0.3
21,	1,	6,	1,	90,	uso_300ms_21.wav,	9,	241,	6.13,	2.971407413482666,	15,	0.3
21,	1,	6,	1,	91,	uso_300ms_75.wav,	10,	214,	5.23,	3.505117893218994,	15,	0.3
21,	1,	6,	1,	92,	uso_300ms_12.wav,	5,	253,	6.53,	1.903918981552124,	15,	0.3
21,	1,	6,	1,	93,	uso_300ms_55.wav,	1,	192,	4.5,	2.0918900966644287,	15,	0.3
21,	1,	6,	1,	94,	uso_300ms_59.wav,	4,	192,	4.5,	1.8892219066619873,	15,	0.3
21,	1,	6,	1,	95,	uso_300ms_31.wav,	7,	249,	6.4,	1.708526611328125,	15,	0.3
21,	1,	6,	1,	96,	uso_300ms_70.wav,	2,	248,	6.37,	2.986544370651245,	15,	0.3
21,	1,	6,	1,	97,	uso_300ms_51.wav,	3,	197,	4.67,	1.8077137470245361,	15,	0.3
21,	1,	6,	1,	98,	uso_300ms_90.wav,	0,	197,	4.67,	2.3259520530700684,	15,	0.3
21,	1,	6,	1,	99,	uso_300ms_95.wav,	6,	296,	7.97,	2.7680702209472656,	15,	0.3
21,	1,	6,	1,	100,	uso_300ms_79.wav,	4,	256,	6.63,	2.248749256134033,	15,	0.3
21,	1,	6,	1,	101,	uso_300ms_54.wav,	0,	153,	3.2,	1.8742356300354004,	15,	0.3
21,	1,	6,	1,	102,	uso_300ms_27.wav,	1,	153,	3.2,	1.5975353717803955,	15,	0.3
21,	1,	6,	1,	103,	uso_300ms_44.wav,	7,	295,	7.93,	2.3596880435943604,	15,	0.3
21,	1,	6,	1,	104,	uso_300ms_99.wav,	5,	295,	7.93,	1.2347066402435303,	15,	0.3
21,	1,	6,	1,	105,	uso_300ms_54.wav,	6,	251,	6.47,	1.6940488815307617,	15,	0.3
21,	1,	6,	1,	106,	uso_300ms_64.wav,	9,	251,	6.47,	1.228663444519043,	15,	0.3
21,	1,	6,	1,	107,	uso_300ms_58.wav,	10,	257,	6.67,	2.7371716499328613,	15,	0.3
21,	1,	6,	1,	108,	uso_300ms_40.wav,	3,	203,	4.87,	1.4431254863739014,	15,	0.3
21,	1,	6,	1,	109,	uso_300ms_1.wav,	2,	243,	6.2,	2.6408019065856934,	15,	0.3
21,	1,	6,	1,	110,	uso_300ms_47.wav,	8,	289,	7.73,	1.3405733108520508,	15,	0.3
21,	1,	6,	1,	111,	uso_300ms_100.wav,	10,	289,	7.73,	1.2546489238739014,	15,	0.3
21,	1,	6,	1,	112,	uso_300ms_85.wav,	7,	200,	4.77,	2.88733172416687,	15,	0.3
21,	1,	6,	1,	113,	uso_300ms_35.wav,	1,	200,	4.77,	1.5937597751617432,	15,	0.3
21,	1,	6,	1,	114,	uso_300ms_28.wav,	4,	248,	6.37,	2.405128240585327,	15,	0.3
21,	1,	6,	1,	115,	uso_300ms_50.wav,	2,	195,	4.6,	1.9371492862701416,	15,	0.3
21,	1,	6,	1,	116,	uso_300ms_22.wav,	0,	156,	3.3,	1.3847415447235107,	15,	0.3
21,	1,	6,	1,	117,	uso_300ms_43.wav,	3,	206,	4.97,	1.3165504932403564,	15,	0.3
21,	1,	6,	1,	118,	uso_300ms_44.wav,	6,	234,	5.9,	1.1626229286193848,	15,	0.3
21,	1,	6,	1,	119,	uso_300ms_12.wav,	5,	234,	5.9,	1.0605602264404297,	15,	0.3
21,	1,	6,	1,	120,	uso_300ms_85.wav,	8,	252,	6.5,	1.5374789237976074,	15,	0.3
21,	1,	6,	1,	121,	uso_300ms_78.wav,	9,	273,	7.2,	1.2644529342651367,	15,	0.3
21,	1,	6,	1,	122,	uso_300ms_1.wav,	2,	273,	7.2,	2.6413462162017822,	15,	0.3
21,	1,	6,	1,	123,	uso_300ms_89.wav,	10,	217,	5.33,	1.8627417087554932,	15,	0.3
21,	1,	6,	1,	124,	uso_300ms_84.wav,	7,	195,	4.6,	2.4663524627685547,	15,	0.3
21,	1,	6,	1,	125,	uso_300ms_72.wav,	0,	156,	3.3,	1.6517419815063477,	15,	0.3
21,	1,	6,	1,	126,	uso_300ms_65.wav,	1,	156,	3.3,	0.7017319202423096,	15,	0.3
21,	1,	6,	1,	127,	uso_300ms_75.wav,	6,	267,	7.0,	2.4949333667755127,	15,	0.3
21,	1,	6,	1,	128,	uso_300ms_41.wav,	3,	198,	4.7,	1.8901913166046143,	15,	0.3
21,	1,	6,	1,	129,	uso_300ms_57.wav,	8,	262,	6.83,	1.6530165672302246,	15,	0.3
21,	1,	6,	1,	130,	uso_300ms_27.wav,	5,	262,	6.83,	0.88924241065979,	15,	0.3
21,	1,	6,	1,	131,	uso_300ms_2.wav,	9,	295,	7.93,	1.6237895488739014,	15,	0.3
21,	1,	6,	1,	132,	uso_300ms_76.wav,	4,	238,	6.03,	1.537766695022583,	15,	0.3
21,	1,	6,	1,	133,	uso_300ms_83.wav,	10,	299,	8.07,	1.9439349174499512,	15,	0.3
21,	1,	6,	1,	134,	uso_300ms_1.wav,	9,	299,	8.07,	0.9990839958190918,	15,	0.3
21,	1,	6,	1,	135,	uso_300ms_22.wav,	0,	152,	3.17,	1.7395954132080078,	15,	0.3
21,	1,	6,	1,	136,	uso_300ms_94.wav,	6,	185,	4.27,	1.5200941562652588,	15,	0.3
21,	1,	6,	1,	137,	uso_300ms_66.wav,	1,	185,	4.27,	1.3141238689422607,	15,	0.3
21,	1,	6,	1,	138,	uso_300ms_8.wav,	3,	188,	4.37,	1.309553861618042,	15,	0.3
21,	1,	6,	1,	139,	uso_300ms_8.wav,	2,	188,	4.37,	0.9116747379302979,	15,	0.3
21,	1,	6,	1,	140,	uso_300ms_88.wav,	4,	221,	5.47,	1.351933240890503,	15,	0.3
21,	1,	6,	1,	141,	uso_300ms_15.wav,	8,	261,	6.8,	1.3060331344604492,	15,	0.3
21,	1,	6,	1,	142,	uso_300ms_29.wav,	5,	261,	6.8,	0.7952265739440918,	15,	0.3
21,	1,	6,	1,	143,	uso_300ms_28.wav,	7,	287,	7.67,	1.6816048622131348,	15,	0.3
21,	1,	6,	1,	144,	uso_300ms_47.wav,	4,	287,	7.67,	0.9852488040924072,	15,	0.3
21,	1,	6,	1,	145,	uso_300ms_60.wav,	2,	240,	6.1,	1.2681593894958496,	15,	0.3
21,	1,	6,	1,	146,	uso_300ms_55.wav,	5,	240,	6.1,	1.000878095626831,	15,	0.3
21,	1,	6,	1,	147,	uso_300ms_38.wav,	0,	154,	3.23,	1.353926420211792,	15,	0.3
21,	1,	6,	1,	148,	uso_300ms_69.wav,	1,	154,	3.23,	0.6506578922271729,	15,	0.3
21,	1,	6,	1,	149,	uso_300ms_90.wav,	7,	255,	6.6,	1.4617056846618652,	15,	0.3
21,	1,	6,	1,	150,	uso_300ms_5.wav,	6,	255,	6.6,	1.347830057144165,	15,	0.3
21,	1,	6,	1,	151,	uso_300ms_17.wav,	9,	197,	4.67,	2.2856221199035645,	15,	0.3
21,	1,	6,	1,	152,	uso_300ms_12.wav,	10,	243,	6.2,	1.8895277976989746,	15,	0.3
21,	1,	6,	1,	153,	uso_300ms_71.wav,	8,	296,	7.97,	1.3199820518493652,	15,	0.3
21,	1,	6,	1,	154,	uso_300ms_88.wav,	3,	208,	5.03,	1.555323600769043,	15,	0.3
21,	1,	6,	1,	155,	uso_300ms_100.wav,	0,	147,	3.0,	1.2972157001495361,	15,	0.3
21,	1,	6,	1,	156,	uso_300ms_71.wav,	1,	153,	3.2,	0.9767489433288574,	15,	0.3
21,	1,	6,	1,	157,	uso_300ms_38.wav,	4,	239,	6.07,	1.8856756687164307,	15,	0.3
21,	1,	6,	1,	158,	uso_300ms_97.wav,	6,	239,	6.07,	1.1076850891113281,	15,	0.3
21,	1,	6,	1,	159,	uso_300ms_63.wav,	8,	289,	7.73,	1.5139579772949219,	15,	0.3
21,	1,	6,	1,	160,	uso_300ms_68.wav,	7,	289,	7.73,	0.9536290168762207,	15,	0.3
21,	1,	6,	1,	161,	uso_300ms_56.wav,	5,	250,	6.43,	1.3339464664459229,	15,	0.3
21,	1,	6,	1,	162,	uso_300ms_77.wav,	2,	219,	5.4,	1.2762136459350586,	15,	0.3
21,	1,	6,	1,	163,	uso_300ms_72.wav,	3,	257,	6.67,	1.5609686374664307,	15,	0.3
21,	1,	6,	1,	164,	uso_300ms_7.wav,	10,	292,	7.83,	1.8064773082733154,	15,	0.3
21,	1,	6,	1,	165,	uso_300ms_84.wav,	9,	292,	7.83,	0.8430469036102295,	15,	0.3
