sub_id,cond_id,block_id,task_id,event_id,stim_id,speaker_id,led_id,led_distance,response_time,n_reps,isi
21,	1,	1,	2,	1,	uso_300ms_82.wav,	3,	149,	3.07,	0.20104289054870605,	15,	0.3
21,	1,	1,	2,	2,	uso_300ms_45.wav,	2,	215,	5.27,	5.1534059047698975,	15,	0.3
21,	1,	1,	2,	3,	uso_300ms_55.wav,	5,	168,	3.7,	6.519765853881836,	15,	0.3
21,	1,	1,	2,	4,	uso_300ms_83.wav,	4,	374,	10.57,	6.351811408996582,	15,	0.3
21,	1,	1,	2,	5,	uso_300ms_54.wav,	1,	326,	8.97,	5.179387092590332,	15,	0.3
21,	1,	1,	2,	6,	uso_300ms_56.wav,	3,	436,	12.63,	3.49674391746521,	15,	0.3
21,	1,	1,	2,	7,	uso_300ms_19.wav,	1,	213,	5.2,	8.10504937171936,	15,	0.3
21,	1,	1,	2,	8,	uso_300ms_72.wav,	2,	312,	8.5,	10.26547908782959,	15,	0.3
21,	1,	1,	2,	9,	uso_300ms_65.wav,	4,	363,	10.2,	6.849674940109253,	15,	0.3
21,	1,	1,	2,	10,	uso_300ms_19.wav,	5,	430,	12.43,	6.597904205322266,	15,	0.3
21,	1,	1,	2,	11,	uso_300ms_42.wav,	3,	391,	11.13,	5.833845853805542,	15,	0.3
21,	1,	1,	2,	12,	uso_300ms_10.wav,	1,	211,	5.13,	11.12564730644226,	15,	0.3
21,	1,	1,	2,	13,	uso_300ms_86.wav,	5,	419,	12.07,	7.386570692062378,	15,	0.3
21,	1,	1,	2,	14,	uso_300ms_91.wav,	4,	381,	10.8,	11.07638430595398,	15,	0.3
21,	1,	1,	2,	15,	uso_300ms_44.wav,	2,	321,	8.8,	12.290767669677734,	15,	0.3
21,	1,	1,	2,	16,	uso_300ms_89.wav,	4,	398,	11.37,	8.074739217758179,	15,	0.3
21,	1,	1,	2,	17,	uso_300ms_35.wav,	5,	439,	12.73,	7.697835445404053,	15,	0.3
21,	1,	1,	2,	18,	uso_300ms_19.wav,	1,	177,	4.0,	7.203448534011841,	15,	0.3
21,	1,	1,	2,	19,	uso_300ms_38.wav,	3,	305,	8.27,	14.403621196746826,	15,	0.3
21,	1,	1,	2,	20,	uso_300ms_37.wav,	2,	220,	5.43,	7.030618906021118,	15,	0.3
21,	1,	1,	2,	21,	uso_300ms_22.wav,	4,	357,	10.0,	9.25339651107788,	15,	0.3
21,	1,	1,	2,	22,	uso_300ms_87.wav,	1,	193,	4.53,	10.481661081314087,	15,	0.3
21,	1,	1,	2,	23,	uso_300ms_20.wav,	5,	418,	12.03,	7.355198621749878,	15,	0.3
21,	1,	1,	2,	24,	uso_300ms_42.wav,	2,	325,	8.93,	5.355562448501587,	15,	0.3
21,	1,	1,	2,	25,	uso_300ms_58.wav,	3,	283,	7.53,	8.880725622177124,	15,	0.3
21,	1,	1,	2,	26,	uso_300ms_26.wav,	2,	403,	11.53,	7.0847272872924805,	15,	0.3
21,	1,	1,	2,	27,	uso_300ms_53.wav,	4,	386,	10.97,	10.663261413574219,	15,	0.3
21,	1,	1,	2,	28,	uso_300ms_59.wav,	3,	274,	7.23,	10.087975025177002,	15,	0.3
21,	1,	1,	2,	29,	uso_300ms_38.wav,	1,	211,	5.13,	4.426936388015747,	15,	0.3
21,	1,	1,	2,	30,	uso_300ms_21.wav,	5,	341,	9.47,	6.19797158241272,	15,	0.3
21,	1,	1,	2,	31,	uso_300ms_48.wav,	2,	416,	11.97,	7.398293733596802,	15,	0.3
21,	1,	1,	2,	32,	uso_300ms_34.wav,	3,	314,	8.57,	7.323477506637573,	15,	0.3
21,	1,	1,	2,	33,	uso_300ms_75.wav,	1,	188,	4.37,	9.459620475769043,	15,	0.3
21,	1,	1,	2,	34,	uso_300ms_57.wav,	5,	341,	9.47,	11.682143688201904,	15,	0.3
21,	1,	1,	2,	35,	uso_300ms_45.wav,	4,	426,	12.3,	6.840715408325195,	15,	0.3
21,	1,	1,	2,	36,	uso_300ms_46.wav,	2,	214,	5.23,	7.201521635055542,	15,	0.3
21,	1,	1,	2,	37,	uso_300ms_36.wav,	5,	376,	10.63,	15.315414428710938,	15,	0.3
21,	1,	1,	2,	38,	uso_300ms_56.wav,	3,	285,	7.6,	6.027745723724365,	15,	0.3
21,	1,	1,	2,	39,	uso_300ms_27.wav,	4,	369,	10.4,	5.787364721298218,	15,	0.3
21,	1,	1,	2,	40,	uso_300ms_83.wav,	1,	312,	8.5,	8.958902835845947,	15,	0.3
21,	1,	1,	2,	41,	uso_300ms_93.wav,	2,	215,	5.27,	7.01007342338562,	15,	0.3
21,	1,	1,	2,	42,	uso_300ms_94.wav,	4,	418,	12.03,	8.522450923919678,	15,	0.3
21,	1,	1,	2,	43,	uso_300ms_72.wav,	1,	340,	9.43,	7.253954887390137,	15,	0.3
21,	1,	1,	2,	44,	uso_300ms_3.wav,	5,	267,	7.0,	4.19441032409668,	15,	0.3
21,	1,	1,	2,	45,	uso_300ms_86.wav,	3,	248,	6.37,	5.7534496784210205,	15,	0.3
21,	1,	1,	2,	46,	uso_300ms_55.wav,	4,	230,	5.77,	8.631009101867676,	15,	0.3
21,	1,	1,	2,	47,	uso_300ms_97.wav,	1,	158,	3.37,	4.505338430404663,	15,	0.3
21,	1,	1,	2,	48,	uso_300ms_100.wav,	2,	224,	5.57,	5.020137071609497,	15,	0.3
21,	1,	1,	2,	49,	uso_300ms_49.wav,	3,	284,	7.57,	5.046301364898682,	15,	0.3
21,	1,	1,	2,	50,	uso_300ms_68.wav,	5,	343,	9.53,	3.4677529335021973,	15,	0.3
21,	1,	1,	2,	51,	uso_300ms_40.wav,	2,	399,	11.4,	4.806300640106201,	15,	0.3
21,	1,	1,	2,	52,	uso_300ms_83.wav,	5,	362,	10.17,	7.08655309677124,	15,	0.3
21,	1,	1,	2,	53,	uso_300ms_98.wav,	3,	275,	7.27,	5.772567510604858,	15,	0.3
21,	1,	1,	2,	54,	uso_300ms_59.wav,	1,	162,	3.5,	6.280555248260498,	15,	0.3
21,	1,	1,	2,	55,	uso_300ms_12.wav,	4,	275,	7.27,	6.838359832763672,	15,	0.3
21,	1,	1,	2,	56,	uso_300ms_81.wav,	3,	344,	9.57,	6.479810953140259,	15,	0.3
21,	1,	1,	2,	57,	uso_300ms_48.wav,	1,	215,	5.27,	6.719178199768066,	15,	0.3
21,	1,	1,	2,	58,	uso_300ms_98.wav,	2,	244,	6.23,	5.60506010055542,	15,	0.3
21,	1,	1,	2,	59,	uso_300ms_16.wav,	4,	189,	4.4,	8.581836700439453,	15,	0.3
21,	1,	1,	2,	60,	uso_300ms_79.wav,	5,	405,	11.6,	4.434258937835693,	15,	0.3
21,	1,	1,	2,	61,	uso_300ms_55.wav,	1,	261,	6.8,	5.420227766036987,	15,	0.3
21,	1,	1,	2,	62,	uso_300ms_48.wav,	3,	391,	11.13,	3.115449905395508,	15,	0.3
21,	1,	1,	2,	63,	uso_300ms_65.wav,	4,	331,	9.13,	5.061787128448486,	15,	0.3
21,	1,	1,	2,	64,	uso_300ms_45.wav,	5,	411,	11.8,	2.6255595684051514,	15,	0.3
21,	1,	1,	2,	65,	uso_300ms_87.wav,	2,	279,	7.4,	4.128475904464722,	15,	0.3
21,	1,	1,	2,	66,	uso_300ms_39.wav,	5,	425,	12.27,	5.465350866317749,	15,	0.3
21,	1,	1,	2,	67,	uso_300ms_29.wav,	4,	313,	8.53,	6.154270172119141,	15,	0.3
21,	1,	1,	2,	68,	uso_300ms_79.wav,	1,	250,	6.43,	3.8009426593780518,	15,	0.3
21,	1,	1,	2,	69,	uso_300ms_69.wav,	2,	407,	11.67,	12.414382696151733,	15,	0.3
21,	1,	1,	2,	70,	uso_300ms_81.wav,	3,	415,	11.93,	5.931331396102905,	15,	0.3
21,	1,	1,	2,	71,	uso_300ms_77.wav,	1,	163,	3.53,	4.535546779632568,	15,	0.3
21,	1,	1,	2,	72,	uso_300ms_84.wav,	4,	345,	9.6,	5.788535118103027,	15,	0.3
21,	1,	1,	2,	73,	uso_300ms_40.wav,	3,	197,	4.67,	5.142576694488525,	15,	0.3
21,	1,	1,	2,	74,	uso_300ms_61.wav,	5,	280,	7.43,	5.002922534942627,	15,	0.3
21,	1,	1,	2,	75,	uso_300ms_19.wav,	2,	203,	4.87,	4.132654905319214,	15,	0.3
