sub_id,cond_id,block_id,task_id,event_id,stim_id,speaker_id,led_id,led_distance,response_time,n_reps,isi
21,	1,	2,	2,	1,	uso_300ms_72.wav,	3,	253,	6.53,	4.315340042114258,	15,	0.3
21,	1,	2,	2,	2,	uso_300ms_27.wav,	4,	174,	3.9,	2.1889781951904297,	15,	0.3
21,	1,	2,	2,	3,	uso_300ms_9.wav,	2,	151,	3.13,	3.1002626419067383,	15,	0.3
21,	1,	2,	2,	4,	uso_300ms_35.wav,	5,	381,	10.8,	2.668221950531006,	15,	0.3
21,	1,	2,	2,	5,	uso_300ms_84.wav,	1,	157,	3.33,	2.9947614669799805,	15,	0.3
21,	1,	2,	2,	6,	uso_300ms_87.wav,	2,	202,	4.83,	1.4219779968261719,	15,	0.3
21,	1,	2,	2,	7,	uso_300ms_61.wav,	4,	351,	9.8,	2.017629623413086,	15,	0.3
21,	1,	2,	2,	8,	uso_300ms_29.wav,	5,	383,	10.87,	3.068509340286255,	15,	0.3
21,	1,	2,	2,	9,	uso_300ms_93.wav,	1,	134,	2.57,	5.715770959854126,	15,	0.3
21,	1,	2,	2,	10,	uso_300ms_38.wav,	3,	191,	4.47,	1.8758814334869385,	15,	0.3
21,	1,	2,	2,	11,	uso_300ms_18.wav,	1,	142,	2.83,	4.06452488899231,	15,	0.3
21,	1,	2,	2,	12,	uso_300ms_100.wav,	5,	261,	6.8,	2.7792248725891113,	15,	0.3
21,	1,	2,	2,	13,	uso_300ms_52.wav,	4,	194,	4.57,	2.4859495162963867,	15,	0.3
21,	1,	2,	2,	14,	uso_300ms_19.wav,	2,	163,	3.53,	2.2707631587982178,	15,	0.3
21,	1,	2,	2,	15,	uso_300ms_18.wav,	3,	231,	5.8,	2.401660203933716,	15,	0.3
21,	1,	2,	2,	16,	uso_300ms_7.wav,	2,	192,	4.5,	2.5665385723114014,	15,	0.3
21,	1,	2,	2,	17,	uso_300ms_44.wav,	1,	131,	2.47,	2.3397727012634277,	15,	0.3
21,	1,	2,	2,	18,	uso_300ms_48.wav,	4,	350,	9.77,	2.901506185531616,	15,	0.3
21,	1,	2,	2,	19,	uso_300ms_75.wav,	5,	273,	7.2,	2.2785215377807617,	15,	0.3
21,	1,	2,	2,	20,	uso_300ms_41.wav,	3,	343,	9.53,	4.49907374382019,	15,	0.3
21,	1,	2,	2,	21,	uso_300ms_12.wav,	4,	261,	6.8,	3.15010142326355,	15,	0.3
21,	1,	2,	2,	22,	uso_300ms_86.wav,	5,	379,	10.73,	4.29461669921875,	15,	0.3
21,	1,	2,	2,	23,	uso_300ms_59.wav,	3,	187,	4.33,	2.725311517715454,	15,	0.3
21,	1,	2,	2,	24,	uso_300ms_10.wav,	2,	157,	3.33,	3.241196393966675,	15,	0.3
21,	1,	2,	2,	25,	uso_300ms_99.wav,	1,	137,	2.67,	3.780327081680298,	15,	0.3
21,	1,	2,	2,	26,	uso_300ms_79.wav,	2,	224,	5.57,	2.5372138023376465,	15,	0.3
21,	1,	2,	2,	27,	uso_300ms_56.wav,	3,	379,	10.73,	2.7343506813049316,	15,	0.3
21,	1,	2,	2,	28,	uso_300ms_8.wav,	1,	163,	3.53,	3.283331871032715,	15,	0.3
21,	1,	2,	2,	29,	uso_300ms_36.wav,	4,	368,	10.37,	4.014347314834595,	15,	0.3
21,	1,	2,	2,	30,	uso_300ms_25.wav,	5,	252,	6.5,	3.5262606143951416,	15,	0.3
21,	1,	2,	2,	31,	uso_300ms_83.wav,	1,	164,	3.57,	3.5754175186157227,	15,	0.3
21,	1,	2,	2,	32,	uso_300ms_34.wav,	4,	405,	11.6,	3.5222370624542236,	15,	0.3
21,	1,	2,	2,	33,	uso_300ms_46.wav,	5,	435,	12.6,	4.951615810394287,	15,	0.3
21,	1,	2,	2,	34,	uso_300ms_79.wav,	2,	258,	6.7,	2.016284942626953,	15,	0.3
21,	1,	2,	2,	35,	uso_300ms_84.wav,	3,	350,	9.77,	3.4558846950531006,	15,	0.3
21,	1,	2,	2,	36,	uso_300ms_80.wav,	2,	185,	4.27,	2.5802958011627197,	15,	0.3
21,	1,	2,	2,	37,	uso_300ms_54.wav,	4,	403,	11.53,	2.5119435787200928,	15,	0.3
21,	1,	2,	2,	38,	uso_300ms_49.wav,	1,	130,	2.43,	2.7964887619018555,	15,	0.3
21,	1,	2,	2,	39,	uso_300ms_24.wav,	3,	186,	4.3,	2.781712293624878,	15,	0.3
21,	1,	2,	2,	40,	uso_300ms_79.wav,	5,	418,	12.03,	3.0720150470733643,	15,	0.3
21,	1,	2,	2,	41,	uso_300ms_15.wav,	2,	205,	4.93,	2.3297555446624756,	15,	0.3
21,	1,	2,	2,	42,	uso_300ms_68.wav,	5,	371,	10.47,	2.3077402114868164,	15,	0.3
21,	1,	2,	2,	43,	uso_300ms_51.wav,	4,	410,	11.77,	2.5595133304595947,	15,	0.3
21,	1,	2,	2,	44,	uso_300ms_79.wav,	3,	251,	6.47,	2.115011215209961,	15,	0.3
21,	1,	2,	2,	45,	uso_300ms_75.wav,	1,	139,	2.73,	2.838447093963623,	15,	0.3
21,	1,	2,	2,	46,	uso_300ms_32.wav,	2,	238,	6.03,	2.742759943008423,	15,	0.3
21,	1,	2,	2,	47,	uso_300ms_73.wav,	3,	169,	3.73,	4.604883193969727,	15,	0.3
21,	1,	2,	2,	48,	uso_300ms_74.wav,	1,	131,	2.47,	1.9230802059173584,	15,	0.3
21,	1,	2,	2,	49,	uso_300ms_25.wav,	4,	380,	10.77,	2.5152270793914795,	15,	0.3
21,	1,	2,	2,	50,	uso_300ms_73.wav,	5,	444,	12.9,	2.6848275661468506,	15,	0.3
21,	1,	2,	2,	51,	uso_300ms_17.wav,	2,	203,	4.87,	2.841675043106079,	15,	0.3
21,	1,	2,	2,	52,	uso_300ms_91.wav,	3,	384,	10.9,	3.4002139568328857,	15,	0.3
21,	1,	2,	2,	53,	uso_300ms_8.wav,	1,	152,	3.17,	3.2681798934936523,	15,	0.3
21,	1,	2,	2,	54,	uso_300ms_57.wav,	5,	409,	11.73,	4.441261529922485,	15,	0.3
21,	1,	2,	2,	55,	uso_300ms_26.wav,	4,	274,	7.23,	3.9116744995117188,	15,	0.3
21,	1,	2,	2,	56,	uso_300ms_72.wav,	1,	145,	2.93,	2.15716290473938,	15,	0.3
21,	1,	2,	2,	57,	uso_300ms_32.wav,	3,	284,	7.57,	2.532094717025757,	15,	0.3
21,	1,	2,	2,	58,	uso_300ms_23.wav,	4,	193,	4.53,	3.632786512374878,	15,	0.3
21,	1,	2,	2,	59,	uso_300ms_67.wav,	2,	242,	6.17,	4.191580772399902,	15,	0.3
21,	1,	2,	2,	60,	uso_300ms_36.wav,	5,	414,	11.9,	2.1715478897094727,	15,	0.3
21,	1,	2,	2,	61,	uso_300ms_51.wav,	3,	287,	7.67,	2.082545757293701,	15,	0.3
21,	1,	2,	2,	62,	uso_300ms_82.wav,	5,	370,	10.43,	4.051087141036987,	15,	0.3
21,	1,	2,	2,	63,	uso_300ms_91.wav,	1,	187,	4.33,	2.1807215213775635,	15,	0.3
21,	1,	2,	2,	64,	uso_300ms_55.wav,	4,	271,	7.13,	2.0590932369232178,	15,	0.3
21,	1,	2,	2,	65,	uso_300ms_10.wav,	2,	384,	10.9,	2.307365655899048,	15,	0.3
21,	1,	2,	2,	66,	uso_300ms_59.wav,	3,	253,	6.53,	3.4433274269104004,	15,	0.3
21,	1,	2,	2,	67,	uso_300ms_81.wav,	5,	398,	11.37,	2.5585103034973145,	15,	0.3
21,	1,	2,	2,	68,	uso_300ms_56.wav,	1,	174,	3.9,	2.553408145904541,	15,	0.3
21,	1,	2,	2,	69,	uso_300ms_2.wav,	4,	291,	7.8,	2.2599778175354004,	15,	0.3
21,	1,	2,	2,	70,	uso_300ms_81.wav,	2,	231,	5.8,	1.9143390655517578,	15,	0.3
21,	1,	2,	2,	71,	uso_300ms_81.wav,	5,	376,	10.63,	2.1083993911743164,	15,	0.3
21,	1,	2,	2,	72,	uso_300ms_72.wav,	3,	241,	6.13,	2.674750566482544,	15,	0.3
21,	1,	2,	2,	73,	uso_300ms_23.wav,	1,	157,	3.33,	2.3018717765808105,	15,	0.3
21,	1,	2,	2,	74,	uso_300ms_93.wav,	4,	316,	8.63,	3.2103848457336426,	15,	0.3
21,	1,	2,	2,	75,	uso_300ms_52.wav,	2,	201,	4.8,	2.5616278648376465,	15,	0.3
