sub_id,cond_id,block_id,task_id,event_id,stim_id,speaker_id,led_id,led_distance,response_time,n_reps,isi
5,	1,	6,	1,	1,	uso_300ms_38.wav,	6,	90,	1.1,	0.20020437240600586,	15,	0.3
5,	1,	6,	1,	2,	uso_300ms_83.wav,	9,	316,	8.63,	4.613983631134033,	15,	0.3
5,	1,	6,	1,	3,	uso_300ms_4.wav,	3,	224,	5.57,	1.9801788330078125,	15,	0.3
5,	1,	6,	1,	4,	uso_300ms_31.wav,	0,	143,	2.87,	3.006281614303589,	15,	0.3
5,	1,	6,	1,	5,	uso_300ms_58.wav,	10,	352,	9.83,	3.353745460510254,	15,	0.3
5,	1,	6,	1,	6,	uso_300ms_91.wav,	8,	376,	10.63,	3.0953025817871094,	15,	0.3
5,	1,	6,	1,	7,	uso_300ms_64.wav,	7,	335,	9.27,	2.616007089614868,	15,	0.3
5,	1,	6,	1,	8,	uso_300ms_2.wav,	5,	262,	6.83,	1.891125202178955,	15,	0.3
5,	1,	6,	1,	9,	uso_300ms_10.wav,	4,	235,	5.93,	2.4802143573760986,	15,	0.3
5,	1,	6,	1,	10,	uso_300ms_38.wav,	2,	186,	4.3,	1.765455722808838,	15,	0.3
5,	1,	6,	1,	11,	uso_300ms_55.wav,	1,	144,	2.9,	2.8880748748779297,	15,	0.3
5,	1,	6,	1,	12,	uso_300ms_48.wav,	2,	211,	5.13,	2.057103157043457,	15,	0.3
5,	1,	6,	1,	13,	uso_300ms_30.wav,	4,	244,	6.23,	2.0135858058929443,	15,	0.3
5,	1,	6,	1,	14,	uso_300ms_5.wav,	7,	343,	9.53,	2.177605628967285,	15,	0.3
5,	1,	6,	1,	15,	uso_300ms_54.wav,	3,	216,	5.3,	2.528289794921875,	15,	0.3
5,	1,	6,	1,	16,	uso_300ms_88.wav,	6,	279,	7.4,	2.3602404594421387,	15,	0.3
5,	1,	6,	1,	17,	uso_300ms_15.wav,	5,	311,	8.47,	2.4566304683685303,	15,	0.3
5,	1,	6,	1,	18,	uso_300ms_96.wav,	9,	379,	10.73,	2.0632784366607666,	15,	0.3
5,	1,	6,	1,	19,	uso_300ms_38.wav,	8,	390,	11.1,	3.035949945449829,	15,	0.3
5,	1,	6,	1,	20,	uso_300ms_99.wav,	1,	172,	3.83,	3.1116859912872314,	15,	0.3
5,	1,	6,	1,	21,	uso_300ms_32.wav,	10,	394,	11.23,	2.6116180419921875,	15,	0.3
5,	1,	6,	1,	22,	uso_300ms_64.wav,	0,	129,	2.4,	4.520228147506714,	15,	0.3
5,	1,	6,	1,	23,	uso_300ms_52.wav,	1,	143,	2.87,	2.916353702545166,	15,	0.3
5,	1,	6,	1,	24,	uso_300ms_76.wav,	2,	184,	4.23,	2.3872809410095215,	15,	0.3
5,	1,	6,	1,	25,	uso_300ms_59.wav,	10,	350,	9.77,	3.0157315731048584,	15,	0.3
5,	1,	6,	1,	26,	uso_300ms_71.wav,	4,	263,	6.87,	1.9665260314941406,	15,	0.3
5,	1,	6,	1,	27,	uso_300ms_88.wav,	3,	203,	4.87,	1.6939959526062012,	15,	0.3
5,	1,	6,	1,	28,	uso_300ms_75.wav,	0,	130,	2.43,	2.3063888549804688,	15,	0.3
5,	1,	6,	1,	29,	uso_300ms_73.wav,	6,	331,	9.13,	3.0017459392547607,	15,	0.3
5,	1,	6,	1,	30,	uso_300ms_74.wav,	7,	265,	6.93,	3.014871597290039,	15,	0.3
5,	1,	6,	1,	31,	uso_300ms_2.wav,	5,	199,	4.73,	1.864973545074463,	15,	0.3
5,	1,	6,	1,	32,	uso_300ms_17.wav,	8,	356,	9.97,	2.459477663040161,	15,	0.3
5,	1,	6,	1,	33,	uso_300ms_35.wav,	9,	380,	10.77,	2.215653896331787,	15,	0.3
5,	1,	6,	1,	34,	uso_300ms_7.wav,	5,	287,	7.67,	2.5243868827819824,	15,	0.3
5,	1,	6,	1,	35,	uso_300ms_28.wav,	2,	186,	4.3,	2.2893013954162598,	15,	0.3
5,	1,	6,	1,	36,	uso_300ms_41.wav,	0,	143,	2.87,	2.0573577880859375,	15,	0.3
5,	1,	6,	1,	37,	uso_300ms_20.wav,	7,	332,	9.17,	2.9552526473999023,	15,	0.3
5,	1,	6,	1,	38,	uso_300ms_17.wav,	8,	300,	8.1,	3.3205487728118896,	15,	0.3
5,	1,	6,	1,	39,	uso_300ms_98.wav,	3,	252,	6.5,	1.8129217624664307,	15,	0.3
5,	1,	6,	1,	40,	uso_300ms_10.wav,	1,	176,	3.97,	1.9475274085998535,	15,	0.3
5,	1,	6,	1,	41,	uso_300ms_14.wav,	6,	288,	7.7,	4.1531982421875,	15,	0.3
5,	1,	6,	1,	42,	uso_300ms_32.wav,	9,	388,	11.03,	2.466099500656128,	15,	0.3
5,	1,	6,	1,	43,	uso_300ms_22.wav,	4,	279,	7.4,	1.967961311340332,	15,	0.3
5,	1,	6,	1,	44,	uso_300ms_9.wav,	10,	355,	9.93,	2.5157320499420166,	15,	0.3
5,	1,	6,	1,	45,	uso_300ms_85.wav,	3,	238,	6.03,	2.1408822536468506,	15,	0.3
5,	1,	6,	1,	46,	uso_300ms_94.wav,	7,	316,	8.63,	1.7358248233795166,	15,	0.3
5,	1,	6,	1,	47,	uso_300ms_80.wav,	8,	384,	10.9,	1.9194319248199463,	15,	0.3
5,	1,	6,	1,	48,	uso_300ms_76.wav,	2,	305,	8.27,	2.461394786834717,	15,	0.3
5,	1,	6,	1,	49,	uso_300ms_33.wav,	1,	192,	4.5,	2.127937078475952,	15,	0.3
5,	1,	6,	1,	50,	uso_300ms_43.wav,	4,	231,	5.8,	1.5009088516235352,	15,	0.3
5,	1,	6,	1,	51,	uso_300ms_45.wav,	5,	298,	8.03,	2.91133189201355,	15,	0.3
5,	1,	6,	1,	52,	uso_300ms_19.wav,	10,	397,	11.33,	2.4777936935424805,	15,	0.3
5,	1,	6,	1,	53,	uso_300ms_92.wav,	0,	136,	2.63,	4.824087381362915,	15,	0.3
5,	1,	6,	1,	54,	uso_300ms_24.wav,	6,	218,	5.37,	1.45220947265625,	15,	0.3
5,	1,	6,	1,	55,	uso_300ms_33.wav,	9,	346,	9.63,	2.4040896892547607,	15,	0.3
5,	1,	6,	1,	56,	uso_300ms_57.wav,	0,	149,	3.07,	20.109572410583496,	15,	0.3
5,	1,	6,	1,	57,	uso_300ms_88.wav,	6,	276,	7.3,	2.2388508319854736,	15,	0.3
5,	1,	6,	1,	58,	uso_300ms_61.wav,	8,	376,	10.63,	2.370619058609009,	15,	0.3
5,	1,	6,	1,	59,	uso_300ms_93.wav,	4,	230,	5.77,	2.485877513885498,	15,	0.3
5,	1,	6,	1,	60,	uso_300ms_20.wav,	1,	188,	4.37,	1.8057472705841064,	15,	0.3
5,	1,	6,	1,	61,	uso_300ms_41.wav,	9,	378,	10.7,	3.1317429542541504,	15,	0.3
5,	1,	6,	1,	62,	uso_300ms_87.wav,	7,	362,	10.17,	1.98948335647583,	15,	0.3
5,	1,	6,	1,	63,	uso_300ms_48.wav,	5,	312,	8.5,	1.773179292678833,	15,	0.3
5,	1,	6,	1,	64,	uso_300ms_38.wav,	3,	252,	6.5,	1.9554390907287598,	15,	0.3
5,	1,	6,	1,	65,	uso_300ms_30.wav,	10,	385,	10.93,	1.8737068176269531,	15,	0.3
5,	1,	6,	1,	66,	uso_300ms_26.wav,	2,	224,	5.57,	2.5221261978149414,	15,	0.3
5,	1,	6,	1,	67,	uso_300ms_35.wav,	0,	166,	3.63,	1.4783775806427002,	15,	0.3
5,	1,	6,	1,	68,	uso_300ms_39.wav,	3,	249,	6.4,	2.767122268676758,	15,	0.3
5,	1,	6,	1,	69,	uso_300ms_19.wav,	5,	310,	8.43,	1.4398868083953857,	15,	0.3
5,	1,	6,	1,	70,	uso_300ms_61.wav,	9,	364,	10.23,	1.6171674728393555,	15,	0.3
5,	1,	6,	1,	71,	uso_300ms_63.wav,	6,	340,	9.43,	1.5807185173034668,	15,	0.3
5,	1,	6,	1,	72,	uso_300ms_6.wav,	4,	259,	6.73,	2.1676876544952393,	15,	0.3
5,	1,	6,	1,	73,	uso_300ms_43.wav,	10,	421,	12.13,	3.6450276374816895,	15,	0.3
5,	1,	6,	1,	74,	uso_300ms_37.wav,	1,	168,	3.7,	3.11381196975708,	15,	0.3
5,	1,	6,	1,	75,	uso_300ms_71.wav,	7,	347,	9.67,	2.0325894355773926,	15,	0.3
5,	1,	6,	1,	76,	uso_300ms_29.wav,	8,	369,	10.4,	1.714787244796753,	15,	0.3
5,	1,	6,	1,	77,	uso_300ms_84.wav,	2,	239,	6.07,	1.8207530975341797,	15,	0.3
5,	1,	6,	1,	78,	uso_300ms_45.wav,	1,	196,	4.63,	1.6656854152679443,	15,	0.3
5,	1,	6,	1,	79,	uso_300ms_86.wav,	2,	177,	4.0,	3.666025161743164,	15,	0.3
5,	1,	6,	1,	80,	uso_300ms_53.wav,	3,	244,	6.23,	1.3593602180480957,	15,	0.3
5,	1,	6,	1,	81,	uso_300ms_18.wav,	4,	224,	5.57,	1.2862741947174072,	15,	0.3
5,	1,	6,	1,	82,	uso_300ms_63.wav,	0,	191,	4.47,	1.502075433731079,	15,	0.3
5,	1,	6,	1,	83,	uso_300ms_75.wav,	6,	264,	6.9,	1.9582810401916504,	15,	0.3
5,	1,	6,	1,	84,	uso_300ms_51.wav,	5,	296,	7.97,	1.3182373046875,	15,	0.3
5,	1,	6,	1,	85,	uso_300ms_47.wav,	8,	332,	9.17,	1.5663588047027588,	15,	0.3
5,	1,	6,	1,	86,	uso_300ms_29.wav,	7,	360,	10.1,	1.816490888595581,	15,	0.3
5,	1,	6,	1,	87,	uso_300ms_37.wav,	9,	393,	11.2,	2.308824062347412,	15,	0.3
5,	1,	6,	1,	88,	uso_300ms_69.wav,	10,	423,	12.2,	1.6144640445709229,	15,	0.3
5,	1,	6,	1,	89,	uso_300ms_6.wav,	0,	153,	3.2,	3.340555429458618,	15,	0.3
5,	1,	6,	1,	90,	uso_300ms_100.wav,	10,	400,	11.43,	3.7418768405914307,	15,	0.3
5,	1,	6,	1,	91,	uso_300ms_25.wav,	2,	243,	6.2,	2.262554168701172,	15,	0.3
5,	1,	6,	1,	92,	uso_300ms_78.wav,	5,	308,	8.37,	2.5446205139160156,	15,	0.3
5,	1,	6,	1,	93,	uso_300ms_72.wav,	6,	335,	9.27,	1.4266958236694336,	15,	0.3
5,	1,	6,	1,	94,	uso_300ms_36.wav,	7,	377,	10.67,	3.1149368286132812,	15,	0.3
5,	1,	6,	1,	95,	uso_300ms_23.wav,	1,	180,	4.1,	2.2453060150146484,	15,	0.3
5,	1,	6,	1,	96,	uso_300ms_38.wav,	3,	224,	5.57,	2.3082454204559326,	15,	0.3
5,	1,	6,	1,	97,	uso_300ms_12.wav,	9,	387,	11.0,	2.364786148071289,	15,	0.3
5,	1,	6,	1,	98,	uso_300ms_1.wav,	8,	319,	8.73,	1.801499843597412,	15,	0.3
5,	1,	6,	1,	99,	uso_300ms_74.wav,	4,	284,	7.57,	1.9941656589508057,	15,	0.3
5,	1,	6,	1,	100,	uso_300ms_78.wav,	5,	284,	7.57,	1.3269095420837402,	15,	0.3
5,	1,	6,	1,	101,	uso_300ms_43.wav,	4,	284,	7.57,	2.2197470664978027,	15,	0.3
5,	1,	6,	1,	102,	uso_300ms_100.wav,	1,	177,	4.0,	2.0099573135375977,	15,	0.3
5,	1,	6,	1,	103,	uso_300ms_41.wav,	0,	149,	3.07,	1.7907345294952393,	15,	0.3
5,	1,	6,	1,	104,	uso_300ms_90.wav,	3,	205,	4.93,	1.653390645980835,	15,	0.3
5,	1,	6,	1,	105,	uso_300ms_76.wav,	9,	348,	9.7,	3.282226085662842,	15,	0.3
5,	1,	6,	1,	106,	uso_300ms_88.wav,	2,	257,	6.67,	2.1771280765533447,	15,	0.3
5,	1,	6,	1,	107,	uso_300ms_44.wav,	6,	311,	8.47,	1.8734560012817383,	15,	0.3
5,	1,	6,	1,	108,	uso_300ms_17.wav,	8,	373,	10.53,	2.8028383255004883,	15,	0.3
5,	1,	6,	1,	109,	uso_300ms_45.wav,	10,	404,	11.57,	1.3286664485931396,	15,	0.3
5,	1,	6,	1,	110,	uso_300ms_17.wav,	7,	356,	9.97,	1.9750165939331055,	15,	0.3
5,	1,	6,	1,	111,	uso_300ms_13.wav,	6,	323,	8.87,	2.4930050373077393,	15,	0.3
5,	1,	6,	1,	112,	uso_300ms_35.wav,	1,	222,	5.5,	3.229280710220337,	15,	0.3
5,	1,	6,	1,	113,	uso_300ms_7.wav,	9,	383,	10.87,	2.559159994125366,	15,	0.3
5,	1,	6,	1,	114,	uso_300ms_80.wav,	10,	402,	11.5,	2.2684240341186523,	15,	0.3
5,	1,	6,	1,	115,	uso_300ms_15.wav,	8,	402,	11.5,	1.8058862686157227,	15,	0.3
5,	1,	6,	1,	116,	uso_300ms_36.wav,	4,	319,	8.73,	2.0697526931762695,	15,	0.3
5,	1,	6,	1,	117,	uso_300ms_99.wav,	0,	156,	3.3,	2.47819185256958,	15,	0.3
5,	1,	6,	1,	118,	uso_300ms_29.wav,	5,	292,	7.83,	2.6782257556915283,	15,	0.3
5,	1,	6,	1,	119,	uso_300ms_28.wav,	7,	292,	7.83,	3.0524089336395264,	15,	0.3
5,	1,	6,	1,	120,	uso_300ms_80.wav,	2,	209,	5.07,	1.817460060119629,	15,	0.3
5,	1,	6,	1,	121,	uso_300ms_36.wav,	3,	241,	6.13,	2.1767983436584473,	15,	0.3
5,	1,	6,	1,	122,	uso_300ms_4.wav,	5,	314,	8.57,	1.695950984954834,	15,	0.3
5,	1,	6,	1,	123,	uso_300ms_26.wav,	4,	270,	7.1,	2.270139217376709,	15,	0.3
5,	1,	6,	1,	124,	uso_300ms_67.wav,	9,	389,	11.07,	2.3096444606781006,	15,	0.3
5,	1,	6,	1,	125,	uso_300ms_46.wav,	0,	173,	3.87,	2.8661468029022217,	15,	0.3
5,	1,	6,	1,	126,	uso_300ms_6.wav,	10,	346,	9.63,	2.47006893157959,	15,	0.3
5,	1,	6,	1,	127,	uso_300ms_6.wav,	7,	346,	9.63,	2.4020471572875977,	15,	0.3
5,	1,	6,	1,	128,	uso_300ms_47.wav,	1,	175,	3.93,	3.720271110534668,	15,	0.3
5,	1,	6,	1,	129,	uso_300ms_53.wav,	6,	321,	8.8,	2.1872589588165283,	15,	0.3
5,	1,	6,	1,	130,	uso_300ms_75.wav,	8,	355,	9.93,	1.876199722290039,	15,	0.3
5,	1,	6,	1,	131,	uso_300ms_65.wav,	2,	255,	6.6,	2.157349109649658,	15,	0.3
5,	1,	6,	1,	132,	uso_300ms_99.wav,	3,	263,	6.87,	3.675405740737915,	15,	0.3
5,	1,	6,	1,	133,	uso_300ms_35.wav,	2,	242,	6.17,	3.364717721939087,	15,	0.3
5,	1,	6,	1,	134,	uso_300ms_5.wav,	0,	133,	2.53,	2.926753520965576,	15,	0.3
5,	1,	6,	1,	135,	uso_300ms_95.wav,	1,	145,	2.93,	1.9665775299072266,	15,	0.3
5,	1,	6,	1,	136,	uso_300ms_52.wav,	3,	185,	4.27,	3.5107860565185547,	15,	0.3
5,	1,	6,	1,	137,	uso_300ms_76.wav,	6,	306,	8.3,	2.9796676635742188,	15,	0.3
5,	1,	6,	1,	138,	uso_300ms_5.wav,	8,	387,	11.0,	2.016810655593872,	15,	0.3
5,	1,	6,	1,	139,	uso_300ms_17.wav,	10,	418,	12.03,	1.9375288486480713,	15,	0.3
5,	1,	6,	1,	140,	uso_300ms_66.wav,	7,	425,	12.27,	2.3718929290771484,	15,	0.3
5,	1,	6,	1,	141,	uso_300ms_47.wav,	5,	351,	9.8,	1.9914000034332275,	15,	0.3
5,	1,	6,	1,	142,	uso_300ms_74.wav,	4,	351,	9.8,	1.98063325881958,	15,	0.3
5,	1,	6,	1,	143,	uso_300ms_100.wav,	9,	404,	11.57,	1.8747849464416504,	15,	0.3
5,	1,	6,	1,	144,	uso_300ms_78.wav,	7,	440,	12.77,	1.7247607707977295,	15,	0.3
5,	1,	6,	1,	145,	uso_300ms_33.wav,	4,	355,	9.93,	2.7054295539855957,	15,	0.3
5,	1,	6,	1,	146,	uso_300ms_50.wav,	6,	334,	9.23,	4.174130201339722,	15,	0.3
5,	1,	6,	1,	147,	uso_300ms_68.wav,	8,	399,	11.4,	2.032310962677002,	15,	0.3
5,	1,	6,	1,	148,	uso_300ms_37.wav,	9,	401,	11.47,	2.098202705383301,	15,	0.3
5,	1,	6,	1,	149,	uso_300ms_68.wav,	5,	373,	10.53,	2.916569471359253,	15,	0.3
5,	1,	6,	1,	150,	uso_300ms_14.wav,	0,	143,	2.87,	3.044022560119629,	15,	0.3
5,	1,	6,	1,	151,	uso_300ms_15.wav,	10,	385,	10.93,	3.0031375885009766,	15,	0.3
5,	1,	6,	1,	152,	uso_300ms_47.wav,	1,	161,	3.47,	2.986015558242798,	15,	0.3
5,	1,	6,	1,	153,	uso_300ms_40.wav,	2,	200,	4.77,	1.8726255893707275,	15,	0.3
5,	1,	6,	1,	154,	uso_300ms_97.wav,	3,	225,	5.6,	1.8469517230987549,	15,	0.3
5,	1,	6,	1,	155,	uso_300ms_69.wav,	0,	158,	3.37,	3.195577383041382,	15,	0.3
5,	1,	6,	1,	156,	uso_300ms_27.wav,	9,	322,	8.83,	2.486957550048828,	15,	0.3
5,	1,	6,	1,	157,	uso_300ms_62.wav,	1,	164,	3.57,	2.5089948177337646,	15,	0.3
5,	1,	6,	1,	158,	uso_300ms_23.wav,	4,	196,	4.63,	2.832991123199463,	15,	0.3
5,	1,	6,	1,	159,	uso_300ms_58.wav,	3,	217,	5.33,	2.6640682220458984,	15,	0.3
5,	1,	6,	1,	160,	uso_300ms_80.wav,	5,	305,	8.27,	3.853466272354126,	15,	0.3
5,	1,	6,	1,	161,	uso_300ms_41.wav,	2,	217,	5.33,	2.2180066108703613,	15,	0.3
5,	1,	6,	1,	162,	uso_300ms_8.wav,	6,	306,	8.3,	2.194641590118408,	15,	0.3
5,	1,	6,	1,	163,	uso_300ms_30.wav,	7,	351,	9.8,	1.3539047241210938,	15,	0.3
5,	1,	6,	1,	164,	uso_300ms_58.wav,	10,	385,	10.93,	1.303617000579834,	15,	0.3
5,	1,	6,	1,	165,	uso_300ms_89.wav,	8,	409,	11.73,	2.6308398246765137,	15,	0.3
