sub_id,cond_id,block_id,task_id,event_id,stim_id,speaker_id,led_id,led_distance,response_time,n_reps,isi
Thomas,	2,	3,	3,	1,	uso_300ms_33.wav,	5,	163.9483640000001,	3.56,	nan,	90,	2
Thomas,	2,	3,	3,	2,	uso_300ms_25.wav,	5,	164.41843500000007,	3.58,	nan,	90,	2
Thomas,	2,	3,	3,	3,	uso_300ms_18.wav,	7,	329.52533499999964,	9.08,	nan,	90,	2
Thomas,	2,	3,	3,	4,	uso_300ms_95.wav,	5,	190.40628499999966,	4.45,	nan,	90,	2
Thomas,	2,	3,	3,	5,	uso_300ms_23.wav,	5,	180.4274979999994,	4.11,	nan,	90,	2
Thomas,	2,	3,	3,	6,	uso_300ms_20.wav,	5,	133.87001499999937,	2.56,	nan,	90,	2
Thomas,	2,	3,	3,	7,	uso_300ms_82.wav,	5,	162.6331479999994,	3.52,	nan,	90,	2
Thomas,	2,	3,	3,	8,	uso_300ms_11.wav,	6,	286.67577299999954,	7.66,	nan,	90,	2
Thomas,	2,	3,	3,	9,	uso_300ms_24.wav,	8,	350.67315400000047,	9.79,	nan,	90,	2
Thomas,	2,	3,	3,	10,	uso_300ms_87.wav,	9,	405.6810020000011,	11.62,	nan,	90,	2
Thomas,	2,	3,	3,	11,	uso_300ms_63.wav,	9,	378.1369750000008,	10.7,	nan,	90,	2
Thomas,	2,	3,	3,	12,	uso_300ms_70.wav,	6,	302.9543640000008,	8.2,	nan,	90,	2
Thomas,	2,	3,	3,	13,	uso_300ms_10.wav,	5,	230.1267630000008,	5.77,	nan,	90,	2
Thomas,	2,	3,	3,	14,	uso_300ms_73.wav,	5,	164.47389600000096,	3.58,	nan,	90,	2
Thomas,	2,	3,	3,	15,	uso_300ms_9.wav,	5,	229.81975700000132,	5.76,	nan,	90,	2
Thomas,	2,	3,	3,	16,	uso_300ms_58.wav,	6,	290.45227300000136,	7.78,	nan,	90,	2
Thomas,	2,	3,	3,	17,	uso_300ms_43.wav,	7,	324.021053000002,	8.9,	nan,	90,	2
Thomas,	2,	3,	3,	18,	uso_300ms_59.wav,	8,	347.3974130000017,	9.68,	nan,	90,	2
Thomas,	2,	3,	3,	19,	uso_300ms_20.wav,	8,	370.9175390000016,	10.46,	nan,	90,	2
Thomas,	2,	3,	3,	20,	uso_300ms_22.wav,	9,	387.7856560000011,	11.03,	nan,	90,	2
Thomas,	2,	3,	3,	21,	uso_300ms_83.wav,	9,	421.23370700000174,	12.14,	nan,	90,	2
Thomas,	2,	3,	3,	22,	uso_300ms_33.wav,	9,	438.8940630000011,	12.73,	nan,	90,	2
Thomas,	2,	3,	3,	23,	uso_300ms_97.wav,	9,	449.41785600000077,	13.08,	nan,	90,	2
Thomas,	2,	3,	3,	24,	uso_300ms_11.wav,	9,	441.65098500000073,	12.82,	nan,	90,	2
Thomas,	2,	3,	3,	25,	uso_300ms_73.wav,	9,	406.7709510000011,	11.66,	nan,	90,	2
Thomas,	2,	3,	3,	26,	uso_300ms_12.wav,	9,	385.41437800000085,	10.95,	nan,	90,	2
Thomas,	2,	3,	3,	27,	uso_300ms_48.wav,	8,	366.0022370000004,	10.3,	nan,	90,	2
Thomas,	2,	3,	3,	28,	uso_300ms_95.wav,	8,	353.5581760000006,	9.89,	nan,	90,	2
Thomas,	2,	3,	3,	29,	uso_300ms_33.wav,	8,	370.78089200000045,	10.46,	nan,	90,	2
Thomas,	2,	3,	3,	30,	uso_300ms_67.wav,	7,	331.725512,	9.16,	nan,	90,	2
Thomas,	2,	3,	3,	31,	uso_300ms_96.wav,	6,	305.9359370000001,	8.3,	nan,	90,	2
Thomas,	2,	3,	3,	32,	uso_300ms_24.wav,	6,	293.66304699999995,	7.89,	nan,	90,	2
Thomas,	2,	3,	3,	33,	uso_300ms_1.wav,	5,	255.34654500000104,	6.61,	nan,	90,	2
Thomas,	2,	3,	3,	34,	uso_300ms_29.wav,	6,	306.60655800000154,	8.32,	nan,	90,	2
Thomas,	2,	3,	3,	35,	uso_300ms_96.wav,	7,	334.5411780000015,	9.25,	nan,	90,	2
Thomas,	2,	3,	3,	36,	uso_300ms_63.wav,	8,	363.60780300000135,	10.22,	nan,	90,	2
Thomas,	2,	3,	3,	37,	uso_300ms_32.wav,	9,	383.3716520000008,	10.88,	nan,	90,	2
Thomas,	2,	3,	3,	38,	uso_300ms_53.wav,	9,	401.4924820000013,	11.48,	nan,	90,	2
Thomas,	2,	3,	3,	39,	uso_300ms_18.wav,	9,	423.28714300000144,	12.21,	nan,	90,	2
Thomas,	2,	3,	3,	40,	uso_300ms_39.wav,	9,	419.9909410000019,	12.1,	nan,	90,	2
Thomas,	2,	3,	3,	41,	uso_300ms_94.wav,	9,	380.39952200000204,	10.78,	nan,	90,	2
Thomas,	2,	3,	3,	42,	uso_300ms_28.wav,	8,	359.77968500000253,	10.09,	nan,	90,	2
Thomas,	2,	3,	3,	43,	uso_300ms_86.wav,	9,	383.36309100000307,	10.88,	nan,	90,	2
Thomas,	2,	3,	3,	44,	uso_300ms_67.wav,	8,	353.7754210000036,	9.89,	nan,	90,	2
Thomas,	2,	3,	3,	45,	uso_300ms_68.wav,	7,	332.44644200000363,	9.18,	nan,	90,	2
Thomas,	2,	3,	3,	46,	uso_300ms_88.wav,	6,	300.2288790000032,	8.11,	nan,	90,	2
Thomas,	2,	3,	3,	47,	uso_300ms_51.wav,	5,	274.09214600000246,	7.24,	nan,	90,	2
Thomas,	2,	3,	3,	48,	uso_300ms_69.wav,	5,	258.43185100000204,	6.71,	nan,	90,	2
Thomas,	2,	3,	3,	49,	uso_300ms_12.wav,	5,	260.0124370000014,	6.77,	nan,	90,	2
Thomas,	2,	3,	3,	50,	uso_300ms_81.wav,	6,	282.56147400000117,	7.52,	nan,	90,	2
Thomas,	2,	3,	3,	51,	uso_300ms_92.wav,	6,	311.19415500000196,	8.47,	nan,	90,	2
Thomas,	2,	3,	3,	52,	uso_300ms_50.wav,	6,	305.3612090000021,	8.28,	nan,	90,	2
Thomas,	2,	3,	3,	53,	uso_300ms_3.wav,	8,	343.0314360000011,	9.53,	nan,	90,	2
Thomas,	2,	3,	3,	54,	uso_300ms_41.wav,	7,	338.3007520000008,	9.38,	nan,	90,	2
Thomas,	2,	3,	3,	55,	uso_300ms_82.wav,	8,	344.3936780000006,	9.58,	nan,	90,	2
Thomas,	2,	3,	3,	56,	uso_300ms_34.wav,	7,	327.59400000000034,	9.02,	nan,	90,	2
Thomas,	2,	3,	3,	57,	uso_300ms_98.wav,	8,	346.25531400000017,	9.64,	nan,	90,	2
Thomas,	2,	3,	3,	58,	uso_300ms_41.wav,	8,	345.2230520000003,	9.61,	nan,	90,	2
Thomas,	2,	3,	3,	59,	uso_300ms_83.wav,	7,	323.9369200000005,	8.9,	nan,	90,	2
Thomas,	2,	3,	3,	60,	uso_300ms_16.wav,	8,	361.722318,	10.16,	nan,	90,	2
Thomas,	2,	3,	3,	61,	uso_300ms_31.wav,	9,	390.63044200000036,	11.12,	nan,	90,	2
Thomas,	2,	3,	3,	62,	uso_300ms_92.wav,	9,	396.84123400000095,	11.33,	nan,	90,	2
Thomas,	2,	3,	3,	63,	uso_300ms_5.wav,	9,	411.4202740000017,	11.81,	nan,	90,	2
Thomas,	2,	3,	3,	64,	uso_300ms_79.wav,	9,	428.09237700000233,	12.37,	nan,	90,	2
Thomas,	2,	3,	3,	65,	uso_300ms_51.wav,	9,	439.1110910000024,	12.74,	nan,	90,	2
Thomas,	2,	3,	3,	66,	uso_300ms_68.wav,	9,	405.8018500000019,	11.63,	nan,	90,	2
Thomas,	2,	3,	3,	67,	uso_300ms_70.wav,	9,	386.46248100000156,	10.98,	nan,	90,	2
Thomas,	2,	3,	3,	68,	uso_300ms_2.wav,	8,	370.8942010000012,	10.46,	nan,	90,	2
Thomas,	2,	3,	3,	69,	uso_300ms_83.wav,	8,	366.002482000001,	10.3,	nan,	90,	2
Thomas,	2,	3,	3,	70,	uso_300ms_83.wav,	8,	348.08102600000126,	9.7,	nan,	90,	2
Thomas,	2,	3,	3,	71,	uso_300ms_65.wav,	8,	346.56066100000123,	9.65,	nan,	90,	2
Thomas,	2,	3,	3,	72,	uso_300ms_92.wav,	5,	276.6161570000021,	7.32,	nan,	90,	2
Thomas,	2,	3,	3,	73,	uso_300ms_27.wav,	5,	220.6092410000022,	5.45,	nan,	90,	2
Thomas,	2,	3,	3,	74,	uso_300ms_50.wav,	6,	284.9776920000024,	7.6,	nan,	90,	2
Thomas,	2,	3,	3,	75,	uso_300ms_44.wav,	5,	254.63803300000188,	6.59,	nan,	90,	2
Thomas,	2,	3,	3,	76,	uso_300ms_78.wav,	5,	269.41144900000177,	7.08,	nan,	90,	2
Thomas,	2,	3,	3,	77,	uso_300ms_53.wav,	6,	302.76675700000226,	8.19,	nan,	90,	2
Thomas,	2,	3,	3,	78,	uso_300ms_94.wav,	6,	285.64383300000287,	7.62,	nan,	90,	2
Thomas,	2,	3,	3,	79,	uso_300ms_60.wav,	6,	301.28883300000314,	8.14,	nan,	90,	2
Thomas,	2,	3,	3,	80,	uso_300ms_80.wav,	7,	323.9833650000022,	8.9,	nan,	90,	2
Thomas,	2,	3,	3,	81,	uso_300ms_16.wav,	7,	333.166007000002,	9.21,	nan,	90,	2
Thomas,	2,	3,	3,	82,	uso_300ms_48.wav,	8,	344.48864000000145,	9.58,	nan,	90,	2
Thomas,	2,	3,	3,	83,	uso_300ms_73.wav,	8,	354.5425580000009,	9.92,	nan,	90,	2
Thomas,	2,	3,	3,	84,	uso_300ms_81.wav,	8,	354.7754480000012,	9.93,	nan,	90,	2
Thomas,	2,	3,	3,	85,	uso_300ms_24.wav,	9,	374.3669780000006,	10.58,	nan,	90,	2
Thomas,	2,	3,	3,	86,	uso_300ms_11.wav,	9,	378.81754300000074,	10.73,	nan,	90,	2
Thomas,	2,	3,	3,	87,	uso_300ms_28.wav,	9,	387.78403900000194,	11.03,	nan,	90,	2
Thomas,	2,	3,	3,	88,	uso_300ms_23.wav,	9,	419.14914900000247,	12.07,	nan,	90,	2
Thomas,	2,	3,	3,	89,	uso_300ms_41.wav,	9,	424.0735510000024,	12.24,	nan,	90,	2
Thomas,	2,	3,	3,	90,	uso_300ms_89.wav,	9,	451.2854000000025,	13.14,	nan,	90,	2
