sub_id,cond_id,block_id,task_id,event_id,stim_id,speaker_id,led_id,led_distance,response_time,n_reps,isi
Thomas,	2,	6,	1,	1,	uso_300ms_41.wav,	3,	159,	3.4,	0.20016098022460938,	15,	0.3
Thomas,	2,	6,	1,	2,	uso_300ms_72.wav,	10,	365,	10.27,	5.637405633926392,	15,	0.3
Thomas,	2,	6,	1,	3,	uso_300ms_13.wav,	9,	338,	9.37,	2.924518346786499,	15,	0.3
Thomas,	2,	6,	1,	4,	uso_300ms_73.wav,	4,	283,	7.53,	2.5102946758270264,	15,	0.3
Thomas,	2,	6,	1,	5,	uso_300ms_25.wav,	2,	254,	6.57,	2.88899827003479,	15,	0.3
Thomas,	2,	6,	1,	6,	uso_300ms_92.wav,	0,	130,	2.43,	3.3663554191589355,	15,	0.3
Thomas,	2,	6,	1,	7,	uso_300ms_32.wav,	1,	157,	3.33,	3.8022589683532715,	15,	0.3
Thomas,	2,	6,	1,	8,	uso_300ms_51.wav,	8,	384,	10.9,	7.380417585372925,	15,	0.3
Thomas,	2,	6,	1,	9,	uso_300ms_52.wav,	6,	300,	8.1,	4.837687015533447,	15,	0.3
Thomas,	2,	6,	1,	10,	uso_300ms_1.wav,	5,	268,	7.03,	2.3955271244049072,	15,	0.3
Thomas,	2,	6,	1,	11,	uso_300ms_55.wav,	7,	307,	8.33,	3.032022476196289,	15,	0.3
Thomas,	2,	6,	1,	12,	uso_300ms_29.wav,	5,	338,	9.37,	2.371981143951416,	15,	0.3
Thomas,	2,	6,	1,	13,	uso_300ms_54.wav,	9,	387,	11.0,	2.938244104385376,	15,	0.3
Thomas,	2,	6,	1,	14,	uso_300ms_17.wav,	4,	275,	7.27,	3.5112555027008057,	15,	0.3
Thomas,	2,	6,	1,	15,	uso_300ms_63.wav,	2,	211,	5.13,	2.9767796993255615,	15,	0.3
Thomas,	2,	6,	1,	16,	uso_300ms_22.wav,	8,	313,	8.53,	3.069021224975586,	15,	0.3
Thomas,	2,	6,	1,	17,	uso_300ms_69.wav,	0,	121,	2.13,	7.161186456680298,	15,	0.3
Thomas,	2,	6,	1,	18,	uso_300ms_38.wav,	3,	209,	5.07,	3.4987919330596924,	15,	0.3
Thomas,	2,	6,	1,	19,	uso_300ms_90.wav,	7,	325,	8.93,	6.454836368560791,	15,	0.3
Thomas,	2,	6,	1,	20,	uso_300ms_11.wav,	10,	377,	10.67,	2.4799587726593018,	15,	0.3
Thomas,	2,	6,	1,	21,	uso_300ms_15.wav,	6,	334,	9.23,	3.1365458965301514,	15,	0.3
Thomas,	2,	6,	1,	22,	uso_300ms_35.wav,	1,	191,	4.47,	3.3692450523376465,	15,	0.3
Thomas,	2,	6,	1,	23,	uso_300ms_63.wav,	10,	325,	8.93,	4.880811929702759,	15,	0.3
Thomas,	2,	6,	1,	24,	uso_300ms_59.wav,	8,	294,	7.9,	2.3715014457702637,	15,	0.3
Thomas,	2,	6,	1,	25,	uso_300ms_74.wav,	5,	248,	6.37,	2.1216881275177,	15,	0.3
Thomas,	2,	6,	1,	26,	uso_300ms_13.wav,	9,	348,	9.7,	3.2739269733428955,	15,	0.3
Thomas,	2,	6,	1,	27,	uso_300ms_43.wav,	6,	294,	7.9,	2.877429485321045,	15,	0.3
Thomas,	2,	6,	1,	28,	uso_300ms_86.wav,	0,	142,	2.83,	7.133033514022827,	15,	0.3
Thomas,	2,	6,	1,	29,	uso_300ms_45.wav,	1,	153,	3.2,	2.129034996032715,	15,	0.3
Thomas,	2,	6,	1,	30,	uso_300ms_85.wav,	7,	281,	7.47,	4.838912487030029,	15,	0.3
Thomas,	2,	6,	1,	31,	uso_300ms_64.wav,	3,	246,	6.3,	2.172818422317505,	15,	0.3
Thomas,	2,	6,	1,	32,	uso_300ms_16.wav,	4,	218,	5.37,	4.243801832199097,	15,	0.3
Thomas,	2,	6,	1,	33,	uso_300ms_35.wav,	2,	228,	5.7,	2.5331244468688965,	15,	0.3
Thomas,	2,	6,	1,	34,	uso_300ms_100.wav,	9,	296,	7.97,	2.2190892696380615,	15,	0.3
Thomas,	2,	6,	1,	35,	uso_300ms_43.wav,	6,	263,	6.87,	2.6570019721984863,	15,	0.3
Thomas,	2,	6,	1,	36,	uso_300ms_57.wav,	7,	351,	9.8,	3.0333456993103027,	15,	0.3
Thomas,	2,	6,	1,	37,	uso_300ms_77.wav,	3,	292,	7.83,	2.3339850902557373,	15,	0.3
Thomas,	2,	6,	1,	38,	uso_300ms_39.wav,	0,	141,	2.8,	4.539177894592285,	15,	0.3
Thomas,	2,	6,	1,	39,	uso_300ms_69.wav,	10,	334,	9.23,	4.776231527328491,	15,	0.3
Thomas,	2,	6,	1,	40,	uso_300ms_29.wav,	8,	297,	8.0,	5.177720069885254,	15,	0.3
Thomas,	2,	6,	1,	41,	uso_300ms_96.wav,	2,	214,	5.23,	3.1512293815612793,	15,	0.3
Thomas,	2,	6,	1,	42,	uso_300ms_65.wav,	1,	191,	4.47,	2.396421194076538,	15,	0.3
Thomas,	2,	6,	1,	43,	uso_300ms_1.wav,	5,	242,	6.17,	4.325295448303223,	15,	0.3
Thomas,	2,	6,	1,	44,	uso_300ms_70.wav,	4,	242,	6.17,	3.1516692638397217,	15,	0.3
Thomas,	2,	6,	1,	45,	uso_300ms_53.wav,	5,	292,	7.83,	3.9920780658721924,	15,	0.3
Thomas,	2,	6,	1,	46,	uso_300ms_11.wav,	1,	178,	4.03,	3.1944639682769775,	15,	0.3
Thomas,	2,	6,	1,	47,	uso_300ms_25.wav,	7,	327,	9.0,	4.260039806365967,	15,	0.3
Thomas,	2,	6,	1,	48,	uso_300ms_28.wav,	8,	327,	9.0,	3.260528564453125,	15,	0.3
Thomas,	2,	6,	1,	49,	uso_300ms_40.wav,	6,	270,	7.1,	3.0169291496276855,	15,	0.3
Thomas,	2,	6,	1,	50,	uso_300ms_98.wav,	2,	196,	4.63,	3.0029590129852295,	15,	0.3
Thomas,	2,	6,	1,	51,	uso_300ms_87.wav,	4,	218,	5.37,	1.9040720462799072,	15,	0.3
Thomas,	2,	6,	1,	52,	uso_300ms_8.wav,	10,	339,	9.4,	3.8013839721679688,	15,	0.3
Thomas,	2,	6,	1,	53,	uso_300ms_46.wav,	3,	292,	7.83,	4.530977487564087,	15,	0.3
Thomas,	2,	6,	1,	54,	uso_300ms_1.wav,	9,	372,	10.5,	4.774654865264893,	15,	0.3
Thomas,	2,	6,	1,	55,	uso_300ms_46.wav,	0,	126,	2.3,	3.985825300216675,	15,	0.3
Thomas,	2,	6,	1,	56,	uso_300ms_58.wav,	8,	191,	4.47,	2.4721477031707764,	15,	0.3
Thomas,	2,	6,	1,	57,	uso_300ms_98.wav,	2,	191,	4.47,	3.15231990814209,	15,	0.3
Thomas,	2,	6,	1,	58,	uso_300ms_8.wav,	0,	119,	2.07,	3.4052891731262207,	15,	0.3
Thomas,	2,	6,	1,	59,	uso_300ms_96.wav,	3,	154,	3.23,	4.923096656799316,	15,	0.3
Thomas,	2,	6,	1,	60,	uso_300ms_25.wav,	4,	203,	4.87,	1.9885444641113281,	15,	0.3
Thomas,	2,	6,	1,	61,	uso_300ms_19.wav,	10,	343,	9.53,	4.875051498413086,	15,	0.3
Thomas,	2,	6,	1,	62,	uso_300ms_84.wav,	5,	270,	7.1,	2.3017728328704834,	15,	0.3
Thomas,	2,	6,	1,	63,	uso_300ms_60.wav,	1,	178,	4.03,	4.306670665740967,	15,	0.3
Thomas,	2,	6,	1,	64,	uso_300ms_98.wav,	6,	265,	6.93,	2.7071638107299805,	15,	0.3
Thomas,	2,	6,	1,	65,	uso_300ms_9.wav,	7,	265,	6.93,	2.629472255706787,	15,	0.3
Thomas,	2,	6,	1,	66,	uso_300ms_25.wav,	9,	343,	9.53,	3.21852707862854,	15,	0.3
Thomas,	2,	6,	1,	67,	uso_300ms_88.wav,	2,	184,	4.23,	3.337395668029785,	15,	0.3
Thomas,	2,	6,	1,	68,	uso_300ms_31.wav,	1,	172,	3.83,	2.1172685623168945,	15,	0.3
Thomas,	2,	6,	1,	69,	uso_300ms_62.wav,	5,	297,	8.0,	5.578891277313232,	15,	0.3
Thomas,	2,	6,	1,	70,	uso_300ms_64.wav,	8,	342,	9.5,	3.737968683242798,	15,	0.3
Thomas,	2,	6,	1,	71,	uso_300ms_39.wav,	9,	377,	10.67,	2.671708583831787,	15,	0.3
Thomas,	2,	6,	1,	72,	uso_300ms_57.wav,	0,	128,	2.37,	6.392547607421875,	15,	0.3
Thomas,	2,	6,	1,	73,	uso_300ms_76.wav,	6,	260,	6.77,	2.7635295391082764,	15,	0.3
Thomas,	2,	6,	1,	74,	uso_300ms_66.wav,	10,	341,	9.47,	3.942016363143921,	15,	0.3
Thomas,	2,	6,	1,	75,	uso_300ms_38.wav,	4,	235,	5.93,	3.3578789234161377,	15,	0.3
Thomas,	2,	6,	1,	76,	uso_300ms_85.wav,	7,	306,	8.3,	3.2410008907318115,	15,	0.3
Thomas,	2,	6,	1,	77,	uso_300ms_5.wav,	3,	219,	5.4,	2.43534255027771,	15,	0.3
Thomas,	2,	6,	1,	78,	uso_300ms_95.wav,	7,	261,	6.8,	2.7775251865386963,	15,	0.3
Thomas,	2,	6,	1,	79,	uso_300ms_29.wav,	9,	365,	10.27,	2.2656989097595215,	15,	0.3
Thomas,	2,	6,	1,	80,	uso_300ms_5.wav,	5,	239,	6.07,	3.419832706451416,	15,	0.3
Thomas,	2,	6,	1,	81,	uso_300ms_75.wav,	4,	201,	4.8,	1.8363409042358398,	15,	0.3
Thomas,	2,	6,	1,	82,	uso_300ms_49.wav,	1,	157,	3.33,	2.004786252975464,	15,	0.3
Thomas,	2,	6,	1,	83,	uso_300ms_77.wav,	2,	157,	3.33,	1.8534862995147705,	15,	0.3
Thomas,	2,	6,	1,	84,	uso_300ms_63.wav,	8,	294,	7.9,	2.849287271499634,	15,	0.3
Thomas,	2,	6,	1,	85,	uso_300ms_74.wav,	10,	371,	10.47,	3.1400320529937744,	15,	0.3
Thomas,	2,	6,	1,	86,	uso_300ms_70.wav,	6,	341,	9.47,	2.4115729331970215,	15,	0.3
Thomas,	2,	6,	1,	87,	uso_300ms_73.wav,	3,	254,	6.57,	3.143770456314087,	15,	0.3
Thomas,	2,	6,	1,	88,	uso_300ms_6.wav,	0,	115,	1.93,	3.7190916538238525,	15,	0.3
Thomas,	2,	6,	1,	89,	uso_300ms_67.wav,	2,	164,	3.57,	4.702955961227417,	15,	0.3
Thomas,	2,	6,	1,	90,	uso_300ms_1.wav,	8,	292,	7.83,	3.450272798538208,	15,	0.3
Thomas,	2,	6,	1,	91,	uso_300ms_62.wav,	3,	215,	5.27,	2.9359376430511475,	15,	0.3
Thomas,	2,	6,	1,	92,	uso_300ms_72.wav,	7,	294,	7.9,	3.0497164726257324,	15,	0.3
Thomas,	2,	6,	1,	93,	uso_300ms_14.wav,	4,	228,	5.7,	2.334134817123413,	15,	0.3
Thomas,	2,	6,	1,	94,	uso_300ms_76.wav,	6,	347,	9.67,	3.0770411491394043,	15,	0.3
Thomas,	2,	6,	1,	95,	uso_300ms_68.wav,	0,	128,	2.37,	4.953529357910156,	15,	0.3
Thomas,	2,	6,	1,	96,	uso_300ms_22.wav,	1,	148,	3.03,	4.411425352096558,	15,	0.3
Thomas,	2,	6,	1,	97,	uso_300ms_51.wav,	9,	386,	10.97,	5.069730520248413,	15,	0.3
Thomas,	2,	6,	1,	98,	uso_300ms_32.wav,	5,	261,	6.8,	8.053666830062866,	15,	0.3
Thomas,	2,	6,	1,	99,	uso_300ms_19.wav,	10,	341,	9.47,	3.218600273132324,	15,	0.3
Thomas,	2,	6,	1,	100,	uso_300ms_52.wav,	5,	263,	6.87,	2.862863063812256,	15,	0.3
Thomas,	2,	6,	1,	101,	uso_300ms_77.wav,	6,	295,	7.93,	2.9212698936462402,	15,	0.3
Thomas,	2,	6,	1,	102,	uso_300ms_93.wav,	7,	295,	7.93,	1.8780388832092285,	15,	0.3
Thomas,	2,	6,	1,	103,	uso_300ms_58.wav,	10,	373,	10.53,	3.418757438659668,	15,	0.3
Thomas,	2,	6,	1,	104,	uso_300ms_78.wav,	3,	222,	5.5,	2.9317753314971924,	15,	0.3
Thomas,	2,	6,	1,	105,	uso_300ms_13.wav,	9,	263,	6.87,	2.2482008934020996,	15,	0.3
Thomas,	2,	6,	1,	106,	uso_300ms_43.wav,	1,	200,	4.77,	2.220730781555176,	15,	0.3
Thomas,	2,	6,	1,	107,	uso_300ms_24.wav,	2,	200,	4.77,	2.6063337326049805,	15,	0.3
Thomas,	2,	6,	1,	108,	uso_300ms_82.wav,	0,	148,	3.03,	3.1843316555023193,	15,	0.3
Thomas,	2,	6,	1,	109,	uso_300ms_30.wav,	4,	238,	6.03,	5.896751403808594,	15,	0.3
Thomas,	2,	6,	1,	110,	uso_300ms_78.wav,	8,	378,	10.7,	2.2805819511413574,	15,	0.3
Thomas,	2,	6,	1,	111,	uso_300ms_22.wav,	1,	219,	5.4,	3.3500313758850098,	15,	0.3
Thomas,	2,	6,	1,	112,	uso_300ms_54.wav,	2,	219,	5.4,	2.6417016983032227,	15,	0.3
Thomas,	2,	6,	1,	113,	uso_300ms_21.wav,	0,	113,	1.87,	3.6566710472106934,	15,	0.3
Thomas,	2,	6,	1,	114,	uso_300ms_63.wav,	3,	211,	5.13,	3.0557847023010254,	15,	0.3
Thomas,	2,	6,	1,	115,	uso_300ms_67.wav,	9,	351,	9.8,	3.101813316345215,	15,	0.3
Thomas,	2,	6,	1,	116,	uso_300ms_29.wav,	4,	301,	8.13,	3.1149070262908936,	15,	0.3
Thomas,	2,	6,	1,	117,	uso_300ms_32.wav,	7,	273,	7.2,	2.5114567279815674,	15,	0.3
Thomas,	2,	6,	1,	118,	uso_300ms_73.wav,	10,	345,	9.6,	5.6818671226501465,	15,	0.3
Thomas,	2,	6,	1,	119,	uso_300ms_37.wav,	6,	307,	8.33,	2.3765041828155518,	15,	0.3
Thomas,	2,	6,	1,	120,	uso_300ms_6.wav,	8,	343,	9.53,	3.7017273902893066,	15,	0.3
Thomas,	2,	6,	1,	121,	uso_300ms_1.wav,	5,	291,	7.8,	3.6220180988311768,	15,	0.3
Thomas,	2,	6,	1,	122,	uso_300ms_41.wav,	9,	396,	11.3,	2.880547523498535,	15,	0.3
Thomas,	2,	6,	1,	123,	uso_300ms_76.wav,	0,	169,	3.73,	3.2075119018554688,	15,	0.3
Thomas,	2,	6,	1,	124,	uso_300ms_58.wav,	7,	217,	5.33,	2.889946222305298,	15,	0.3
Thomas,	2,	6,	1,	125,	uso_300ms_16.wav,	10,	354,	9.9,	3.5340332984924316,	15,	0.3
Thomas,	2,	6,	1,	126,	uso_300ms_35.wav,	2,	237,	6.0,	3.4448888301849365,	15,	0.3
Thomas,	2,	6,	1,	127,	uso_300ms_11.wav,	4,	198,	4.7,	4.559778928756714,	15,	0.3
Thomas,	2,	6,	1,	128,	uso_300ms_68.wav,	6,	293,	7.87,	5.84553599357605,	15,	0.3
Thomas,	2,	6,	1,	129,	uso_300ms_1.wav,	3,	248,	6.37,	2.8909173011779785,	15,	0.3
Thomas,	2,	6,	1,	130,	uso_300ms_49.wav,	8,	316,	8.63,	3.514327049255371,	15,	0.3
Thomas,	2,	6,	1,	131,	uso_300ms_77.wav,	5,	275,	7.27,	2.5868570804595947,	15,	0.3
Thomas,	2,	6,	1,	132,	uso_300ms_49.wav,	1,	170,	3.77,	2.4700326919555664,	15,	0.3
Thomas,	2,	6,	1,	133,	uso_300ms_32.wav,	10,	370,	10.43,	2.7759110927581787,	15,	0.3
Thomas,	2,	6,	1,	134,	uso_300ms_8.wav,	4,	239,	6.07,	3.533515214920044,	15,	0.3
Thomas,	2,	6,	1,	135,	uso_300ms_18.wav,	6,	271,	7.13,	2.415803909301758,	15,	0.3
Thomas,	2,	6,	1,	136,	uso_300ms_75.wav,	2,	189,	4.4,	2.4568564891815186,	15,	0.3
Thomas,	2,	6,	1,	137,	uso_300ms_85.wav,	7,	271,	7.13,	2.5883355140686035,	15,	0.3
Thomas,	2,	6,	1,	138,	uso_300ms_29.wav,	9,	337,	9.33,	2.528726816177368,	15,	0.3
Thomas,	2,	6,	1,	139,	uso_300ms_35.wav,	1,	266,	6.97,	3.197237491607666,	15,	0.3
Thomas,	2,	6,	1,	140,	uso_300ms_59.wav,	8,	336,	9.3,	6.359323501586914,	15,	0.3
Thomas,	2,	6,	1,	141,	uso_300ms_54.wav,	0,	148,	3.03,	4.737880706787109,	15,	0.3
Thomas,	2,	6,	1,	142,	uso_300ms_43.wav,	3,	169,	3.73,	2.1513023376464844,	15,	0.3
Thomas,	2,	6,	1,	143,	uso_300ms_29.wav,	5,	255,	6.6,	4.3515825271606445,	15,	0.3
Thomas,	2,	6,	1,	144,	uso_300ms_8.wav,	8,	255,	6.6,	3.218763589859009,	15,	0.3
Thomas,	2,	6,	1,	145,	uso_300ms_26.wav,	5,	255,	6.6,	3.3172454833984375,	15,	0.3
Thomas,	2,	6,	1,	146,	uso_300ms_19.wav,	7,	331,	9.13,	3.2836265563964844,	15,	0.3
Thomas,	2,	6,	1,	147,	uso_300ms_98.wav,	0,	133,	2.53,	3.853842258453369,	15,	0.3
Thomas,	2,	6,	1,	148,	uso_300ms_48.wav,	6,	212,	5.17,	2.4836044311523438,	15,	0.3
Thomas,	2,	6,	1,	149,	uso_300ms_71.wav,	9,	327,	9.0,	2.641314744949341,	15,	0.3
Thomas,	2,	6,	1,	150,	uso_300ms_52.wav,	10,	363,	10.2,	2.26167368888855,	15,	0.3
Thomas,	2,	6,	1,	151,	uso_300ms_40.wav,	2,	260,	6.77,	3.4736318588256836,	15,	0.3
Thomas,	2,	6,	1,	152,	uso_300ms_94.wav,	1,	192,	4.5,	2.2814295291900635,	15,	0.3
Thomas,	2,	6,	1,	153,	uso_300ms_72.wav,	4,	214,	5.23,	2.706106185913086,	15,	0.3
Thomas,	2,	6,	1,	154,	uso_300ms_28.wav,	3,	214,	5.23,	2.5387051105499268,	15,	0.3
Thomas,	2,	6,	1,	155,	uso_300ms_52.wav,	6,	257,	6.67,	4.1665003299713135,	15,	0.3
Thomas,	2,	6,	1,	156,	uso_300ms_79.wav,	0,	155,	3.27,	4.419307470321655,	15,	0.3
Thomas,	2,	6,	1,	157,	uso_300ms_15.wav,	3,	178,	4.03,	3.196453809738159,	15,	0.3
Thomas,	2,	6,	1,	158,	uso_300ms_4.wav,	4,	262,	6.83,	3.2485601902008057,	15,	0.3
Thomas,	2,	6,	1,	159,	uso_300ms_46.wav,	5,	300,	8.1,	3.313767910003662,	15,	0.3
Thomas,	2,	6,	1,	160,	uso_300ms_3.wav,	1,	170,	3.77,	3.5564346313476562,	15,	0.3
Thomas,	2,	6,	1,	161,	uso_300ms_36.wav,	9,	341,	9.47,	3.24826717376709,	15,	0.3
Thomas,	2,	6,	1,	162,	uso_300ms_38.wav,	8,	341,	9.47,	2.3585591316223145,	15,	0.3
Thomas,	2,	6,	1,	163,	uso_300ms_77.wav,	7,	317,	8.67,	5.0066070556640625,	15,	0.3
Thomas,	2,	6,	1,	164,	uso_300ms_51.wav,	2,	250,	6.43,	2.604966402053833,	15,	0.3
Thomas,	2,	6,	1,	165,	uso_300ms_43.wav,	10,	370,	10.43,	3.6491870880126953,	15,	0.3
