sub_id,cond_id,block_id,task_id,event_id,stim_id,speaker_id,led_id,led_distance,response_time,n_reps,isi
Thomas,	2,	1,	3,	1,	uso_300ms_37.wav,	9,	90,	1.1,	0.33299922943115234,	15,	0.3
Thomas,	2,	1,	3,	2,	uso_300ms_86.wav,	7,	246,	6.3,	8.793013095855713,	15,	0.3
Thomas,	2,	1,	3,	3,	uso_300ms_30.wav,	6,	306,	8.3,	3.774420976638794,	15,	0.3
Thomas,	2,	1,	3,	4,	uso_300ms_26.wav,	5,	363,	10.2,	3.9165525436401367,	15,	0.3
Thomas,	2,	1,	3,	5,	uso_300ms_99.wav,	8,	395,	11.27,	3.0768942832946777,	15,	0.3
Thomas,	2,	1,	3,	6,	uso_300ms_7.wav,	5,	342,	9.5,	2.9856460094451904,	15,	0.3
Thomas,	2,	1,	3,	7,	uso_300ms_1.wav,	6,	381,	10.8,	3.380152940750122,	15,	0.3
Thomas,	2,	1,	3,	8,	uso_300ms_97.wav,	8,	287,	7.67,	2.500251531600952,	15,	0.3
Thomas,	2,	1,	3,	9,	uso_300ms_67.wav,	7,	314,	8.57,	4.140397787094116,	15,	0.3
Thomas,	2,	1,	3,	10,	uso_300ms_19.wav,	9,	418,	12.03,	4.528026103973389,	15,	0.3
Thomas,	2,	1,	3,	11,	uso_300ms_89.wav,	6,	271,	7.13,	4.571309566497803,	15,	0.3
Thomas,	2,	1,	3,	12,	uso_300ms_58.wav,	8,	330,	9.1,	5.552100896835327,	15,	0.3
Thomas,	2,	1,	3,	13,	uso_300ms_72.wav,	5,	220,	5.43,	3.4501349925994873,	15,	0.3
Thomas,	2,	1,	3,	14,	uso_300ms_44.wav,	9,	329,	9.07,	4.737034797668457,	15,	0.3
Thomas,	2,	1,	3,	15,	uso_300ms_99.wav,	7,	274,	7.23,	4.6038079261779785,	15,	0.3
Thomas,	2,	1,	3,	16,	uso_300ms_46.wav,	5,	219,	5.4,	4.456466436386108,	15,	0.3
Thomas,	2,	1,	3,	17,	uso_300ms_34.wav,	8,	272,	7.17,	3.9936892986297607,	15,	0.3
Thomas,	2,	1,	3,	18,	uso_300ms_35.wav,	7,	345,	9.6,	3.89457631111145,	15,	0.3
Thomas,	2,	1,	3,	19,	uso_300ms_33.wav,	9,	400,	11.43,	4.564194440841675,	15,	0.3
Thomas,	2,	1,	3,	20,	uso_300ms_30.wav,	6,	257,	6.67,	4.238542556762695,	15,	0.3
Thomas,	2,	1,	3,	21,	uso_300ms_46.wav,	9,	315,	8.6,	2.8377411365509033,	15,	0.3
Thomas,	2,	1,	3,	22,	uso_300ms_38.wav,	7,	286,	7.63,	2.796046257019043,	15,	0.3
Thomas,	2,	1,	3,	23,	uso_300ms_5.wav,	5,	238,	6.03,	5.615488290786743,	15,	0.3
Thomas,	2,	1,	3,	24,	uso_300ms_33.wav,	6,	278,	7.37,	5.121838331222534,	15,	0.3
Thomas,	2,	1,	3,	25,	uso_300ms_43.wav,	8,	380,	10.77,	3.5550405979156494,	15,	0.3
Thomas,	2,	1,	3,	26,	uso_300ms_62.wav,	6,	399,	11.4,	3.9115617275238037,	15,	0.3
Thomas,	2,	1,	3,	27,	uso_300ms_61.wav,	5,	369,	10.4,	2.4514544010162354,	15,	0.3
Thomas,	2,	1,	3,	28,	uso_300ms_93.wav,	9,	419,	12.07,	5.13536262512207,	15,	0.3
Thomas,	2,	1,	3,	29,	uso_300ms_71.wav,	8,	436,	12.63,	2.3195877075195312,	15,	0.3
Thomas,	2,	1,	3,	30,	uso_300ms_1.wav,	7,	398,	11.37,	3.418700933456421,	15,	0.3
Thomas,	2,	1,	3,	31,	uso_300ms_27.wav,	5,	290,	7.77,	6.194362640380859,	15,	0.3
Thomas,	2,	1,	3,	32,	uso_300ms_83.wav,	7,	340,	9.43,	4.876533508300781,	15,	0.3
Thomas,	2,	1,	3,	33,	uso_300ms_38.wav,	9,	377,	10.67,	4.277343988418579,	15,	0.3
Thomas,	2,	1,	3,	34,	uso_300ms_4.wav,	6,	398,	11.37,	2.9988863468170166,	15,	0.3
Thomas,	2,	1,	3,	35,	uso_300ms_11.wav,	8,	332,	9.17,	4.136192083358765,	15,	0.3
Thomas,	2,	1,	3,	36,	uso_300ms_76.wav,	7,	425,	12.27,	3.699925184249878,	15,	0.3
Thomas,	2,	1,	3,	37,	uso_300ms_12.wav,	9,	398,	11.37,	2.917567253112793,	15,	0.3
Thomas,	2,	1,	3,	38,	uso_300ms_65.wav,	8,	359,	10.07,	3.758890151977539,	15,	0.3
Thomas,	2,	1,	3,	39,	uso_300ms_89.wav,	6,	282,	7.5,	3.724100351333618,	15,	0.3
Thomas,	2,	1,	3,	40,	uso_300ms_76.wav,	5,	333,	9.2,	4.108364105224609,	15,	0.3
Thomas,	2,	1,	3,	41,	uso_300ms_20.wav,	8,	417,	12.0,	4.045358657836914,	15,	0.3
Thomas,	2,	1,	3,	42,	uso_300ms_95.wav,	9,	387,	11.0,	4.89676570892334,	15,	0.3
Thomas,	2,	1,	3,	43,	uso_300ms_74.wav,	6,	355,	9.93,	2.6602118015289307,	15,	0.3
Thomas,	2,	1,	3,	44,	uso_300ms_98.wav,	7,	334,	9.23,	3.395505428314209,	15,	0.3
Thomas,	2,	1,	3,	45,	uso_300ms_12.wav,	5,	269,	7.07,	1.9617269039154053,	15,	0.3
Thomas,	2,	1,	3,	46,	uso_300ms_59.wav,	9,	338,	9.37,	3.498892307281494,	15,	0.3
Thomas,	2,	1,	3,	47,	uso_300ms_99.wav,	7,	303,	8.2,	5.955424785614014,	15,	0.3
Thomas,	2,	1,	3,	48,	uso_300ms_33.wav,	5,	236,	5.97,	3.904557704925537,	15,	0.3
Thomas,	2,	1,	3,	49,	uso_300ms_16.wav,	6,	272,	7.17,	4.276382207870483,	15,	0.3
Thomas,	2,	1,	3,	50,	uso_300ms_81.wav,	8,	357,	10.0,	4.944216966629028,	15,	0.3
Thomas,	2,	1,	3,	51,	uso_300ms_9.wav,	9,	378,	10.7,	4.08182954788208,	15,	0.3
Thomas,	2,	1,	3,	52,	uso_300ms_44.wav,	6,	319,	8.73,	2.7411696910858154,	15,	0.3
Thomas,	2,	1,	3,	53,	uso_300ms_80.wav,	7,	280,	7.43,	3.0535857677459717,	15,	0.3
Thomas,	2,	1,	3,	54,	uso_300ms_14.wav,	8,	343,	9.53,	3.981323480606079,	15,	0.3
Thomas,	2,	1,	3,	55,	uso_300ms_43.wav,	5,	323,	8.87,	6.830573320388794,	15,	0.3
Thomas,	2,	1,	3,	56,	uso_300ms_94.wav,	9,	363,	10.2,	3.0859222412109375,	15,	0.3
Thomas,	2,	1,	3,	57,	uso_300ms_8.wav,	7,	333,	9.2,	4.167771339416504,	15,	0.3
Thomas,	2,	1,	3,	58,	uso_300ms_57.wav,	5,	262,	6.83,	3.261002779006958,	15,	0.3
Thomas,	2,	1,	3,	59,	uso_300ms_70.wav,	6,	237,	6.0,	3.4186995029449463,	15,	0.3
Thomas,	2,	1,	3,	60,	uso_300ms_87.wav,	8,	343,	9.53,	5.391951084136963,	15,	0.3
Thomas,	2,	1,	3,	61,	uso_300ms_98.wav,	9,	391,	11.13,	3.6009860038757324,	15,	0.3
Thomas,	2,	1,	3,	62,	uso_300ms_41.wav,	8,	438,	12.7,	5.849847078323364,	15,	0.3
Thomas,	2,	1,	3,	63,	uso_300ms_77.wav,	5,	218,	5.37,	8.355284690856934,	15,	0.3
Thomas,	2,	1,	3,	64,	uso_300ms_12.wav,	7,	260,	6.77,	5.255745887756348,	15,	0.3
Thomas,	2,	1,	3,	65,	uso_300ms_66.wav,	6,	301,	8.13,	3.411839008331299,	15,	0.3
Thomas,	2,	1,	3,	66,	uso_300ms_78.wav,	8,	374,	10.57,	2.5927600860595703,	15,	0.3
Thomas,	2,	1,	3,	67,	uso_300ms_52.wav,	9,	397,	11.33,	4.859172582626343,	15,	0.3
Thomas,	2,	1,	3,	68,	uso_300ms_48.wav,	5,	244,	6.23,	4.717532396316528,	15,	0.3
Thomas,	2,	1,	3,	69,	uso_300ms_82.wav,	6,	336,	9.3,	3.806718587875366,	15,	0.3
Thomas,	2,	1,	3,	70,	uso_300ms_30.wav,	7,	300,	8.1,	6.343413352966309,	15,	0.3
Thomas,	2,	1,	3,	71,	uso_300ms_90.wav,	8,	372,	10.5,	2.826160430908203,	15,	0.3
Thomas,	2,	1,	3,	72,	uso_300ms_27.wav,	5,	229,	5.73,	6.5838799476623535,	15,	0.3
Thomas,	2,	1,	3,	73,	uso_300ms_91.wav,	7,	348,	9.7,	3.079758405685425,	15,	0.3
Thomas,	2,	1,	3,	74,	uso_300ms_46.wav,	9,	408,	11.7,	3.1380512714385986,	15,	0.3
Thomas,	2,	1,	3,	75,	uso_300ms_39.wav,	6,	375,	10.6,	2.468316078186035,	15,	0.3
