sub_id,cond_id,block_id,task_id,event_id,stim_id,speaker_id,led_id,led_distance,response_time,n_reps,isi
18,	2,	2,	3,	1,	uso_300ms_8.wav,	7,	90,	1.1,	0.2009286880493164,	15,	0.3
18,	2,	2,	3,	2,	uso_300ms_49.wav,	8,	205,	4.93,	3.5765726566314697,	15,	0.3
18,	2,	2,	3,	3,	uso_300ms_88.wav,	9,	239,	6.07,	2.827444314956665,	15,	0.3
18,	2,	2,	3,	4,	uso_300ms_11.wav,	5,	153,	3.2,	2.951242446899414,	15,	0.3
18,	2,	2,	3,	5,	uso_300ms_86.wav,	6,	259,	6.73,	2.0732319355010986,	15,	0.3
18,	2,	2,	3,	6,	uso_300ms_61.wav,	5,	254,	6.57,	2.474914789199829,	15,	0.3
18,	2,	2,	3,	7,	uso_300ms_62.wav,	8,	297,	8.0,	2.4314558506011963,	15,	0.3
18,	2,	2,	3,	8,	uso_300ms_85.wav,	6,	228,	5.7,	2.7313523292541504,	15,	0.3
18,	2,	2,	3,	9,	uso_300ms_44.wav,	7,	336,	9.3,	2.750847101211548,	15,	0.3
18,	2,	2,	3,	10,	uso_300ms_54.wav,	9,	418,	12.03,	2.2357380390167236,	15,	0.3
18,	2,	2,	3,	11,	uso_300ms_93.wav,	8,	349,	9.73,	3.141707420349121,	15,	0.3
18,	2,	2,	3,	12,	uso_300ms_30.wav,	5,	188,	4.37,	2.113654136657715,	15,	0.3
18,	2,	2,	3,	13,	uso_300ms_16.wav,	6,	176,	3.97,	1.864180564880371,	15,	0.3
18,	2,	2,	3,	14,	uso_300ms_65.wav,	9,	380,	10.77,	2.348616123199463,	15,	0.3
18,	2,	2,	3,	15,	uso_300ms_64.wav,	7,	416,	11.97,	1.749513864517212,	15,	0.3
18,	2,	2,	3,	16,	uso_300ms_88.wav,	6,	314,	8.57,	2.2887465953826904,	15,	0.3
18,	2,	2,	3,	17,	uso_300ms_66.wav,	8,	352,	9.83,	2.239912271499634,	15,	0.3
18,	2,	2,	3,	18,	uso_300ms_48.wav,	5,	185,	4.27,	2.2338240146636963,	15,	0.3
18,	2,	2,	3,	19,	uso_300ms_50.wav,	7,	242,	6.17,	1.6925544738769531,	15,	0.3
18,	2,	2,	3,	20,	uso_300ms_12.wav,	9,	358,	10.03,	1.8978331089019775,	15,	0.3
18,	2,	2,	3,	21,	uso_300ms_91.wav,	7,	402,	11.5,	1.4167194366455078,	15,	0.3
18,	2,	2,	3,	22,	uso_300ms_24.wav,	5,	211,	5.13,	2.4503889083862305,	15,	0.3
18,	2,	2,	3,	23,	uso_300ms_42.wav,	9,	348,	9.7,	2.3715953826904297,	15,	0.3
18,	2,	2,	3,	24,	uso_300ms_51.wav,	8,	422,	12.17,	1.804748773574829,	15,	0.3
18,	2,	2,	3,	25,	uso_300ms_42.wav,	6,	181,	4.13,	2.6014225482940674,	15,	0.3
18,	2,	2,	3,	26,	uso_300ms_73.wav,	9,	403,	11.53,	2.398226261138916,	15,	0.3
18,	2,	2,	3,	27,	uso_300ms_93.wav,	5,	141,	2.8,	3.293308734893799,	15,	0.3
18,	2,	2,	3,	28,	uso_300ms_4.wav,	6,	226,	5.63,	1.8810861110687256,	15,	0.3
18,	2,	2,	3,	29,	uso_300ms_30.wav,	8,	285,	7.6,	1.8457739353179932,	15,	0.3
18,	2,	2,	3,	30,	uso_300ms_71.wav,	7,	208,	5.03,	2.023329496383667,	15,	0.3
18,	2,	2,	3,	31,	uso_300ms_59.wav,	9,	345,	9.6,	2.31461501121521,	15,	0.3
18,	2,	2,	3,	32,	uso_300ms_9.wav,	6,	190,	4.43,	2.7780544757843018,	15,	0.3
18,	2,	2,	3,	33,	uso_300ms_82.wav,	7,	216,	5.3,	1.9661924839019775,	15,	0.3
18,	2,	2,	3,	34,	uso_300ms_84.wav,	5,	162,	3.5,	1.9202361106872559,	15,	0.3
18,	2,	2,	3,	35,	uso_300ms_95.wav,	8,	233,	5.87,	1.7953548431396484,	15,	0.3
18,	2,	2,	3,	36,	uso_300ms_76.wav,	6,	172,	3.83,	1.9284369945526123,	15,	0.3
18,	2,	2,	3,	37,	uso_300ms_82.wav,	7,	265,	6.93,	2.1067612171173096,	15,	0.3
18,	2,	2,	3,	38,	uso_300ms_78.wav,	5,	158,	3.37,	2.1111459732055664,	15,	0.3
18,	2,	2,	3,	39,	uso_300ms_82.wav,	9,	320,	8.77,	2.1991500854492188,	15,	0.3
18,	2,	2,	3,	40,	uso_300ms_32.wav,	8,	320,	8.77,	1.5495035648345947,	15,	0.3
18,	2,	2,	3,	41,	uso_300ms_9.wav,	7,	252,	6.5,	2.0114378929138184,	15,	0.3
18,	2,	2,	3,	42,	uso_300ms_67.wav,	5,	215,	5.27,	2.0946924686431885,	15,	0.3
18,	2,	2,	3,	43,	uso_300ms_82.wav,	6,	261,	6.8,	1.9923508167266846,	15,	0.3
18,	2,	2,	3,	44,	uso_300ms_16.wav,	8,	295,	7.93,	1.8132014274597168,	15,	0.3
18,	2,	2,	3,	45,	uso_300ms_68.wav,	9,	320,	8.77,	1.7145850658416748,	15,	0.3
18,	2,	2,	3,	46,	uso_300ms_70.wav,	7,	267,	7.0,	2.053283214569092,	15,	0.3
18,	2,	2,	3,	47,	uso_300ms_12.wav,	8,	207,	5.0,	2.2835066318511963,	15,	0.3
18,	2,	2,	3,	48,	uso_300ms_63.wav,	5,	150,	3.1,	1.6302540302276611,	15,	0.3
18,	2,	2,	3,	49,	uso_300ms_29.wav,	6,	193,	4.53,	1.692969560623169,	15,	0.3
18,	2,	2,	3,	50,	uso_300ms_39.wav,	9,	277,	7.33,	1.584965467453003,	15,	0.3
18,	2,	2,	3,	51,	uso_300ms_41.wav,	7,	359,	10.07,	2.9628562927246094,	15,	0.3
18,	2,	2,	3,	52,	uso_300ms_27.wav,	5,	183,	4.2,	2.4304866790771484,	15,	0.3
18,	2,	2,	3,	53,	uso_300ms_2.wav,	6,	211,	5.13,	2.0466349124908447,	15,	0.3
18,	2,	2,	3,	54,	uso_300ms_87.wav,	8,	252,	6.5,	2.843242645263672,	15,	0.3
18,	2,	2,	3,	55,	uso_300ms_39.wav,	9,	307,	8.33,	2.353250503540039,	15,	0.3
18,	2,	2,	3,	56,	uso_300ms_90.wav,	7,	140,	2.77,	2.8895699977874756,	15,	0.3
18,	2,	2,	3,	57,	uso_300ms_72.wav,	9,	265,	6.93,	2.9302756786346436,	15,	0.3
18,	2,	2,	3,	58,	uso_300ms_87.wav,	5,	173,	3.87,	1.8825201988220215,	15,	0.3
18,	2,	2,	3,	59,	uso_300ms_55.wav,	8,	232,	5.83,	2.156919240951538,	15,	0.3
18,	2,	2,	3,	60,	uso_300ms_65.wav,	6,	203,	4.87,	2.1341402530670166,	15,	0.3
18,	2,	2,	3,	61,	uso_300ms_36.wav,	8,	218,	5.37,	2.322175979614258,	15,	0.3
18,	2,	2,	3,	62,	uso_300ms_81.wav,	5,	151,	3.13,	1.6034328937530518,	15,	0.3
18,	2,	2,	3,	63,	uso_300ms_43.wav,	9,	197,	4.67,	1.8406994342803955,	15,	0.3
18,	2,	2,	3,	64,	uso_300ms_85.wav,	7,	307,	8.33,	2.074787139892578,	15,	0.3
18,	2,	2,	3,	65,	uso_300ms_8.wav,	6,	161,	3.47,	2.7964484691619873,	15,	0.3
18,	2,	2,	3,	66,	uso_300ms_6.wav,	7,	234,	5.9,	3.2737414836883545,	15,	0.3
18,	2,	2,	3,	67,	uso_300ms_41.wav,	8,	356,	9.97,	2.009998083114624,	15,	0.3
18,	2,	2,	3,	68,	uso_300ms_47.wav,	5,	211,	5.13,	2.9643030166625977,	15,	0.3
18,	2,	2,	3,	69,	uso_300ms_47.wav,	9,	211,	5.13,	1.399700403213501,	15,	0.3
18,	2,	2,	3,	70,	uso_300ms_25.wav,	6,	172,	3.83,	1.7437806129455566,	15,	0.3
18,	2,	2,	3,	71,	uso_300ms_60.wav,	7,	209,	5.07,	2.8508074283599854,	15,	0.3
18,	2,	2,	3,	72,	uso_300ms_75.wav,	8,	251,	6.47,	2.512545347213745,	15,	0.3
18,	2,	2,	3,	73,	uso_300ms_2.wav,	9,	243,	6.2,	2.343263626098633,	15,	0.3
18,	2,	2,	3,	74,	uso_300ms_31.wav,	6,	199,	4.73,	2.0186328887939453,	15,	0.3
18,	2,	2,	3,	75,	uso_300ms_37.wav,	5,	154,	3.23,	1.7753920555114746,	15,	0.3
