sub_id,cond_id,block_id,task_id,event_id,stim_id,speaker_id,led_id,led_distance,response_time,n_reps,isi
18,	2,	3,	3,	1,	uso_300ms_71.wav,	5,	90,	1.1,	nan,	90,	2
18,	2,	3,	3,	2,	uso_300ms_96.wav,	5,	108.02939600000003,	1.7,	nan,	90,	2
18,	2,	3,	3,	3,	uso_300ms_15.wav,	5,	146.0002169999995,	2.97,	nan,	90,	2
18,	2,	3,	3,	4,	uso_300ms_87.wav,	5,	124.99922300000019,	2.27,	nan,	90,	2
18,	2,	3,	3,	5,	uso_300ms_38.wav,	5,	112.39231400000021,	1.85,	nan,	90,	2
18,	2,	3,	3,	6,	uso_300ms_90.wav,	5,	259.2211780000002,	6.74,	nan,	90,	2
18,	2,	3,	3,	7,	uso_300ms_24.wav,	5,	254.80089500000005,	6.59,	nan,	90,	2
18,	2,	3,	3,	8,	uso_300ms_46.wav,	6,	302.15240899999975,	8.17,	nan,	90,	2
18,	2,	3,	3,	9,	uso_300ms_20.wav,	7,	337.8974470000013,	9.36,	nan,	90,	2
18,	2,	3,	3,	10,	uso_300ms_25.wav,	9,	374.4253930000018,	10.58,	nan,	90,	2
18,	2,	3,	3,	11,	uso_300ms_36.wav,	9,	383.22375600000225,	10.87,	nan,	90,	2
18,	2,	3,	3,	12,	uso_300ms_26.wav,	8,	350.84592800000235,	9.79,	nan,	90,	2
18,	2,	3,	3,	13,	uso_300ms_79.wav,	7,	323.59636300000204,	8.89,	nan,	90,	2
18,	2,	3,	3,	14,	uso_300ms_34.wav,	6,	289.22042000000204,	7.74,	nan,	90,	2
18,	2,	3,	3,	15,	uso_300ms_65.wav,	5,	220.40643700000197,	5.45,	nan,	90,	2
18,	2,	3,	3,	16,	uso_300ms_54.wav,	5,	161.51771200000232,	3.48,	nan,	90,	2
18,	2,	3,	3,	17,	uso_300ms_4.wav,	5,	111.4419660000024,	1.81,	nan,	90,	2
18,	2,	3,	3,	18,	uso_300ms_100.wav,	5,	192.88331900000216,	4.53,	nan,	90,	2
18,	2,	3,	3,	19,	uso_300ms_98.wav,	5,	248.74310900000162,	6.39,	nan,	90,	2
18,	2,	3,	3,	20,	uso_300ms_100.wav,	6,	292.771590000002,	7.86,	nan,	90,	2
18,	2,	3,	3,	21,	uso_300ms_91.wav,	6,	294.8425680000017,	7.93,	nan,	90,	2
18,	2,	3,	3,	22,	uso_300ms_98.wav,	5,	257.65689500000167,	6.69,	nan,	90,	2
18,	2,	3,	3,	23,	uso_300ms_62.wav,	7,	339.91015700000173,	9.43,	nan,	90,	2
18,	2,	3,	3,	24,	uso_300ms_57.wav,	9,	382.2431960000004,	10.84,	nan,	90,	2
18,	2,	3,	3,	25,	uso_300ms_77.wav,	9,	446.43201999999985,	12.98,	nan,	90,	2
18,	2,	3,	3,	26,	uso_300ms_47.wav,	9,	450.0743369999999,	13.1,	nan,	90,	2
18,	2,	3,	3,	27,	uso_300ms_17.wav,	9,	412.8243409999997,	11.86,	nan,	90,	2
18,	2,	3,	3,	28,	uso_300ms_48.wav,	9,	373.23683499999987,	10.54,	nan,	90,	2
18,	2,	3,	3,	29,	uso_300ms_24.wav,	7,	313.83241999999996,	8.56,	nan,	90,	2
18,	2,	3,	3,	30,	uso_300ms_33.wav,	8,	363.84006299999965,	10.23,	nan,	90,	2
18,	2,	3,	3,	31,	uso_300ms_89.wav,	7,	331.2738579999994,	9.14,	nan,	90,	2
18,	2,	3,	3,	32,	uso_300ms_47.wav,	7,	316.91270699999944,	8.66,	nan,	90,	2
18,	2,	3,	3,	33,	uso_300ms_35.wav,	5,	267.05662099999944,	7.0,	nan,	90,	2
18,	2,	3,	3,	34,	uso_300ms_66.wav,	5,	261.9817539999997,	6.83,	nan,	90,	2
18,	2,	3,	3,	35,	uso_300ms_3.wav,	5,	239.45758099999978,	6.08,	nan,	90,	2
18,	2,	3,	3,	36,	uso_300ms_38.wav,	5,	207.22020799999976,	5.01,	nan,	90,	2
18,	2,	3,	3,	37,	uso_300ms_41.wav,	5,	167.0461509999999,	3.67,	nan,	90,	2
18,	2,	3,	3,	38,	uso_300ms_95.wav,	5,	144.8446219999999,	2.93,	nan,	90,	2
18,	2,	3,	3,	39,	uso_300ms_51.wav,	7,	322.52872300000024,	8.85,	nan,	90,	2
18,	2,	3,	3,	40,	uso_300ms_54.wav,	9,	376.93559300000055,	10.66,	nan,	90,	2
18,	2,	3,	3,	41,	uso_300ms_97.wav,	9,	450.7251270000006,	13.12,	nan,	90,	2
18,	2,	3,	3,	42,	uso_300ms_6.wav,	9,	427.4887600000006,	12.35,	nan,	90,	2
18,	2,	3,	3,	43,	uso_300ms_39.wav,	7,	332.53173700000053,	9.18,	nan,	90,	2
18,	2,	3,	3,	44,	uso_300ms_91.wav,	5,	257.03402099999977,	6.67,	nan,	90,	2
18,	2,	3,	3,	45,	uso_300ms_8.wav,	5,	235.3674250000003,	5.95,	nan,	90,	2
18,	2,	3,	3,	46,	uso_300ms_65.wav,	6,	302.22475400000036,	8.17,	nan,	90,	2
18,	2,	3,	3,	47,	uso_300ms_85.wav,	5,	228.89010800000065,	5.73,	nan,	90,	2
18,	2,	3,	3,	48,	uso_300ms_19.wav,	5,	214.17764100000085,	5.24,	nan,	90,	2
18,	2,	3,	3,	49,	uso_300ms_42.wav,	5,	260.34407600000026,	6.78,	nan,	90,	2
18,	2,	3,	3,	50,	uso_300ms_70.wav,	8,	361.0910649999998,	10.14,	nan,	90,	2
18,	2,	3,	3,	51,	uso_300ms_41.wav,	9,	378.90396499999906,	10.73,	nan,	90,	2
18,	2,	3,	3,	52,	uso_300ms_50.wav,	9,	429.97767299999856,	12.43,	nan,	90,	2
18,	2,	3,	3,	53,	uso_300ms_87.wav,	9,	406.07279899999844,	11.64,	nan,	90,	2
18,	2,	3,	3,	54,	uso_300ms_14.wav,	9,	450.7745539999983,	13.13,	nan,	90,	2
18,	2,	3,	3,	55,	uso_300ms_12.wav,	9,	423.22248399999836,	12.21,	nan,	90,	2
18,	2,	3,	3,	56,	uso_300ms_22.wav,	9,	407.38359799999836,	11.68,	nan,	90,	2
18,	2,	3,	3,	57,	uso_300ms_76.wav,	9,	434.4708469999982,	12.58,	nan,	90,	2
18,	2,	3,	3,	58,	uso_300ms_88.wav,	9,	434.49984099999807,	12.58,	nan,	90,	2
18,	2,	3,	3,	59,	uso_300ms_76.wav,	9,	450.2470339999983,	13.11,	nan,	90,	2
18,	2,	3,	3,	60,	uso_300ms_41.wav,	9,	431.2357059999981,	12.47,	nan,	90,	2
18,	2,	3,	3,	61,	uso_300ms_22.wav,	8,	367.7892039999979,	10.36,	nan,	90,	2
18,	2,	3,	3,	62,	uso_300ms_92.wav,	7,	340.3984419999976,	9.45,	nan,	90,	2
18,	2,	3,	3,	63,	uso_300ms_33.wav,	6,	310.9823909999976,	8.47,	nan,	90,	2
18,	2,	3,	3,	64,	uso_300ms_38.wav,	5,	277.98469899999736,	7.37,	nan,	90,	2
18,	2,	3,	3,	65,	uso_300ms_63.wav,	5,	267.2808939999969,	7.01,	nan,	90,	2
18,	2,	3,	3,	66,	uso_300ms_22.wav,	5,	252.41369199999755,	6.51,	nan,	90,	2
18,	2,	3,	3,	67,	uso_300ms_24.wav,	7,	316.6311319999976,	8.65,	nan,	90,	2
18,	2,	3,	3,	68,	uso_300ms_86.wav,	7,	335.82229699999715,	9.29,	nan,	90,	2
18,	2,	3,	3,	69,	uso_300ms_46.wav,	9,	427.96290499999714,	12.37,	nan,	90,	2
18,	2,	3,	3,	70,	uso_300ms_49.wav,	9,	393.5362329999969,	11.22,	nan,	90,	2
18,	2,	3,	3,	71,	uso_300ms_10.wav,	8,	352.15186199999687,	9.84,	nan,	90,	2
18,	2,	3,	3,	72,	uso_300ms_49.wav,	9,	408.28106799999694,	11.71,	nan,	90,	2
18,	2,	3,	3,	73,	uso_300ms_98.wav,	9,	382.83572499999696,	10.86,	nan,	90,	2
18,	2,	3,	3,	74,	uso_300ms_48.wav,	8,	365.4249049999969,	10.28,	nan,	90,	2
18,	2,	3,	3,	75,	uso_300ms_95.wav,	8,	365.4249049999969,	10.28,	nan,	90,	2
18,	2,	3,	3,	76,	uso_300ms_40.wav,	8,	362.94056299999806,	10.2,	nan,	90,	2
18,	2,	3,	3,	77,	uso_300ms_100.wav,	8,	360.97272299999884,	10.13,	nan,	90,	2
18,	2,	3,	3,	78,	uso_300ms_84.wav,	6,	285.9554799999992,	7.63,	nan,	90,	2
18,	2,	3,	3,	79,	uso_300ms_20.wav,	8,	344.4236939999993,	9.58,	nan,	90,	2
18,	2,	3,	3,	80,	uso_300ms_84.wav,	6,	310.0678479999998,	8.44,	nan,	90,	2
18,	2,	3,	3,	81,	uso_300ms_3.wav,	5,	276.93633699999964,	7.33,	nan,	90,	2
18,	2,	3,	3,	82,	uso_300ms_47.wav,	5,	248.83126699999963,	6.39,	nan,	90,	2
18,	2,	3,	3,	83,	uso_300ms_25.wav,	6,	308.1725770000002,	8.37,	nan,	90,	2
18,	2,	3,	3,	84,	uso_300ms_71.wav,	9,	373.4044989999999,	10.55,	nan,	90,	2
18,	2,	3,	3,	85,	uso_300ms_93.wav,	9,	432.3740809999995,	12.51,	nan,	90,	2
18,	2,	3,	3,	86,	uso_300ms_12.wav,	9,	432.76085899999987,	12.53,	nan,	90,	2
18,	2,	3,	3,	87,	uso_300ms_16.wav,	9,	433.27552700000126,	12.54,	nan,	90,	2
18,	2,	3,	3,	88,	uso_300ms_87.wav,	9,	433.8078770000031,	12.56,	nan,	90,	2
18,	2,	3,	3,	89,	uso_300ms_89.wav,	9,	410.15815300000367,	11.77,	nan,	90,	2
18,	2,	3,	3,	90,	uso_300ms_32.wav,	9,	389.11151200000364,	11.07,	nan,	90,	2
