sub_id,cond_id,block_id,task_id,event_id,stim_id,speaker_id,led_id,led_distance,response_time,n_reps,isi
18,	2,	6,	1,	1,	uso_300ms_21.wav,	3,	257,	6.67,	3.1803371906280518,	15,	0.3
18,	2,	6,	1,	2,	uso_300ms_60.wav,	10,	356,	9.97,	3.0640804767608643,	15,	0.3
18,	2,	6,	1,	3,	uso_300ms_50.wav,	8,	322,	8.83,	2.9225587844848633,	15,	0.3
18,	2,	6,	1,	4,	uso_300ms_44.wav,	1,	126,	2.3,	2.3353395462036133,	15,	0.3
18,	2,	6,	1,	5,	uso_300ms_29.wav,	9,	394,	11.23,	3.3925743103027344,	15,	0.3
18,	2,	6,	1,	6,	uso_300ms_67.wav,	5,	251,	6.47,	2.566016912460327,	15,	0.3
18,	2,	6,	1,	7,	uso_300ms_64.wav,	2,	167,	3.67,	1.5868983268737793,	15,	0.3
18,	2,	6,	1,	8,	uso_300ms_1.wav,	0,	125,	2.27,	3.8986456394195557,	15,	0.3
18,	2,	6,	1,	9,	uso_300ms_30.wav,	7,	310,	8.43,	3.135150909423828,	15,	0.3
18,	2,	6,	1,	10,	uso_300ms_69.wav,	6,	262,	6.83,	1.792928695678711,	15,	0.3
18,	2,	6,	1,	11,	uso_300ms_64.wav,	4,	374,	10.57,	2.086013078689575,	15,	0.3
18,	2,	6,	1,	12,	uso_300ms_69.wav,	10,	429,	12.4,	2.154820203781128,	15,	0.3
18,	2,	6,	1,	13,	uso_300ms_36.wav,	5,	232,	5.83,	2.6180779933929443,	15,	0.3
18,	2,	6,	1,	14,	uso_300ms_4.wav,	6,	317,	8.67,	2.9227371215820312,	15,	0.3
18,	2,	6,	1,	15,	uso_300ms_87.wav,	1,	158,	3.37,	2.7113680839538574,	15,	0.3
18,	2,	6,	1,	16,	uso_300ms_25.wav,	7,	383,	10.87,	2.501373052597046,	15,	0.3
18,	2,	6,	1,	17,	uso_300ms_9.wav,	2,	208,	5.03,	2.3061118125915527,	15,	0.3
18,	2,	6,	1,	18,	uso_300ms_47.wav,	8,	385,	10.93,	2.278583526611328,	15,	0.3
18,	2,	6,	1,	19,	uso_300ms_12.wav,	9,	412,	11.83,	2.660801410675049,	15,	0.3
18,	2,	6,	1,	20,	uso_300ms_61.wav,	0,	126,	2.3,	2.876551866531372,	15,	0.3
18,	2,	6,	1,	21,	uso_300ms_57.wav,	4,	210,	5.1,	1.8864350318908691,	15,	0.3
18,	2,	6,	1,	22,	uso_300ms_54.wav,	3,	153,	3.2,	2.285801649093628,	15,	0.3
18,	2,	6,	1,	23,	uso_300ms_85.wav,	10,	405,	11.6,	3.063748359680176,	15,	0.3
18,	2,	6,	1,	24,	uso_300ms_87.wav,	4,	159,	3.4,	3.559518337249756,	15,	0.3
18,	2,	6,	1,	25,	uso_300ms_36.wav,	3,	195,	4.6,	3.6124484539031982,	15,	0.3
18,	2,	6,	1,	26,	uso_300ms_83.wav,	6,	287,	7.67,	3.1782407760620117,	15,	0.3
18,	2,	6,	1,	27,	uso_300ms_69.wav,	5,	223,	5.53,	2.783398151397705,	15,	0.3
18,	2,	6,	1,	28,	uso_300ms_62.wav,	1,	132,	2.5,	2.3424887657165527,	15,	0.3
18,	2,	6,	1,	29,	uso_300ms_58.wav,	7,	369,	10.4,	2.895418643951416,	15,	0.3
18,	2,	6,	1,	30,	uso_300ms_63.wav,	9,	347,	9.67,	2.691939353942871,	15,	0.3
18,	2,	6,	1,	31,	uso_300ms_42.wav,	2,	263,	6.87,	2.5365567207336426,	15,	0.3
18,	2,	6,	1,	32,	uso_300ms_83.wav,	8,	407,	11.67,	3.3449745178222656,	15,	0.3
18,	2,	6,	1,	33,	uso_300ms_79.wav,	0,	125,	2.27,	2.811330795288086,	15,	0.3
18,	2,	6,	1,	34,	uso_300ms_20.wav,	9,	369,	10.4,	2.678354263305664,	15,	0.3
18,	2,	6,	1,	35,	uso_300ms_72.wav,	8,	322,	8.83,	1.5017900466918945,	15,	0.3
18,	2,	6,	1,	36,	uso_300ms_94.wav,	0,	122,	2.17,	2.2470154762268066,	15,	0.3
18,	2,	6,	1,	37,	uso_300ms_19.wav,	7,	284,	7.57,	3.201826810836792,	15,	0.3
18,	2,	6,	1,	38,	uso_300ms_73.wav,	2,	182,	4.17,	1.8954005241394043,	15,	0.3
18,	2,	6,	1,	39,	uso_300ms_32.wav,	10,	377,	10.67,	2.303671360015869,	15,	0.3
18,	2,	6,	1,	40,	uso_300ms_90.wav,	6,	188,	4.37,	2.406442165374756,	15,	0.3
18,	2,	6,	1,	41,	uso_300ms_22.wav,	3,	161,	3.47,	2.0819196701049805,	15,	0.3
18,	2,	6,	1,	42,	uso_300ms_7.wav,	1,	135,	2.6,	2.638582706451416,	15,	0.3
18,	2,	6,	1,	43,	uso_300ms_1.wav,	5,	199,	4.73,	1.852759599685669,	15,	0.3
18,	2,	6,	1,	44,	uso_300ms_13.wav,	4,	171,	3.8,	1.746523141860962,	15,	0.3
18,	2,	6,	1,	45,	uso_300ms_31.wav,	0,	115,	1.93,	1.5175807476043701,	15,	0.3
18,	2,	6,	1,	46,	uso_300ms_2.wav,	4,	197,	4.67,	2.4229576587677,	15,	0.3
18,	2,	6,	1,	47,	uso_300ms_36.wav,	10,	394,	11.23,	2.734351634979248,	15,	0.3
18,	2,	6,	1,	48,	uso_300ms_63.wav,	8,	371,	10.47,	2.8223557472229004,	15,	0.3
18,	2,	6,	1,	49,	uso_300ms_9.wav,	3,	176,	3.97,	3.01114559173584,	15,	0.3
18,	2,	6,	1,	50,	uso_300ms_8.wav,	6,	358,	10.03,	2.8044068813323975,	15,	0.3
18,	2,	6,	1,	51,	uso_300ms_34.wav,	5,	160,	3.43,	2.605440378189087,	15,	0.3
18,	2,	6,	1,	52,	uso_300ms_63.wav,	1,	124,	2.23,	1.7579197883605957,	15,	0.3
18,	2,	6,	1,	53,	uso_300ms_2.wav,	7,	261,	6.8,	1.9475092887878418,	15,	0.3
18,	2,	6,	1,	54,	uso_300ms_32.wav,	9,	405,	11.6,	2.904801368713379,	15,	0.3
18,	2,	6,	1,	55,	uso_300ms_42.wav,	2,	138,	2.7,	2.695953845977783,	15,	0.3
18,	2,	6,	1,	56,	uso_300ms_49.wav,	7,	277,	7.33,	2.0393002033233643,	15,	0.3
18,	2,	6,	1,	57,	uso_300ms_4.wav,	10,	399,	11.4,	1.9398729801177979,	15,	0.3
18,	2,	6,	1,	58,	uso_300ms_75.wav,	8,	347,	9.67,	2.7952680587768555,	15,	0.3
18,	2,	6,	1,	59,	uso_300ms_59.wav,	0,	153,	3.2,	2.3518881797790527,	15,	0.3
18,	2,	6,	1,	60,	uso_300ms_31.wav,	5,	343,	9.53,	2.325977325439453,	15,	0.3
18,	2,	6,	1,	61,	uso_300ms_35.wav,	4,	266,	6.97,	2.027116537094116,	15,	0.3
18,	2,	6,	1,	62,	uso_300ms_81.wav,	6,	373,	10.53,	1.9915306568145752,	15,	0.3
18,	2,	6,	1,	63,	uso_300ms_86.wav,	3,	182,	4.17,	2.675483226776123,	15,	0.3
18,	2,	6,	1,	64,	uso_300ms_72.wav,	9,	374,	10.57,	2.211204767227173,	15,	0.3
18,	2,	6,	1,	65,	uso_300ms_97.wav,	2,	137,	2.67,	2.5233418941497803,	15,	0.3
18,	2,	6,	1,	66,	uso_300ms_59.wav,	1,	121,	2.13,	1.694896936416626,	15,	0.3
18,	2,	6,	1,	67,	uso_300ms_17.wav,	5,	264,	6.9,	2.2975056171417236,	15,	0.3
18,	2,	6,	1,	68,	uso_300ms_70.wav,	10,	389,	11.07,	2.3093740940093994,	15,	0.3
18,	2,	6,	1,	69,	uso_300ms_87.wav,	0,	138,	2.7,	2.846080780029297,	15,	0.3
18,	2,	6,	1,	70,	uso_300ms_71.wav,	6,	377,	10.67,	2.480170249938965,	15,	0.3
18,	2,	6,	1,	71,	uso_300ms_23.wav,	8,	409,	11.73,	2.538050651550293,	15,	0.3
18,	2,	6,	1,	72,	uso_300ms_49.wav,	4,	241,	6.13,	3.0243794918060303,	15,	0.3
18,	2,	6,	1,	73,	uso_300ms_97.wav,	2,	159,	3.4,	1.5729875564575195,	15,	0.3
18,	2,	6,	1,	74,	uso_300ms_1.wav,	3,	215,	5.27,	1.607947826385498,	15,	0.3
18,	2,	6,	1,	75,	uso_300ms_50.wav,	7,	282,	7.5,	1.924262285232544,	15,	0.3
18,	2,	6,	1,	76,	uso_300ms_8.wav,	9,	384,	10.9,	1.7499773502349854,	15,	0.3
18,	2,	6,	1,	77,	uso_300ms_25.wav,	1,	129,	2.4,	2.5654804706573486,	15,	0.3
18,	2,	6,	1,	78,	uso_300ms_94.wav,	8,	385,	10.93,	2.922403573989868,	15,	0.3
18,	2,	6,	1,	79,	uso_300ms_54.wav,	5,	319,	8.73,	2.138235330581665,	15,	0.3
18,	2,	6,	1,	80,	uso_300ms_47.wav,	4,	246,	6.3,	2.0705654621124268,	15,	0.3
18,	2,	6,	1,	81,	uso_300ms_64.wav,	2,	190,	4.43,	1.6371197700500488,	15,	0.3
18,	2,	6,	1,	82,	uso_300ms_95.wav,	3,	142,	2.83,	1.6401495933532715,	15,	0.3
18,	2,	6,	1,	83,	uso_300ms_35.wav,	1,	108,	1.7,	1.5250482559204102,	15,	0.3
18,	2,	6,	1,	84,	uso_300ms_90.wav,	7,	364,	10.23,	3.54404354095459,	15,	0.3
18,	2,	6,	1,	85,	uso_300ms_89.wav,	6,	314,	8.57,	3.2586162090301514,	15,	0.3
18,	2,	6,	1,	86,	uso_300ms_67.wav,	10,	424,	12.23,	1.971186876296997,	15,	0.3
18,	2,	6,	1,	87,	uso_300ms_99.wav,	0,	424,	12.23,	0.20171189308166504,	15,	0.3
18,	2,	6,	1,	88,	uso_300ms_71.wav,	9,	112,	1.83,	3.0863709449768066,	15,	0.3
18,	2,	6,	1,	89,	uso_300ms_38.wav,	6,	313,	8.53,	2.6237378120422363,	15,	0.3
18,	2,	6,	1,	90,	uso_300ms_12.wav,	2,	180,	4.1,	3.0359561443328857,	15,	0.3
18,	2,	6,	1,	91,	uso_300ms_83.wav,	3,	215,	5.27,	3.0158536434173584,	15,	0.3
18,	2,	6,	1,	92,	uso_300ms_83.wav,	10,	363,	10.2,	2.1128501892089844,	15,	0.3
18,	2,	6,	1,	93,	uso_300ms_40.wav,	7,	396,	11.3,	2.7875797748565674,	15,	0.3
18,	2,	6,	1,	94,	uso_300ms_85.wav,	5,	270,	7.1,	2.9012255668640137,	15,	0.3
18,	2,	6,	1,	95,	uso_300ms_39.wav,	1,	174,	3.9,	2.281280040740967,	15,	0.3
18,	2,	6,	1,	96,	uso_300ms_58.wav,	9,	379,	10.73,	2.803961992263794,	15,	0.3
18,	2,	6,	1,	97,	uso_300ms_93.wav,	4,	214,	5.23,	2.195721387863159,	15,	0.3
18,	2,	6,	1,	98,	uso_300ms_55.wav,	0,	149,	3.07,	1.7324860095977783,	15,	0.3
18,	2,	6,	1,	99,	uso_300ms_72.wav,	8,	370,	10.43,	2.5464723110198975,	15,	0.3
18,	2,	6,	1,	100,	uso_300ms_62.wav,	3,	263,	6.87,	1.7802116870880127,	15,	0.3
18,	2,	6,	1,	101,	uso_300ms_88.wav,	0,	151,	3.13,	2.173590898513794,	15,	0.3
18,	2,	6,	1,	102,	uso_300ms_62.wav,	2,	254,	6.57,	2.9696733951568604,	15,	0.3
18,	2,	6,	1,	103,	uso_300ms_39.wav,	7,	382,	10.83,	2.128955125808716,	15,	0.3
18,	2,	6,	1,	104,	uso_300ms_14.wav,	9,	277,	7.33,	3.522777795791626,	15,	0.3
18,	2,	6,	1,	105,	uso_300ms_24.wav,	10,	415,	11.93,	2.356259346008301,	15,	0.3
18,	2,	6,	1,	106,	uso_300ms_89.wav,	8,	431,	12.47,	2.3772706985473633,	15,	0.3
18,	2,	6,	1,	107,	uso_300ms_80.wav,	4,	416,	11.97,	2.3863658905029297,	15,	0.3
18,	2,	6,	1,	108,	uso_300ms_12.wav,	5,	399,	11.4,	2.50856876373291,	15,	0.3
18,	2,	6,	1,	109,	uso_300ms_29.wav,	6,	287,	7.67,	3.34605073928833,	15,	0.3
18,	2,	6,	1,	110,	uso_300ms_13.wav,	1,	152,	3.17,	2.1877033710479736,	15,	0.3
18,	2,	6,	1,	111,	uso_300ms_48.wav,	7,	379,	10.73,	3.1642348766326904,	15,	0.3
18,	2,	6,	1,	112,	uso_300ms_5.wav,	6,	206,	4.97,	3.1602585315704346,	15,	0.3
18,	2,	6,	1,	113,	uso_300ms_89.wav,	1,	126,	2.3,	2.772826671600342,	15,	0.3
18,	2,	6,	1,	114,	uso_300ms_96.wav,	0,	114,	1.9,	3.13090443611145,	15,	0.3
18,	2,	6,	1,	115,	uso_300ms_61.wav,	4,	271,	7.13,	2.6173720359802246,	15,	0.3
18,	2,	6,	1,	116,	uso_300ms_49.wav,	9,	271,	7.13,	1.9798753261566162,	15,	0.3
18,	2,	6,	1,	117,	uso_300ms_3.wav,	8,	424,	12.23,	2.1862688064575195,	15,	0.3
18,	2,	6,	1,	118,	uso_300ms_34.wav,	5,	320,	8.77,	2.151185989379883,	15,	0.3
18,	2,	6,	1,	119,	uso_300ms_66.wav,	2,	203,	4.87,	2.875303268432617,	15,	0.3
18,	2,	6,	1,	120,	uso_300ms_83.wav,	10,	430,	12.43,	2.6797404289245605,	15,	0.3
18,	2,	6,	1,	121,	uso_300ms_6.wav,	3,	244,	6.23,	2.5318965911865234,	15,	0.3
18,	2,	6,	1,	122,	uso_300ms_90.wav,	1,	144,	2.9,	1.851238489151001,	15,	0.3
18,	2,	6,	1,	123,	uso_300ms_78.wav,	2,	200,	4.77,	2.001359224319458,	15,	0.3
18,	2,	6,	1,	124,	uso_300ms_41.wav,	0,	120,	2.1,	1.767848014831543,	15,	0.3
18,	2,	6,	1,	125,	uso_300ms_46.wav,	10,	360,	10.1,	2.837916374206543,	15,	0.3
18,	2,	6,	1,	126,	uso_300ms_51.wav,	9,	422,	12.17,	1.5203461647033691,	15,	0.3
18,	2,	6,	1,	127,	uso_300ms_47.wav,	8,	305,	8.27,	2.2386322021484375,	15,	0.3
18,	2,	6,	1,	128,	uso_300ms_38.wav,	4,	196,	4.63,	1.9450299739837646,	15,	0.3
18,	2,	6,	1,	129,	uso_300ms_64.wav,	5,	399,	11.4,	2.924440383911133,	15,	0.3
18,	2,	6,	1,	130,	uso_300ms_8.wav,	3,	237,	6.0,	2.1078927516937256,	15,	0.3
18,	2,	6,	1,	131,	uso_300ms_48.wav,	7,	414,	11.9,	2.435652732849121,	15,	0.3
18,	2,	6,	1,	132,	uso_300ms_99.wav,	6,	332,	9.17,	2.429870128631592,	15,	0.3
18,	2,	6,	1,	133,	uso_300ms_21.wav,	9,	397,	11.33,	1.762181043624878,	15,	0.3
18,	2,	6,	1,	134,	uso_300ms_90.wav,	10,	417,	12.0,	2.0629022121429443,	15,	0.3
18,	2,	6,	1,	135,	uso_300ms_36.wav,	5,	331,	9.13,	3.0358924865722656,	15,	0.3
18,	2,	6,	1,	136,	uso_300ms_99.wav,	7,	369,	10.4,	1.9209778308868408,	15,	0.3
18,	2,	6,	1,	137,	uso_300ms_82.wav,	2,	260,	6.77,	2.078787088394165,	15,	0.3
18,	2,	6,	1,	138,	uso_300ms_59.wav,	3,	150,	3.1,	1.957148551940918,	15,	0.3
18,	2,	6,	1,	139,	uso_300ms_98.wav,	4,	276,	7.3,	2.0808186531066895,	15,	0.3
18,	2,	6,	1,	140,	uso_300ms_94.wav,	1,	131,	2.47,	2.1231284141540527,	15,	0.3
18,	2,	6,	1,	141,	uso_300ms_12.wav,	0,	122,	2.17,	1.6899611949920654,	15,	0.3
18,	2,	6,	1,	142,	uso_300ms_31.wav,	6,	281,	7.47,	3.0927016735076904,	15,	0.3
18,	2,	6,	1,	143,	uso_300ms_21.wav,	8,	368,	10.37,	1.981776237487793,	15,	0.3
18,	2,	6,	1,	144,	uso_300ms_88.wav,	10,	419,	12.07,	3.4110639095306396,	15,	0.3
18,	2,	6,	1,	145,	uso_300ms_16.wav,	1,	145,	2.93,	4.343034029006958,	15,	0.3
18,	2,	6,	1,	146,	uso_300ms_58.wav,	4,	190,	4.43,	2.639033794403076,	15,	0.3
18,	2,	6,	1,	147,	uso_300ms_24.wav,	0,	124,	2.23,	3.0897839069366455,	15,	0.3
18,	2,	6,	1,	148,	uso_300ms_53.wav,	7,	393,	11.2,	3.3367857933044434,	15,	0.3
18,	2,	6,	1,	149,	uso_300ms_74.wav,	3,	215,	5.27,	3.5667271614074707,	15,	0.3
18,	2,	6,	1,	150,	uso_300ms_70.wav,	6,	344,	9.57,	2.616041421890259,	15,	0.3
18,	2,	6,	1,	151,	uso_300ms_56.wav,	9,	422,	12.17,	2.3362722396850586,	15,	0.3
18,	2,	6,	1,	152,	uso_300ms_33.wav,	2,	238,	6.03,	3.7941994667053223,	15,	0.3
18,	2,	6,	1,	153,	uso_300ms_6.wav,	8,	373,	10.53,	1.9141509532928467,	15,	0.3
18,	2,	6,	1,	154,	uso_300ms_88.wav,	5,	302,	8.17,	2.5729727745056152,	15,	0.3
18,	2,	6,	1,	155,	uso_300ms_93.wav,	4,	405,	11.6,	3.0186707973480225,	15,	0.3
18,	2,	6,	1,	156,	uso_300ms_32.wav,	5,	280,	7.43,	2.250261068344116,	15,	0.3
18,	2,	6,	1,	157,	uso_300ms_76.wav,	10,	441,	12.8,	2.0512006282806396,	15,	0.3
18,	2,	6,	1,	158,	uso_300ms_75.wav,	0,	144,	2.9,	2.843773126602173,	15,	0.3
18,	2,	6,	1,	159,	uso_300ms_30.wav,	2,	189,	4.4,	2.0443458557128906,	15,	0.3
18,	2,	6,	1,	160,	uso_300ms_44.wav,	9,	380,	10.77,	2.437937021255493,	15,	0.3
18,	2,	6,	1,	161,	uso_300ms_95.wav,	3,	167,	3.67,	2.4828639030456543,	15,	0.3
18,	2,	6,	1,	162,	uso_300ms_84.wav,	8,	403,	11.53,	2.6034891605377197,	15,	0.3
18,	2,	6,	1,	163,	uso_300ms_92.wav,	1,	138,	2.7,	3.6955225467681885,	15,	0.3
18,	2,	6,	1,	164,	uso_300ms_82.wav,	6,	371,	10.47,	2.666802406311035,	15,	0.3
18,	2,	6,	1,	165,	uso_300ms_62.wav,	7,	381,	10.8,	1.429185152053833,	15,	0.3
