sub_id,cond_id,block_id,task_id,event_id,stim_id,speaker_id,led_id,led_distance,response_time,n_reps,isi
18,	2,	4,	3,	1,	uso_300ms_41.wav,	7,	90,	1.1,	0.20083212852478027,	15,	0.3
18,	2,	4,	3,	2,	uso_300ms_23.wav,	6,	227,	5.67,	2.75199031829834,	15,	0.3
18,	2,	4,	3,	3,	uso_300ms_92.wav,	8,	285,	7.6,	2.297398328781128,	15,	0.3
18,	2,	4,	3,	4,	uso_300ms_48.wav,	5,	192,	4.5,	2.5003461837768555,	15,	0.3
18,	2,	4,	3,	5,	uso_300ms_97.wav,	9,	280,	7.43,	2.434725284576416,	15,	0.3
18,	2,	4,	3,	6,	uso_300ms_72.wav,	5,	222,	5.5,	2.464787244796753,	15,	0.3
18,	2,	4,	3,	7,	uso_300ms_52.wav,	6,	256,	6.63,	2.6774179935455322,	15,	0.3
18,	2,	4,	3,	8,	uso_300ms_65.wav,	8,	329,	9.07,	1.8484928607940674,	15,	0.3
18,	2,	4,	3,	9,	uso_300ms_57.wav,	9,	407,	11.67,	1.7053346633911133,	15,	0.3
18,	2,	4,	3,	10,	uso_300ms_19.wav,	7,	333,	9.2,	2.040092945098877,	15,	0.3
18,	2,	4,	3,	11,	uso_300ms_38.wav,	8,	316,	8.63,	1.9846112728118896,	15,	0.3
18,	2,	4,	3,	12,	uso_300ms_48.wav,	9,	273,	7.2,	2.091275930404663,	15,	0.3
18,	2,	4,	3,	13,	uso_300ms_1.wav,	7,	328,	9.03,	2.016850233078003,	15,	0.3
18,	2,	4,	3,	14,	uso_300ms_97.wav,	5,	192,	4.5,	1.960249423980713,	15,	0.3
18,	2,	4,	3,	15,	uso_300ms_92.wav,	6,	252,	6.5,	1.8105967044830322,	15,	0.3
18,	2,	4,	3,	16,	uso_300ms_14.wav,	7,	252,	6.5,	1.2001838684082031,	15,	0.3
18,	2,	4,	3,	17,	uso_300ms_39.wav,	9,	327,	9.0,	1.6390113830566406,	15,	0.3
18,	2,	4,	3,	18,	uso_300ms_9.wav,	5,	228,	5.7,	1.9374074935913086,	15,	0.3
18,	2,	4,	3,	19,	uso_300ms_60.wav,	8,	254,	6.57,	2.6318135261535645,	15,	0.3
18,	2,	4,	3,	20,	uso_300ms_67.wav,	6,	222,	5.5,	2.4627206325531006,	15,	0.3
18,	2,	4,	3,	21,	uso_300ms_52.wav,	7,	265,	6.93,	1.5729930400848389,	15,	0.3
18,	2,	4,	3,	22,	uso_300ms_71.wav,	6,	228,	5.7,	1.9305424690246582,	15,	0.3
18,	2,	4,	3,	23,	uso_300ms_3.wav,	5,	190,	4.43,	1.4001264572143555,	15,	0.3
18,	2,	4,	3,	24,	uso_300ms_99.wav,	8,	264,	6.9,	2.361527442932129,	15,	0.3
18,	2,	4,	3,	25,	uso_300ms_57.wav,	9,	307,	8.33,	3.0442068576812744,	15,	0.3
18,	2,	4,	3,	26,	uso_300ms_90.wav,	7,	251,	6.47,	1.8999414443969727,	15,	0.3
18,	2,	4,	3,	27,	uso_300ms_9.wav,	6,	208,	5.03,	2.425564765930176,	15,	0.3
18,	2,	4,	3,	28,	uso_300ms_74.wav,	9,	338,	9.37,	2.114976167678833,	15,	0.3
18,	2,	4,	3,	29,	uso_300ms_2.wav,	5,	209,	5.07,	1.9117968082427979,	15,	0.3
18,	2,	4,	3,	30,	uso_300ms_90.wav,	8,	319,	8.73,	2.93481183052063,	15,	0.3
18,	2,	4,	3,	31,	uso_300ms_94.wav,	7,	237,	6.0,	2.1811423301696777,	15,	0.3
18,	2,	4,	3,	32,	uso_300ms_43.wav,	9,	409,	11.73,	2.429110527038574,	15,	0.3
18,	2,	4,	3,	33,	uso_300ms_20.wav,	8,	387,	11.0,	1.5152320861816406,	15,	0.3
18,	2,	4,	3,	34,	uso_300ms_96.wav,	6,	242,	6.17,	1.8532099723815918,	15,	0.3
18,	2,	4,	3,	35,	uso_300ms_59.wav,	5,	202,	4.83,	2.0273969173431396,	15,	0.3
18,	2,	4,	3,	36,	uso_300ms_99.wav,	9,	311,	8.47,	1.807460069656372,	15,	0.3
18,	2,	4,	3,	37,	uso_300ms_98.wav,	6,	233,	5.87,	1.767857313156128,	15,	0.3
18,	2,	4,	3,	38,	uso_300ms_95.wav,	5,	182,	4.17,	1.6036176681518555,	15,	0.3
18,	2,	4,	3,	39,	uso_300ms_15.wav,	8,	286,	7.63,	1.9554369449615479,	15,	0.3
18,	2,	4,	3,	40,	uso_300ms_81.wav,	7,	321,	8.8,	1.8684656620025635,	15,	0.3
18,	2,	4,	3,	41,	uso_300ms_74.wav,	5,	235,	5.93,	2.276737689971924,	15,	0.3
18,	2,	4,	3,	42,	uso_300ms_5.wav,	8,	369,	10.4,	1.9465925693511963,	15,	0.3
18,	2,	4,	3,	43,	uso_300ms_61.wav,	9,	423,	12.2,	1.6380157470703125,	15,	0.3
18,	2,	4,	3,	44,	uso_300ms_70.wav,	7,	271,	7.13,	3.361577272415161,	15,	0.3
18,	2,	4,	3,	45,	uso_300ms_13.wav,	6,	263,	6.87,	2.235302209854126,	15,	0.3
18,	2,	4,	3,	46,	uso_300ms_90.wav,	8,	278,	7.37,	2.1479456424713135,	15,	0.3
18,	2,	4,	3,	47,	uso_300ms_38.wav,	7,	202,	4.83,	1.9893877506256104,	15,	0.3
18,	2,	4,	3,	48,	uso_300ms_50.wav,	6,	190,	4.43,	1.4301261901855469,	15,	0.3
18,	2,	4,	3,	49,	uso_300ms_78.wav,	9,	271,	7.13,	2.332458972930908,	15,	0.3
18,	2,	4,	3,	50,	uso_300ms_23.wav,	5,	195,	4.6,	1.895334243774414,	15,	0.3
18,	2,	4,	3,	51,	uso_300ms_32.wav,	9,	318,	8.7,	2.0630075931549072,	15,	0.3
18,	2,	4,	3,	52,	uso_300ms_21.wav,	5,	198,	4.7,	1.9594364166259766,	15,	0.3
18,	2,	4,	3,	53,	uso_300ms_54.wav,	7,	274,	7.23,	1.905627727508545,	15,	0.3
18,	2,	4,	3,	54,	uso_300ms_84.wav,	6,	184,	4.23,	2.239607334136963,	15,	0.3
18,	2,	4,	3,	55,	uso_300ms_35.wav,	8,	392,	11.17,	2.5844249725341797,	15,	0.3
18,	2,	4,	3,	56,	uso_300ms_100.wav,	5,	220,	5.43,	1.9779658317565918,	15,	0.3
18,	2,	4,	3,	57,	uso_300ms_58.wav,	6,	202,	4.83,	1.3170626163482666,	15,	0.3
18,	2,	4,	3,	58,	uso_300ms_44.wav,	8,	296,	7.97,	2.044365882873535,	15,	0.3
18,	2,	4,	3,	59,	uso_300ms_61.wav,	9,	392,	11.17,	1.8298251628875732,	15,	0.3
18,	2,	4,	3,	60,	uso_300ms_14.wav,	7,	262,	6.83,	2.006667137145996,	15,	0.3
18,	2,	4,	3,	61,	uso_300ms_68.wav,	8,	346,	9.63,	1.7671666145324707,	15,	0.3
18,	2,	4,	3,	62,	uso_300ms_29.wav,	9,	272,	7.17,	1.7785232067108154,	15,	0.3
18,	2,	4,	3,	63,	uso_300ms_43.wav,	6,	226,	5.63,	1.5643901824951172,	15,	0.3
18,	2,	4,	3,	64,	uso_300ms_56.wav,	7,	315,	8.6,	2.0609652996063232,	15,	0.3
18,	2,	4,	3,	65,	uso_300ms_34.wav,	5,	203,	4.87,	1.9608588218688965,	15,	0.3
18,	2,	4,	3,	66,	uso_300ms_78.wav,	6,	180,	4.1,	2.206677198410034,	15,	0.3
18,	2,	4,	3,	67,	uso_300ms_35.wav,	5,	228,	5.7,	2.1662583351135254,	15,	0.3
18,	2,	4,	3,	68,	uso_300ms_88.wav,	7,	296,	7.97,	2.3812594413757324,	15,	0.3
18,	2,	4,	3,	69,	uso_300ms_3.wav,	9,	403,	11.53,	1.9596607685089111,	15,	0.3
18,	2,	4,	3,	70,	uso_300ms_73.wav,	8,	325,	8.93,	3.2935287952423096,	15,	0.3
18,	2,	4,	3,	71,	uso_300ms_90.wav,	5,	212,	5.17,	1.9161865711212158,	15,	0.3
18,	2,	4,	3,	72,	uso_300ms_90.wav,	6,	212,	5.17,	1.367173194885254,	15,	0.3
18,	2,	4,	3,	73,	uso_300ms_62.wav,	9,	349,	9.73,	1.8932538032531738,	15,	0.3
18,	2,	4,	3,	74,	uso_300ms_57.wav,	8,	395,	11.27,	2.667353391647339,	15,	0.3
18,	2,	4,	3,	75,	uso_300ms_40.wav,	7,	306,	8.3,	3.1855459213256836,	15,	0.3
