sub_id,cond_id,block_id,task_id,event_id,stim_id,speaker_id,led_id,led_distance,response_time,n_reps,isi
18,	2,	1,	3,	1,	uso_300ms_32.wav,	9,	399,	11.4,	7.415567398071289,	15,	0.3
18,	2,	1,	3,	2,	uso_300ms_27.wav,	5,	359,	10.07,	2.0309178829193115,	15,	0.3
18,	2,	1,	3,	3,	uso_300ms_5.wav,	6,	293,	7.87,	2.7055561542510986,	15,	0.3
18,	2,	1,	3,	4,	uso_300ms_79.wav,	8,	376,	10.63,	3.033566951751709,	15,	0.3
18,	2,	1,	3,	5,	uso_300ms_63.wav,	7,	342,	9.5,	1.9507272243499756,	15,	0.3
18,	2,	1,	3,	6,	uso_300ms_99.wav,	8,	250,	6.43,	4.224879026412964,	15,	0.3
18,	2,	1,	3,	7,	uso_300ms_86.wav,	7,	380,	10.77,	2.734241485595703,	15,	0.3
18,	2,	1,	3,	8,	uso_300ms_20.wav,	5,	409,	11.73,	2.806946277618408,	15,	0.3
18,	2,	1,	3,	9,	uso_300ms_75.wav,	6,	425,	12.27,	5.117442846298218,	15,	0.3
18,	2,	1,	3,	10,	uso_300ms_93.wav,	9,	378,	10.7,	4.635673999786377,	15,	0.3
18,	2,	1,	3,	11,	uso_300ms_36.wav,	7,	378,	10.7,	1.8445746898651123,	15,	0.3
18,	2,	1,	3,	12,	uso_300ms_35.wav,	8,	411,	11.8,	3.1915924549102783,	15,	0.3
18,	2,	1,	3,	13,	uso_300ms_100.wav,	5,	323,	8.87,	3.7680721282958984,	15,	0.3
18,	2,	1,	3,	14,	uso_300ms_26.wav,	6,	249,	6.4,	1.9833898544311523,	15,	0.3
18,	2,	1,	3,	15,	uso_300ms_6.wav,	9,	287,	7.67,	1.9575426578521729,	15,	0.3
18,	2,	1,	3,	16,	uso_300ms_71.wav,	5,	341,	9.47,	2.950509786605835,	15,	0.3
18,	2,	1,	3,	17,	uso_300ms_11.wav,	7,	155,	3.27,	4.43295431137085,	15,	0.3
18,	2,	1,	3,	18,	uso_300ms_74.wav,	6,	263,	6.87,	2.93857741355896,	15,	0.3
18,	2,	1,	3,	19,	uso_300ms_57.wav,	9,	346,	9.63,	3.186981439590454,	15,	0.3
18,	2,	1,	3,	20,	uso_300ms_45.wav,	8,	412,	11.83,	2.495784282684326,	15,	0.3
18,	2,	1,	3,	21,	uso_300ms_99.wav,	7,	313,	8.53,	3.6872804164886475,	15,	0.3
18,	2,	1,	3,	22,	uso_300ms_54.wav,	5,	404,	11.57,	3.454146385192871,	15,	0.3
18,	2,	1,	3,	23,	uso_300ms_36.wav,	9,	404,	11.57,	2.917487859725952,	15,	0.3
18,	2,	1,	3,	24,	uso_300ms_52.wav,	8,	336,	9.3,	3.1311185359954834,	15,	0.3
18,	2,	1,	3,	25,	uso_300ms_77.wav,	6,	211,	5.13,	2.544156312942505,	15,	0.3
18,	2,	1,	3,	26,	uso_300ms_34.wav,	5,	372,	10.5,	3.9770994186401367,	15,	0.3
18,	2,	1,	3,	27,	uso_300ms_96.wav,	7,	419,	12.07,	2.9604549407958984,	15,	0.3
18,	2,	1,	3,	28,	uso_300ms_26.wav,	8,	425,	12.27,	2.9160733222961426,	15,	0.3
18,	2,	1,	3,	29,	uso_300ms_59.wav,	6,	349,	9.73,	2.5821332931518555,	15,	0.3
18,	2,	1,	3,	30,	uso_300ms_98.wav,	9,	405,	11.6,	2.7382121086120605,	15,	0.3
18,	2,	1,	3,	31,	uso_300ms_22.wav,	8,	405,	11.6,	2.9377694129943848,	15,	0.3
18,	2,	1,	3,	32,	uso_300ms_21.wav,	9,	378,	10.7,	1.7540791034698486,	15,	0.3
18,	2,	1,	3,	33,	uso_300ms_16.wav,	7,	335,	9.27,	1.7913844585418701,	15,	0.3
18,	2,	1,	3,	34,	uso_300ms_32.wav,	5,	335,	9.27,	1.5001790523529053,	15,	0.3
18,	2,	1,	3,	35,	uso_300ms_55.wav,	6,	235,	5.93,	2.0558173656463623,	15,	0.3
18,	2,	1,	3,	36,	uso_300ms_78.wav,	5,	252,	6.5,	2.841351270675659,	15,	0.3
18,	2,	1,	3,	37,	uso_300ms_24.wav,	6,	297,	8.0,	2.7223262786865234,	15,	0.3
18,	2,	1,	3,	38,	uso_300ms_95.wav,	7,	250,	6.43,	3.6215920448303223,	15,	0.3
18,	2,	1,	3,	39,	uso_300ms_19.wav,	8,	210,	5.1,	1.9821689128875732,	15,	0.3
18,	2,	1,	3,	40,	uso_300ms_29.wav,	9,	175,	3.93,	2.5592281818389893,	15,	0.3
18,	2,	1,	3,	41,	uso_300ms_21.wav,	6,	221,	5.47,	2.6911847591400146,	15,	0.3
18,	2,	1,	3,	42,	uso_300ms_40.wav,	5,	182,	4.17,	2.7291758060455322,	15,	0.3
18,	2,	1,	3,	43,	uso_300ms_50.wav,	8,	311,	8.47,	2.28544282913208,	15,	0.3
18,	2,	1,	3,	44,	uso_300ms_42.wav,	9,	349,	9.73,	1.812309741973877,	15,	0.3
18,	2,	1,	3,	45,	uso_300ms_29.wav,	7,	359,	10.07,	2.2339210510253906,	15,	0.3
18,	2,	1,	3,	46,	uso_300ms_5.wav,	5,	306,	8.3,	2.856374979019165,	15,	0.3
18,	2,	1,	3,	47,	uso_300ms_25.wav,	6,	243,	6.2,	1.741441011428833,	15,	0.3
18,	2,	1,	3,	48,	uso_300ms_99.wav,	8,	317,	8.67,	1.9320738315582275,	15,	0.3
18,	2,	1,	3,	49,	uso_300ms_52.wav,	9,	278,	7.37,	2.2778737545013428,	15,	0.3
18,	2,	1,	3,	50,	uso_300ms_68.wav,	7,	398,	11.37,	2.53313946723938,	15,	0.3
18,	2,	1,	3,	51,	uso_300ms_48.wav,	8,	398,	11.37,	2.1077442169189453,	15,	0.3
18,	2,	1,	3,	52,	uso_300ms_54.wav,	7,	395,	11.27,	2.3872547149658203,	15,	0.3
18,	2,	1,	3,	53,	uso_300ms_26.wav,	6,	340,	9.43,	2.365212917327881,	15,	0.3
18,	2,	1,	3,	54,	uso_300ms_27.wav,	9,	340,	9.43,	2.3866443634033203,	15,	0.3
18,	2,	1,	3,	55,	uso_300ms_8.wav,	5,	226,	5.63,	1.822648048400879,	15,	0.3
18,	2,	1,	3,	56,	uso_300ms_37.wav,	6,	175,	3.93,	2.1770706176757812,	15,	0.3
18,	2,	1,	3,	57,	uso_300ms_26.wav,	8,	226,	5.63,	1.8951737880706787,	15,	0.3
18,	2,	1,	3,	58,	uso_300ms_1.wav,	5,	350,	9.77,	2.8653695583343506,	15,	0.3
18,	2,	1,	3,	59,	uso_300ms_38.wav,	7,	225,	5.6,	2.5351388454437256,	15,	0.3
18,	2,	1,	3,	60,	uso_300ms_92.wav,	9,	194,	4.57,	1.72182035446167,	15,	0.3
18,	2,	1,	3,	61,	uso_300ms_98.wav,	5,	167,	3.67,	1.6765317916870117,	15,	0.3
18,	2,	1,	3,	62,	uso_300ms_14.wav,	7,	337,	9.33,	2.6075849533081055,	15,	0.3
18,	2,	1,	3,	63,	uso_300ms_43.wav,	6,	357,	10.0,	2.033825397491455,	15,	0.3
18,	2,	1,	3,	64,	uso_300ms_52.wav,	9,	368,	10.37,	1.7245151996612549,	15,	0.3
18,	2,	1,	3,	65,	uso_300ms_52.wav,	8,	368,	10.37,	1.5314953327178955,	15,	0.3
18,	2,	1,	3,	66,	uso_300ms_71.wav,	6,	269,	7.07,	2.34403920173645,	15,	0.3
18,	2,	1,	3,	67,	uso_300ms_96.wav,	5,	307,	8.33,	2.306293249130249,	15,	0.3
18,	2,	1,	3,	68,	uso_300ms_67.wav,	8,	216,	5.3,	2.0914371013641357,	15,	0.3
18,	2,	1,	3,	69,	uso_300ms_94.wav,	7,	376,	10.63,	2.3382861614227295,	15,	0.3
18,	2,	1,	3,	70,	uso_300ms_57.wav,	9,	388,	11.03,	1.9008948802947998,	15,	0.3
18,	2,	1,	3,	71,	uso_300ms_90.wav,	8,	388,	11.03,	1.5002954006195068,	15,	0.3
18,	2,	1,	3,	72,	uso_300ms_87.wav,	9,	379,	10.73,	2.8902828693389893,	15,	0.3
18,	2,	1,	3,	73,	uso_300ms_86.wav,	7,	379,	10.73,	2.7226009368896484,	15,	0.3
18,	2,	1,	3,	74,	uso_300ms_5.wav,	5,	358,	10.03,	2.628948926925659,	15,	0.3
18,	2,	1,	3,	75,	uso_300ms_49.wav,	6,	305,	8.27,	2.3336989879608154,	15,	0.3
