sub_id,cond_id,block_id,task_id,event_id,stim_id,speaker_id,led_id,led_distance,response_time,n_reps,isi
18,	2,	5,	3,	1,	uso_300ms_42.wav,	5,	90.05498500000007,	1.1,	nan,	90,	2
18,	2,	5,	3,	2,	uso_300ms_69.wav,	5,	184.55644100000006,	4.25,	nan,	90,	2
18,	2,	5,	3,	3,	uso_300ms_81.wav,	5,	274.89764299999996,	7.26,	nan,	90,	2
18,	2,	5,	3,	4,	uso_300ms_88.wav,	5,	168.2117279999999,	3.71,	nan,	90,	2
18,	2,	5,	3,	5,	uso_300ms_71.wav,	5,	155.06934,	3.27,	nan,	90,	2
18,	2,	5,	3,	6,	uso_300ms_8.wav,	5,	244.31597999999994,	6.24,	nan,	90,	2
18,	2,	5,	3,	7,	uso_300ms_80.wav,	9,	382.5732740000001,	10.85,	nan,	90,	2
18,	2,	5,	3,	8,	uso_300ms_63.wav,	9,	454.9446850000002,	13.26,	nan,	90,	2
18,	2,	5,	3,	9,	uso_300ms_97.wav,	9,	454.9446850000002,	13.26,	nan,	90,	2
18,	2,	5,	3,	10,	uso_300ms_45.wav,	9,	454.9446850000002,	13.26,	nan,	90,	2
18,	2,	5,	3,	11,	uso_300ms_18.wav,	9,	454.9446850000002,	13.26,	nan,	90,	2
18,	2,	5,	3,	12,	uso_300ms_87.wav,	9,	445.2248000000002,	12.94,	nan,	90,	2
18,	2,	5,	3,	13,	uso_300ms_27.wav,	9,	375.569151,	10.62,	nan,	90,	2
18,	2,	5,	3,	14,	uso_300ms_68.wav,	7,	337.8933309999998,	9.36,	nan,	90,	2
18,	2,	5,	3,	15,	uso_300ms_64.wav,	6,	302.7585529999997,	8.19,	nan,	90,	2
18,	2,	5,	3,	16,	uso_300ms_55.wav,	5,	268.51780799999995,	7.05,	nan,	90,	2
18,	2,	5,	3,	17,	uso_300ms_45.wav,	5,	253.10721699999988,	6.54,	nan,	90,	2
18,	2,	5,	3,	18,	uso_300ms_94.wav,	5,	223.32625599999994,	5.54,	nan,	90,	2
18,	2,	5,	3,	19,	uso_300ms_9.wav,	5,	208.49648299999993,	5.05,	nan,	90,	2
18,	2,	5,	3,	20,	uso_300ms_77.wav,	5,	157.01914799999997,	3.33,	nan,	90,	2
18,	2,	5,	3,	21,	uso_300ms_3.wav,	5,	103.45799000000001,	1.55,	nan,	90,	2
18,	2,	5,	3,	22,	uso_300ms_77.wav,	9,	454.978929,	13.27,	nan,	90,	2
18,	2,	5,	3,	23,	uso_300ms_31.wav,	9,	443.006402,	12.87,	nan,	90,	2
18,	2,	5,	3,	24,	uso_300ms_48.wav,	9,	414.73359099999976,	11.92,	nan,	90,	2
18,	2,	5,	3,	25,	uso_300ms_88.wav,	9,	391.37021599999963,	11.15,	nan,	90,	2
18,	2,	5,	3,	26,	uso_300ms_64.wav,	9,	391.2719360000002,	11.14,	nan,	90,	2
18,	2,	5,	3,	27,	uso_300ms_7.wav,	8,	371.67163500000026,	10.49,	nan,	90,	2
18,	2,	5,	3,	28,	uso_300ms_1.wav,	8,	371.1087509999983,	10.47,	nan,	90,	2
18,	2,	5,	3,	29,	uso_300ms_18.wav,	8,	370.5606649999962,	10.45,	nan,	90,	2
18,	2,	5,	3,	30,	uso_300ms_60.wav,	7,	333.98245199999496,	9.23,	nan,	90,	2
18,	2,	5,	3,	31,	uso_300ms_10.wav,	7,	329.7529609999921,	9.09,	nan,	90,	2
18,	2,	5,	3,	32,	uso_300ms_4.wav,	7,	326.0258669999892,	8.97,	nan,	90,	2
18,	2,	5,	3,	33,	uso_300ms_71.wav,	5,	262.31890199998827,	6.84,	nan,	90,	2
18,	2,	5,	3,	34,	uso_300ms_53.wav,	5,	262.1125769999886,	6.84,	nan,	90,	2
18,	2,	5,	3,	35,	uso_300ms_98.wav,	5,	218.55162599998926,	5.39,	nan,	90,	2
18,	2,	5,	3,	36,	uso_300ms_94.wav,	5,	216.6103439999899,	5.32,	nan,	90,	2
18,	2,	5,	3,	37,	uso_300ms_87.wav,	5,	215.8581379999894,	5.3,	nan,	90,	2
18,	2,	5,	3,	38,	uso_300ms_4.wav,	5,	214.87950999998844,	5.26,	nan,	90,	2
18,	2,	5,	3,	39,	uso_300ms_58.wav,	5,	184.6199869999886,	4.25,	nan,	90,	2
18,	2,	5,	3,	40,	uso_300ms_15.wav,	5,	176.51187299998864,	3.98,	nan,	90,	2
18,	2,	5,	3,	41,	uso_300ms_88.wav,	9,	423.4396799999886,	12.21,	nan,	90,	2
18,	2,	5,	3,	42,	uso_300ms_5.wav,	9,	423.59094299998856,	12.22,	nan,	90,	2
18,	2,	5,	3,	43,	uso_300ms_25.wav,	9,	423.681662999988,	12.22,	nan,	90,	2
18,	2,	5,	3,	44,	uso_300ms_58.wav,	9,	423.79506299998735,	12.23,	nan,	90,	2
18,	2,	5,	3,	45,	uso_300ms_6.wav,	8,	357.83789199998733,	10.03,	nan,	90,	2
18,	2,	5,	3,	46,	uso_300ms_80.wav,	8,	354.59824999998546,	9.92,	nan,	90,	2
18,	2,	5,	3,	47,	uso_300ms_99.wav,	8,	353.881890999986,	9.9,	nan,	90,	2
18,	2,	5,	3,	48,	uso_300ms_24.wav,	8,	353.4995859999871,	9.88,	nan,	90,	2
18,	2,	5,	3,	49,	uso_300ms_9.wav,	7,	315.2191829999878,	8.61,	nan,	90,	2
18,	2,	5,	3,	50,	uso_300ms_28.wav,	7,	314.9121489999883,	8.6,	nan,	90,	2
18,	2,	5,	3,	51,	uso_300ms_13.wav,	7,	314.5274429999894,	8.58,	nan,	90,	2
18,	2,	5,	3,	52,	uso_300ms_10.wav,	7,	314.21253399998864,	8.57,	nan,	90,	2
18,	2,	5,	3,	53,	uso_300ms_34.wav,	7,	313.8775139999884,	8.56,	nan,	90,	2
18,	2,	5,	3,	54,	uso_300ms_31.wav,	5,	273.47942899998856,	7.22,	nan,	90,	2
18,	2,	5,	3,	55,	uso_300ms_97.wav,	5,	273.23300799998873,	7.21,	nan,	90,	2
18,	2,	5,	3,	56,	uso_300ms_90.wav,	5,	273.2727609999888,	7.21,	nan,	90,	2
18,	2,	5,	3,	57,	uso_300ms_69.wav,	5,	273.73436199998986,	7.22,	nan,	90,	2
18,	2,	5,	3,	58,	uso_300ms_1.wav,	5,	273.99366999999205,	7.23,	nan,	90,	2
18,	2,	5,	3,	59,	uso_300ms_99.wav,	9,	399.74796999999256,	11.42,	nan,	90,	2
18,	2,	5,	3,	60,	uso_300ms_23.wav,	9,	408.31558499999306,	11.71,	nan,	90,	2
18,	2,	5,	3,	61,	uso_300ms_22.wav,	7,	339.1782999999925,	9.41,	nan,	90,	2
18,	2,	5,	3,	62,	uso_300ms_51.wav,	7,	312.2307499999917,	8.51,	nan,	90,	2
18,	2,	5,	3,	63,	uso_300ms_55.wav,	5,	274.1432599999917,	7.24,	nan,	90,	2
18,	2,	5,	3,	64,	uso_300ms_28.wav,	6,	307.0015679999921,	8.33,	nan,	90,	2
18,	2,	5,	3,	65,	uso_300ms_13.wav,	5,	281.83432099999203,	7.49,	nan,	90,	2
18,	2,	5,	3,	66,	uso_300ms_12.wav,	7,	325.0981849999922,	8.94,	nan,	90,	2
18,	2,	5,	3,	67,	uso_300ms_66.wav,	7,	334.5770879999917,	9.25,	nan,	90,	2
18,	2,	5,	3,	68,	uso_300ms_50.wav,	8,	347.6888719999923,	9.69,	nan,	90,	2
18,	2,	5,	3,	69,	uso_300ms_78.wav,	9,	406.75374499999305,	11.66,	nan,	90,	2
18,	2,	5,	3,	70,	uso_300ms_22.wav,	9,	426.3870719999928,	12.31,	nan,	90,	2
18,	2,	5,	3,	71,	uso_300ms_71.wav,	9,	401.5116619999928,	11.48,	nan,	90,	2
18,	2,	5,	3,	72,	uso_300ms_94.wav,	9,	379.3504599999923,	10.75,	nan,	90,	2
18,	2,	5,	3,	73,	uso_300ms_24.wav,	6,	309.1936599999922,	8.41,	nan,	90,	2
18,	2,	5,	3,	74,	uso_300ms_9.wav,	6,	308.99709299999216,	8.4,	nan,	90,	2
18,	2,	5,	3,	75,	uso_300ms_78.wav,	6,	308.97147999999214,	8.4,	nan,	90,	2
18,	2,	5,	3,	76,	uso_300ms_18.wav,	6,	285.90953199999166,	7.63,	nan,	90,	2
18,	2,	5,	3,	77,	uso_300ms_42.wav,	5,	258.152410999991,	6.71,	nan,	90,	2
18,	2,	5,	3,	78,	uso_300ms_64.wav,	5,	239.01709899999088,	6.07,	nan,	90,	2
18,	2,	5,	3,	79,	uso_300ms_44.wav,	5,	237.67921699999087,	6.02,	nan,	90,	2
18,	2,	5,	3,	80,	uso_300ms_84.wav,	5,	234.09652599999092,	5.9,	nan,	90,	2
18,	2,	5,	3,	81,	uso_300ms_3.wav,	5,	230.64544899999095,	5.79,	nan,	90,	2
18,	2,	5,	3,	82,	uso_300ms_83.wav,	5,	227.23425099999096,	5.67,	nan,	90,	2
18,	2,	5,	3,	83,	uso_300ms_36.wav,	5,	197.97532199999085,	4.7,	nan,	90,	2
18,	2,	5,	3,	84,	uso_300ms_61.wav,	5,	268.0961629999907,	7.04,	nan,	90,	2
18,	2,	5,	3,	85,	uso_300ms_88.wav,	7,	325.5875339999906,	8.95,	nan,	90,	2
18,	2,	5,	3,	86,	uso_300ms_69.wav,	7,	325.5875339999906,	8.95,	nan,	90,	2
18,	2,	5,	3,	87,	uso_300ms_24.wav,	7,	325.5875339999906,	8.95,	nan,	90,	2
18,	2,	5,	3,	88,	uso_300ms_89.wav,	7,	325.5875339999906,	8.95,	nan,	90,	2
18,	2,	5,	3,	89,	uso_300ms_58.wav,	8,	363.4219179999907,	10.21,	nan,	90,	2
18,	2,	5,	3,	90,	uso_300ms_49.wav,	9,	374.41134399999225,	10.58,	nan,	90,	2
