sub_id,cond_id,block_id,task_id,event_id,stim_id,speaker_id,led_id,led_distance,response_time,n_reps,isi
20,	2,	5,	3,	1,	uso_300ms_11.wav,	5,	193.58082699999974,	4.55,	nan,	90,	2
20,	2,	5,	3,	2,	uso_300ms_53.wav,	5,	168.50754099999975,	3.72,	nan,	90,	2
20,	2,	5,	3,	3,	uso_300ms_3.wav,	5,	199.91694699999965,	4.76,	nan,	90,	2
20,	2,	5,	3,	4,	uso_300ms_21.wav,	6,	305.4610849999997,	8.28,	nan,	90,	2
20,	2,	5,	3,	5,	uso_300ms_7.wav,	9,	436.38223899999974,	12.65,	nan,	90,	2
20,	2,	5,	3,	6,	uso_300ms_67.wav,	5,	279.61896799999965,	7.42,	nan,	90,	2
20,	2,	5,	3,	7,	uso_300ms_63.wav,	5,	167.57291499999965,	3.69,	nan,	90,	2
20,	2,	5,	3,	8,	uso_300ms_12.wav,	9,	389.2687670000003,	11.08,	nan,	90,	2
20,	2,	5,	3,	9,	uso_300ms_67.wav,	9,	372.87364700000023,	10.53,	nan,	90,	2
20,	2,	5,	3,	10,	uso_300ms_31.wav,	7,	324.99297500000023,	8.93,	nan,	90,	2
20,	2,	5,	3,	11,	uso_300ms_1.wav,	5,	272.7323400000001,	7.19,	nan,	90,	2
20,	2,	5,	3,	12,	uso_300ms_95.wav,	5,	180.85940500000038,	4.13,	nan,	90,	2
20,	2,	5,	3,	13,	uso_300ms_7.wav,	5,	101.64431800000062,	1.49,	nan,	90,	2
20,	2,	5,	3,	14,	uso_300ms_34.wav,	9,	449.07652200000064,	13.07,	nan,	90,	2
20,	2,	5,	3,	15,	uso_300ms_43.wav,	9,	392.92049200000014,	11.2,	nan,	90,	2
20,	2,	5,	3,	16,	uso_300ms_28.wav,	8,	361.6463120000001,	10.15,	nan,	90,	2
20,	2,	5,	3,	17,	uso_300ms_82.wav,	7,	317.6018919999997,	8.69,	nan,	90,	2
20,	2,	5,	3,	18,	uso_300ms_62.wav,	5,	267.6093969999996,	7.02,	nan,	90,	2
20,	2,	5,	3,	19,	uso_300ms_26.wav,	5,	242.60641199999964,	6.19,	nan,	90,	2
20,	2,	5,	3,	20,	uso_300ms_6.wav,	7,	337.0501669999995,	9.34,	nan,	90,	2
20,	2,	5,	3,	21,	uso_300ms_88.wav,	9,	428.1107169999998,	12.37,	nan,	90,	2
20,	2,	5,	3,	22,	uso_300ms_43.wav,	9,	443.3342049999995,	12.88,	nan,	90,	2
20,	2,	5,	3,	23,	uso_300ms_18.wav,	8,	351.21570299999934,	9.81,	nan,	90,	2
20,	2,	5,	3,	24,	uso_300ms_92.wav,	7,	319.6566369999992,	8.76,	nan,	90,	2
20,	2,	5,	3,	25,	uso_300ms_58.wav,	6,	292.21673499999855,	7.84,	nan,	90,	2
20,	2,	5,	3,	26,	uso_300ms_33.wav,	5,	258.64422399999853,	6.72,	nan,	90,	2
20,	2,	5,	3,	27,	uso_300ms_87.wav,	5,	228.89888599999858,	5.73,	nan,	90,	2
20,	2,	5,	3,	28,	uso_300ms_26.wav,	5,	202.51227399999848,	4.85,	nan,	90,	2
20,	2,	5,	3,	29,	uso_300ms_28.wav,	9,	372.6458249999987,	10.52,	nan,	90,	2
20,	2,	5,	3,	30,	uso_300ms_4.wav,	9,	419.42268799999925,	12.08,	nan,	90,	2
20,	2,	5,	3,	31,	uso_300ms_72.wav,	8,	359.4513009999991,	10.08,	nan,	90,	2
20,	2,	5,	3,	32,	uso_300ms_76.wav,	8,	342.1752519999981,	9.51,	nan,	90,	2
20,	2,	5,	3,	33,	uso_300ms_84.wav,	7,	316.9614409999979,	8.67,	nan,	90,	2
20,	2,	5,	3,	34,	uso_300ms_21.wav,	6,	298.8310349999978,	8.06,	nan,	90,	2
20,	2,	5,	3,	35,	uso_300ms_16.wav,	6,	284.66566699999794,	7.59,	nan,	90,	2
20,	2,	5,	3,	36,	uso_300ms_43.wav,	5,	254.46075099999788,	6.58,	nan,	90,	2
20,	2,	5,	3,	37,	uso_300ms_55.wav,	5,	240.404309999998,	6.11,	nan,	90,	2
20,	2,	5,	3,	38,	uso_300ms_69.wav,	9,	451.8525049999982,	13.16,	nan,	90,	2
20,	2,	5,	3,	39,	uso_300ms_84.wav,	9,	405.1882579999983,	11.61,	nan,	90,	2
20,	2,	5,	3,	40,	uso_300ms_81.wav,	8,	372.0923909999978,	10.5,	nan,	90,	2
20,	2,	5,	3,	41,	uso_300ms_72.wav,	8,	372.05995999999755,	10.5,	nan,	90,	2
20,	2,	5,	3,	42,	uso_300ms_74.wav,	7,	328.23134299999737,	9.04,	nan,	90,	2
20,	2,	5,	3,	43,	uso_300ms_11.wav,	7,	329.00480799999735,	9.07,	nan,	90,	2
20,	2,	5,	3,	44,	uso_300ms_80.wav,	7,	313.7871579999972,	8.56,	nan,	90,	2
20,	2,	5,	3,	45,	uso_300ms_54.wav,	6,	289.3042099999971,	7.74,	nan,	90,	2
20,	2,	5,	3,	46,	uso_300ms_7.wav,	5,	279.5929349999969,	7.42,	nan,	90,	2
20,	2,	5,	3,	47,	uso_300ms_40.wav,	7,	314.3115699999971,	8.58,	nan,	90,	2
20,	2,	5,	3,	48,	uso_300ms_88.wav,	6,	300.88199999999694,	8.13,	nan,	90,	2
20,	2,	5,	3,	49,	uso_300ms_83.wav,	6,	300.88199999999694,	8.13,	nan,	90,	2
20,	2,	5,	3,	50,	uso_300ms_75.wav,	9,	390.08710199999683,	11.1,	nan,	90,	2
20,	2,	5,	3,	51,	uso_300ms_53.wav,	9,	421.3808749999968,	12.15,	nan,	90,	2
20,	2,	5,	3,	52,	uso_300ms_17.wav,	9,	387.13433399999656,	11.0,	nan,	90,	2
20,	2,	5,	3,	53,	uso_300ms_86.wav,	8,	357.44815999999645,	10.01,	nan,	90,	2
20,	2,	5,	3,	54,	uso_300ms_45.wav,	8,	356.2732729999964,	9.98,	nan,	90,	2
20,	2,	5,	3,	55,	uso_300ms_37.wav,	7,	339.5711399999964,	9.42,	nan,	90,	2
20,	2,	5,	3,	56,	uso_300ms_52.wav,	7,	320.10222199999646,	8.77,	nan,	90,	2
20,	2,	5,	3,	57,	uso_300ms_47.wav,	6,	289.11582599999616,	7.74,	nan,	90,	2
20,	2,	5,	3,	58,	uso_300ms_23.wav,	6,	283.60534899999567,	7.55,	nan,	90,	2
20,	2,	5,	3,	59,	uso_300ms_50.wav,	5,	266.88710899999546,	7.0,	nan,	90,	2
20,	2,	5,	3,	60,	uso_300ms_21.wav,	5,	247.9379129999955,	6.36,	nan,	90,	2
20,	2,	5,	3,	61,	uso_300ms_27.wav,	9,	445.17301399999565,	12.94,	nan,	90,	2
20,	2,	5,	3,	62,	uso_300ms_37.wav,	9,	445.2102749999959,	12.94,	nan,	90,	2
20,	2,	5,	3,	63,	uso_300ms_3.wav,	9,	372.34406899999567,	10.51,	nan,	90,	2
20,	2,	5,	3,	64,	uso_300ms_60.wav,	8,	354.0365979999953,	9.9,	nan,	90,	2
20,	2,	5,	3,	65,	uso_300ms_80.wav,	7,	330.8231209999952,	9.13,	nan,	90,	2
20,	2,	5,	3,	66,	uso_300ms_52.wav,	7,	322.02831399999525,	8.83,	nan,	90,	2
20,	2,	5,	3,	67,	uso_300ms_52.wav,	6,	294.81388199999503,	7.93,	nan,	90,	2
20,	2,	5,	3,	68,	uso_300ms_28.wav,	6,	294.81388199999503,	7.93,	nan,	90,	2
20,	2,	5,	3,	69,	uso_300ms_43.wav,	5,	230.17570699999487,	5.77,	nan,	90,	2
20,	2,	5,	3,	70,	uso_300ms_84.wav,	5,	223.4826499999948,	5.55,	nan,	90,	2
20,	2,	5,	3,	71,	uso_300ms_51.wav,	5,	161.19610399999482,	3.47,	nan,	90,	2
20,	2,	5,	3,	72,	uso_300ms_9.wav,	9,	450.7673859999947,	13.13,	nan,	90,	2
20,	2,	5,	3,	73,	uso_300ms_47.wav,	9,	382.0456979999944,	10.83,	nan,	90,	2
20,	2,	5,	3,	74,	uso_300ms_42.wav,	6,	306.91198899999415,	8.33,	nan,	90,	2
20,	2,	5,	3,	75,	uso_300ms_50.wav,	6,	306.5930339999932,	8.32,	nan,	90,	2
20,	2,	5,	3,	76,	uso_300ms_84.wav,	5,	255.4491859999936,	6.61,	nan,	90,	2
20,	2,	5,	3,	77,	uso_300ms_100.wav,	5,	255.4491859999936,	6.61,	nan,	90,	2
20,	2,	5,	3,	78,	uso_300ms_74.wav,	5,	255.49605799999333,	6.62,	nan,	90,	2
20,	2,	5,	3,	79,	uso_300ms_45.wav,	9,	375.4948319999929,	10.62,	nan,	90,	2
20,	2,	5,	3,	80,	uso_300ms_85.wav,	9,	376.35952099999224,	10.65,	nan,	90,	2
20,	2,	5,	3,	81,	uso_300ms_34.wav,	9,	376.45628899999167,	10.65,	nan,	90,	2
20,	2,	5,	3,	82,	uso_300ms_20.wav,	8,	350.6472749999913,	9.79,	nan,	90,	2
20,	2,	5,	3,	83,	uso_300ms_79.wav,	8,	342.70722399999113,	9.52,	nan,	90,	2
20,	2,	5,	3,	84,	uso_300ms_32.wav,	7,	318.3600129999907,	8.71,	nan,	90,	2
20,	2,	5,	3,	85,	uso_300ms_18.wav,	7,	314.8117479999906,	8.59,	nan,	90,	2
20,	2,	5,	3,	86,	uso_300ms_70.wav,	5,	281.5971399999905,	7.49,	nan,	90,	2
20,	2,	5,	3,	87,	uso_300ms_65.wav,	5,	280.80336799999026,	7.46,	nan,	90,	2
20,	2,	5,	3,	88,	uso_300ms_95.wav,	8,	367.61353899999057,	10.35,	nan,	90,	2
20,	2,	5,	3,	89,	uso_300ms_18.wav,	7,	339.9375759999904,	9.43,	nan,	90,	2
20,	2,	5,	3,	90,	uso_300ms_19.wav,	8,	365.5711769999904,	10.29,	nan,	90,	2
