sub_id,cond_id,block_id,task_id,event_id,stim_id,speaker_id,led_id,led_distance,response_time,n_reps,isi
20,	2,	2,	3,	1,	uso_300ms_90.wav,	7,	90,	1.1,	0.20064401626586914,	15,	0.3
20,	2,	2,	3,	2,	uso_300ms_65.wav,	5,	187,	4.33,	6.797447681427002,	15,	0.3
20,	2,	2,	3,	3,	uso_300ms_28.wav,	8,	233,	5.87,	6.5967466831207275,	15,	0.3
20,	2,	2,	3,	4,	uso_300ms_22.wav,	9,	286,	7.63,	5.552638530731201,	15,	0.3
20,	2,	2,	3,	5,	uso_300ms_15.wav,	6,	172,	3.83,	4.174488306045532,	15,	0.3
20,	2,	2,	3,	6,	uso_300ms_89.wav,	9,	292,	7.83,	6.600247144699097,	15,	0.3
20,	2,	2,	3,	7,	uso_300ms_43.wav,	7,	198,	4.7,	5.431048393249512,	15,	0.3
20,	2,	2,	3,	8,	uso_300ms_93.wav,	5,	173,	3.87,	5.006286382675171,	15,	0.3
20,	2,	2,	3,	9,	uso_300ms_21.wav,	8,	225,	5.6,	4.591113805770874,	15,	0.3
20,	2,	2,	3,	10,	uso_300ms_25.wav,	6,	175,	3.93,	4.450427770614624,	15,	0.3
20,	2,	2,	3,	11,	uso_300ms_60.wav,	9,	232,	5.83,	4.24067497253418,	15,	0.3
20,	2,	2,	3,	12,	uso_300ms_96.wav,	7,	218,	5.37,	4.493358373641968,	15,	0.3
20,	2,	2,	3,	13,	uso_300ms_93.wav,	6,	186,	4.3,	5.350749492645264,	15,	0.3
20,	2,	2,	3,	14,	uso_300ms_11.wav,	5,	287,	7.67,	4.463660001754761,	15,	0.3
20,	2,	2,	3,	15,	uso_300ms_72.wav,	8,	316,	8.63,	9.216261148452759,	15,	0.3
20,	2,	2,	3,	16,	uso_300ms_68.wav,	5,	235,	5.93,	3.571908473968506,	15,	0.3
20,	2,	2,	3,	17,	uso_300ms_53.wav,	8,	314,	8.57,	4.292090654373169,	15,	0.3
20,	2,	2,	3,	18,	uso_300ms_76.wav,	9,	338,	9.37,	3.8983402252197266,	15,	0.3
20,	2,	2,	3,	19,	uso_300ms_4.wav,	6,	266,	6.97,	3.095702648162842,	15,	0.3
20,	2,	2,	3,	20,	uso_300ms_67.wav,	7,	214,	5.23,	3.700920820236206,	15,	0.3
20,	2,	2,	3,	21,	uso_300ms_17.wav,	9,	265,	6.93,	3.4337241649627686,	15,	0.3
20,	2,	2,	3,	22,	uso_300ms_79.wav,	8,	221,	5.47,	7.5303943157196045,	15,	0.3
20,	2,	2,	3,	23,	uso_300ms_83.wav,	6,	188,	4.37,	6.15918493270874,	15,	0.3
20,	2,	2,	3,	24,	uso_300ms_90.wav,	5,	173,	3.87,	4.331799268722534,	15,	0.3
20,	2,	2,	3,	25,	uso_300ms_48.wav,	7,	235,	5.93,	4.880695581436157,	15,	0.3
20,	2,	2,	3,	26,	uso_300ms_36.wav,	9,	235,	5.93,	5.201659679412842,	15,	0.3
20,	2,	2,	3,	27,	uso_300ms_49.wav,	5,	196,	4.63,	5.126067638397217,	15,	0.3
20,	2,	2,	3,	28,	uso_300ms_4.wav,	8,	324,	8.9,	3.5358176231384277,	15,	0.3
20,	2,	2,	3,	29,	uso_300ms_63.wav,	6,	252,	6.5,	4.036754369735718,	15,	0.3
20,	2,	2,	3,	30,	uso_300ms_53.wav,	7,	350,	9.77,	6.844353437423706,	15,	0.3
20,	2,	2,	3,	31,	uso_300ms_90.wav,	8,	309,	8.4,	4.56617283821106,	15,	0.3
20,	2,	2,	3,	32,	uso_300ms_83.wav,	5,	192,	4.5,	5.211925983428955,	15,	0.3
20,	2,	2,	3,	33,	uso_300ms_88.wav,	6,	171,	3.8,	6.919524431228638,	15,	0.3
20,	2,	2,	3,	34,	uso_300ms_75.wav,	7,	222,	5.5,	6.0388805866241455,	15,	0.3
20,	2,	2,	3,	35,	uso_300ms_35.wav,	9,	380,	10.77,	4.730797529220581,	15,	0.3
20,	2,	2,	3,	36,	uso_300ms_98.wav,	5,	204,	4.9,	4.8797619342803955,	15,	0.3
20,	2,	2,	3,	37,	uso_300ms_25.wav,	9,	294,	7.9,	4.939169883728027,	15,	0.3
20,	2,	2,	3,	38,	uso_300ms_69.wav,	7,	200,	4.77,	4.9880945682525635,	15,	0.3
20,	2,	2,	3,	39,	uso_300ms_62.wav,	8,	242,	6.17,	3.9959959983825684,	15,	0.3
20,	2,	2,	3,	40,	uso_300ms_42.wav,	6,	151,	3.13,	4.218900918960571,	15,	0.3
20,	2,	2,	3,	41,	uso_300ms_83.wav,	9,	230,	5.77,	3.6945531368255615,	15,	0.3
20,	2,	2,	3,	42,	uso_300ms_39.wav,	6,	181,	4.13,	4.395003795623779,	15,	0.3
20,	2,	2,	3,	43,	uso_300ms_71.wav,	5,	334,	9.23,	4.687446117401123,	15,	0.3
20,	2,	2,	3,	44,	uso_300ms_70.wav,	8,	367,	10.33,	3.1791234016418457,	15,	0.3
20,	2,	2,	3,	45,	uso_300ms_91.wav,	7,	229,	5.73,	4.085511207580566,	15,	0.3
20,	2,	2,	3,	46,	uso_300ms_5.wav,	6,	268,	7.03,	7.189936637878418,	15,	0.3
20,	2,	2,	3,	47,	uso_300ms_100.wav,	5,	189,	4.4,	3.407043933868408,	15,	0.3
20,	2,	2,	3,	48,	uso_300ms_92.wav,	8,	202,	4.83,	4.831053972244263,	15,	0.3
20,	2,	2,	3,	49,	uso_300ms_24.wav,	7,	257,	6.67,	6.79534125328064,	15,	0.3
20,	2,	2,	3,	50,	uso_300ms_35.wav,	9,	378,	10.7,	2.644287586212158,	15,	0.3
20,	2,	2,	3,	51,	uso_300ms_94.wav,	6,	205,	4.93,	4.91353964805603,	15,	0.3
20,	2,	2,	3,	52,	uso_300ms_32.wav,	7,	292,	7.83,	3.6352522373199463,	15,	0.3
20,	2,	2,	3,	53,	uso_300ms_14.wav,	8,	279,	7.4,	6.170869827270508,	15,	0.3
20,	2,	2,	3,	54,	uso_300ms_30.wav,	5,	169,	3.73,	2.6981470584869385,	15,	0.3
20,	2,	2,	3,	55,	uso_300ms_76.wav,	9,	436,	12.63,	5.577391624450684,	15,	0.3
20,	2,	2,	3,	56,	uso_300ms_43.wav,	6,	165,	3.6,	4.835658550262451,	15,	0.3
20,	2,	2,	3,	57,	uso_300ms_76.wav,	7,	421,	12.13,	4.949246644973755,	15,	0.3
20,	2,	2,	3,	58,	uso_300ms_35.wav,	5,	216,	5.3,	5.480149030685425,	15,	0.3
20,	2,	2,	3,	59,	uso_300ms_47.wav,	8,	327,	9.0,	4.470061779022217,	15,	0.3
20,	2,	2,	3,	60,	uso_300ms_19.wav,	9,	400,	11.43,	4.0380895137786865,	15,	0.3
20,	2,	2,	3,	61,	uso_300ms_90.wav,	8,	264,	6.9,	7.092193603515625,	15,	0.3
20,	2,	2,	3,	62,	uso_300ms_90.wav,	9,	271,	7.13,	3.8593833446502686,	15,	0.3
20,	2,	2,	3,	63,	uso_300ms_83.wav,	6,	160,	3.43,	4.2904558181762695,	15,	0.3
20,	2,	2,	3,	64,	uso_300ms_3.wav,	7,	230,	5.77,	4.253680944442749,	15,	0.3
20,	2,	2,	3,	65,	uso_300ms_50.wav,	5,	179,	4.07,	3.8147151470184326,	15,	0.3
20,	2,	2,	3,	66,	uso_300ms_42.wav,	9,	373,	10.53,	3.93274188041687,	15,	0.3
20,	2,	2,	3,	67,	uso_300ms_4.wav,	6,	252,	6.5,	3.5631701946258545,	15,	0.3
20,	2,	2,	3,	68,	uso_300ms_88.wav,	8,	375,	10.6,	4.088947772979736,	15,	0.3
20,	2,	2,	3,	69,	uso_300ms_31.wav,	7,	221,	5.47,	3.1742043495178223,	15,	0.3
20,	2,	2,	3,	70,	uso_300ms_56.wav,	5,	192,	4.5,	2.714090585708618,	15,	0.3
20,	2,	2,	3,	71,	uso_300ms_87.wav,	7,	271,	7.13,	3.4868967533111572,	15,	0.3
20,	2,	2,	3,	72,	uso_300ms_68.wav,	8,	363,	10.2,	2.8295748233795166,	15,	0.3
20,	2,	2,	3,	73,	uso_300ms_26.wav,	6,	197,	4.67,	3.7030413150787354,	15,	0.3
20,	2,	2,	3,	74,	uso_300ms_95.wav,	9,	417,	12.0,	3.640388250350952,	15,	0.3
20,	2,	2,	3,	75,	uso_300ms_9.wav,	5,	160,	3.43,	3.909061908721924,	15,	0.3
