sub_id,cond_id,block_id,task_id,event_id,stim_id,speaker_id,led_id,led_distance,response_time,n_reps,isi
20,	2,	4,	3,	1,	uso_300ms_59.wav,	6,	232,	5.83,	0.20053529739379883,	15,	0.3
20,	2,	4,	3,	2,	uso_300ms_81.wav,	7,	322,	8.83,	4.5646843910217285,	15,	0.3
20,	2,	4,	3,	3,	uso_300ms_11.wav,	8,	352,	9.83,	3.3995749950408936,	15,	0.3
20,	2,	4,	3,	4,	uso_300ms_87.wav,	5,	253,	6.53,	3.253437042236328,	15,	0.3
20,	2,	4,	3,	5,	uso_300ms_26.wav,	9,	333,	9.2,	4.202691316604614,	15,	0.3
20,	2,	4,	3,	6,	uso_300ms_59.wav,	5,	260,	6.77,	5.854339838027954,	15,	0.3
20,	2,	4,	3,	7,	uso_300ms_6.wav,	6,	288,	7.7,	3.0902719497680664,	15,	0.3
20,	2,	4,	3,	8,	uso_300ms_22.wav,	7,	330,	9.1,	3.924227237701416,	15,	0.3
20,	2,	4,	3,	9,	uso_300ms_95.wav,	8,	426,	12.3,	3.2430460453033447,	15,	0.3
20,	2,	4,	3,	10,	uso_300ms_44.wav,	9,	370,	10.43,	5.8236706256866455,	15,	0.3
20,	2,	4,	3,	11,	uso_300ms_51.wav,	6,	287,	7.67,	3.0276405811309814,	15,	0.3
20,	2,	4,	3,	12,	uso_300ms_85.wav,	8,	385,	10.93,	3.0778024196624756,	15,	0.3
20,	2,	4,	3,	13,	uso_300ms_56.wav,	9,	348,	9.7,	3.356689691543579,	15,	0.3
20,	2,	4,	3,	14,	uso_300ms_85.wav,	5,	262,	6.83,	2.432513475418091,	15,	0.3
20,	2,	4,	3,	15,	uso_300ms_80.wav,	7,	340,	9.43,	7.317098617553711,	15,	0.3
20,	2,	4,	3,	16,	uso_300ms_90.wav,	8,	398,	11.37,	3.606509208679199,	15,	0.3
20,	2,	4,	3,	17,	uso_300ms_36.wav,	5,	267,	7.0,	4.0979163646698,	15,	0.3
20,	2,	4,	3,	18,	uso_300ms_2.wav,	9,	363,	10.2,	3.8865673542022705,	15,	0.3
20,	2,	4,	3,	19,	uso_300ms_42.wav,	7,	259,	6.73,	3.5460686683654785,	15,	0.3
20,	2,	4,	3,	20,	uso_300ms_34.wav,	6,	269,	7.07,	4.129887819290161,	15,	0.3
20,	2,	4,	3,	21,	uso_300ms_6.wav,	8,	417,	12.0,	2.9406278133392334,	15,	0.3
20,	2,	4,	3,	22,	uso_300ms_19.wav,	7,	310,	8.43,	4.144863128662109,	15,	0.3
20,	2,	4,	3,	23,	uso_300ms_43.wav,	5,	226,	5.63,	2.731675624847412,	15,	0.3
20,	2,	4,	3,	24,	uso_300ms_19.wav,	6,	232,	5.83,	2.0802810192108154,	15,	0.3
20,	2,	4,	3,	25,	uso_300ms_84.wav,	9,	358,	10.03,	3.635883092880249,	15,	0.3
20,	2,	4,	3,	26,	uso_300ms_90.wav,	7,	282,	7.5,	3.2052934169769287,	15,	0.3
20,	2,	4,	3,	27,	uso_300ms_39.wav,	6,	243,	6.2,	2.5657236576080322,	15,	0.3
20,	2,	4,	3,	28,	uso_300ms_91.wav,	9,	344,	9.57,	5.029998540878296,	15,	0.3
20,	2,	4,	3,	29,	uso_300ms_30.wav,	5,	184,	4.23,	3.4810729026794434,	15,	0.3
20,	2,	4,	3,	30,	uso_300ms_35.wav,	8,	422,	12.17,	3.605515956878662,	15,	0.3
20,	2,	4,	3,	31,	uso_300ms_65.wav,	5,	225,	5.6,	5.0088653564453125,	15,	0.3
20,	2,	4,	3,	32,	uso_300ms_74.wav,	8,	324,	8.9,	2.5730631351470947,	15,	0.3
20,	2,	4,	3,	33,	uso_300ms_94.wav,	9,	398,	11.37,	3.2660090923309326,	15,	0.3
20,	2,	4,	3,	34,	uso_300ms_24.wav,	6,	256,	6.63,	2.6957106590270996,	15,	0.3
20,	2,	4,	3,	35,	uso_300ms_75.wav,	7,	301,	8.13,	3.220444440841675,	15,	0.3
20,	2,	4,	3,	36,	uso_300ms_69.wav,	5,	218,	5.37,	3.158757209777832,	15,	0.3
20,	2,	4,	3,	37,	uso_300ms_4.wav,	9,	438,	12.7,	3.5017330646514893,	15,	0.3
20,	2,	4,	3,	38,	uso_300ms_54.wav,	6,	269,	7.07,	3.6973142623901367,	15,	0.3
20,	2,	4,	3,	39,	uso_300ms_57.wav,	7,	331,	9.13,	2.4361932277679443,	15,	0.3
20,	2,	4,	3,	40,	uso_300ms_18.wav,	8,	279,	7.4,	3.7710983753204346,	15,	0.3
20,	2,	4,	3,	41,	uso_300ms_30.wav,	6,	221,	5.47,	2.6090195178985596,	15,	0.3
20,	2,	4,	3,	42,	uso_300ms_67.wav,	7,	372,	10.5,	5.467284440994263,	15,	0.3
20,	2,	4,	3,	43,	uso_300ms_21.wav,	8,	294,	7.9,	4.3148510456085205,	15,	0.3
20,	2,	4,	3,	44,	uso_300ms_69.wav,	5,	213,	5.2,	2.9003982543945312,	15,	0.3
20,	2,	4,	3,	45,	uso_300ms_97.wav,	9,	402,	11.5,	3.504051685333252,	15,	0.3
20,	2,	4,	3,	46,	uso_300ms_20.wav,	8,	321,	8.8,	2.439624547958374,	15,	0.3
20,	2,	4,	3,	47,	uso_300ms_87.wav,	7,	282,	7.5,	4.565455675125122,	15,	0.3
20,	2,	4,	3,	48,	uso_300ms_66.wav,	9,	393,	11.2,	3.778116226196289,	15,	0.3
20,	2,	4,	3,	49,	uso_300ms_92.wav,	6,	204,	4.9,	5.269185304641724,	15,	0.3
20,	2,	4,	3,	50,	uso_300ms_92.wav,	5,	204,	4.9,	2.356092929840088,	15,	0.3
20,	2,	4,	3,	51,	uso_300ms_70.wav,	8,	338,	9.37,	3.6871678829193115,	15,	0.3
20,	2,	4,	3,	52,	uso_300ms_45.wav,	5,	226,	5.63,	3.4036967754364014,	15,	0.3
20,	2,	4,	3,	53,	uso_300ms_80.wav,	7,	359,	10.07,	4.683588743209839,	15,	0.3
20,	2,	4,	3,	54,	uso_300ms_79.wav,	6,	260,	6.77,	4.024677276611328,	15,	0.3
20,	2,	4,	3,	55,	uso_300ms_5.wav,	9,	410,	11.77,	3.887437105178833,	15,	0.3
20,	2,	4,	3,	56,	uso_300ms_57.wav,	5,	235,	5.93,	4.785435914993286,	15,	0.3
20,	2,	4,	3,	57,	uso_300ms_18.wav,	8,	362,	10.17,	3.254100799560547,	15,	0.3
20,	2,	4,	3,	58,	uso_300ms_72.wav,	6,	210,	5.1,	4.574299573898315,	15,	0.3
20,	2,	4,	3,	59,	uso_300ms_17.wav,	7,	308,	8.37,	6.233375072479248,	15,	0.3
20,	2,	4,	3,	60,	uso_300ms_93.wav,	9,	414,	11.9,	3.1646528244018555,	15,	0.3
20,	2,	4,	3,	61,	uso_300ms_64.wav,	6,	275,	7.27,	5.102234363555908,	15,	0.3
20,	2,	4,	3,	62,	uso_300ms_14.wav,	8,	420,	12.1,	3.6272475719451904,	15,	0.3
20,	2,	4,	3,	63,	uso_300ms_36.wav,	9,	305,	8.27,	3.564746141433716,	15,	0.3
20,	2,	4,	3,	64,	uso_300ms_23.wav,	5,	232,	5.83,	2.912278413772583,	15,	0.3
20,	2,	4,	3,	65,	uso_300ms_12.wav,	7,	340,	9.43,	4.871072053909302,	15,	0.3
20,	2,	4,	3,	66,	uso_300ms_67.wav,	8,	306,	8.3,	5.631407022476196,	15,	0.3
20,	2,	4,	3,	67,	uso_300ms_69.wav,	9,	405,	11.6,	3.7385170459747314,	15,	0.3
20,	2,	4,	3,	68,	uso_300ms_77.wav,	7,	318,	8.7,	2.990260362625122,	15,	0.3
20,	2,	4,	3,	69,	uso_300ms_23.wav,	6,	206,	4.97,	2.799166202545166,	15,	0.3
20,	2,	4,	3,	70,	uso_300ms_77.wav,	5,	170,	3.77,	1.8314423561096191,	15,	0.3
20,	2,	4,	3,	71,	uso_300ms_89.wav,	7,	160,	3.43,	3.7686593532562256,	15,	0.3
20,	2,	4,	3,	72,	uso_300ms_4.wav,	5,	202,	4.83,	2.471748113632202,	15,	0.3
20,	2,	4,	3,	73,	uso_300ms_96.wav,	9,	377,	10.67,	2.8957126140594482,	15,	0.3
20,	2,	4,	3,	74,	uso_300ms_42.wav,	8,	332,	9.17,	3.719446897506714,	15,	0.3
20,	2,	4,	3,	75,	uso_300ms_97.wav,	6,	243,	6.2,	2.013960361480713,	15,	0.3
