sub_id,cond_id,block_id,task_id,event_id,stim_id,speaker_id,led_id,led_distance,response_time,n_reps,isi
20,	2,	6,	1,	1,	uso_300ms_51.wav,	2,	162,	3.5,	4.66153621673584,	15,	0.3
20,	2,	6,	1,	2,	uso_300ms_83.wav,	10,	392,	11.17,	2.909430742263794,	15,	0.3
20,	2,	6,	1,	3,	uso_300ms_52.wav,	4,	310,	8.43,	4.3450844287872314,	15,	0.3
20,	2,	6,	1,	4,	uso_300ms_9.wav,	5,	258,	6.7,	2.8828299045562744,	15,	0.3
20,	2,	6,	1,	5,	uso_300ms_86.wav,	0,	108,	1.7,	4.346977949142456,	15,	0.3
20,	2,	6,	1,	6,	uso_300ms_5.wav,	8,	391,	11.13,	4.3124284744262695,	15,	0.3
20,	2,	6,	1,	7,	uso_300ms_95.wav,	6,	307,	8.33,	3.733475685119629,	15,	0.3
20,	2,	6,	1,	8,	uso_300ms_11.wav,	1,	134,	2.57,	3.9632184505462646,	15,	0.3
20,	2,	6,	1,	9,	uso_300ms_29.wav,	7,	359,	10.07,	2.6166396141052246,	15,	0.3
20,	2,	6,	1,	10,	uso_300ms_92.wav,	3,	150,	3.1,	5.2466535568237305,	15,	0.3
20,	2,	6,	1,	11,	uso_300ms_44.wav,	9,	343,	9.53,	4.8991076946258545,	15,	0.3
20,	2,	6,	1,	12,	uso_300ms_56.wav,	3,	181,	4.13,	3.9258477687835693,	15,	0.3
20,	2,	6,	1,	13,	uso_300ms_43.wav,	2,	153,	3.2,	3.4332258701324463,	15,	0.3
20,	2,	6,	1,	14,	uso_300ms_78.wav,	10,	418,	12.03,	4.526350736618042,	15,	0.3
20,	2,	6,	1,	15,	uso_300ms_51.wav,	8,	387,	11.0,	2.3886585235595703,	15,	0.3
20,	2,	6,	1,	16,	uso_300ms_55.wav,	4,	190,	4.43,	3.4292819499969482,	15,	0.3
20,	2,	6,	1,	17,	uso_300ms_26.wav,	1,	113,	1.87,	3.4213573932647705,	15,	0.3
20,	2,	6,	1,	18,	uso_300ms_44.wav,	5,	213,	5.2,	2.9274542331695557,	15,	0.3
20,	2,	6,	1,	19,	uso_300ms_49.wav,	6,	237,	6.0,	2.5352814197540283,	15,	0.3
20,	2,	6,	1,	20,	uso_300ms_90.wav,	7,	322,	8.83,	3.3076887130737305,	15,	0.3
20,	2,	6,	1,	21,	uso_300ms_30.wav,	9,	350,	9.77,	2.1193487644195557,	15,	0.3
20,	2,	6,	1,	22,	uso_300ms_36.wav,	0,	104,	1.57,	4.542328596115112,	15,	0.3
20,	2,	6,	1,	23,	uso_300ms_32.wav,	9,	358,	10.03,	6.854284763336182,	15,	0.3
20,	2,	6,	1,	24,	uso_300ms_71.wav,	8,	386,	10.97,	2.1397807598114014,	15,	0.3
20,	2,	6,	1,	25,	uso_300ms_14.wav,	2,	140,	2.77,	3.9726991653442383,	15,	0.3
20,	2,	6,	1,	26,	uso_300ms_73.wav,	7,	274,	7.23,	3.3768210411071777,	15,	0.3
20,	2,	6,	1,	27,	uso_300ms_8.wav,	6,	218,	5.37,	2.2899012565612793,	15,	0.3
20,	2,	6,	1,	28,	uso_300ms_64.wav,	0,	112,	1.83,	3.369950294494629,	15,	0.3
20,	2,	6,	1,	29,	uso_300ms_14.wav,	1,	125,	2.27,	2.2061078548431396,	15,	0.3
20,	2,	6,	1,	30,	uso_300ms_78.wav,	5,	180,	4.1,	2.1654651165008545,	15,	0.3
20,	2,	6,	1,	31,	uso_300ms_40.wav,	10,	309,	8.4,	4.214479923248291,	15,	0.3
20,	2,	6,	1,	32,	uso_300ms_2.wav,	4,	173,	3.87,	2.592097759246826,	15,	0.3
20,	2,	6,	1,	33,	uso_300ms_2.wav,	3,	173,	3.87,	1.6238203048706055,	15,	0.3
20,	2,	6,	1,	34,	uso_300ms_94.wav,	0,	101,	1.47,	3.8962409496307373,	15,	0.3
20,	2,	6,	1,	35,	uso_300ms_77.wav,	4,	208,	5.03,	3.1735615730285645,	15,	0.3
20,	2,	6,	1,	36,	uso_300ms_16.wav,	5,	181,	4.13,	2.46649432182312,	15,	0.3
20,	2,	6,	1,	37,	uso_300ms_49.wav,	10,	290,	7.77,	3.20451021194458,	15,	0.3
20,	2,	6,	1,	38,	uso_300ms_14.wav,	3,	142,	2.83,	6.5875537395477295,	15,	0.3
20,	2,	6,	1,	39,	uso_300ms_80.wav,	8,	351,	9.8,	3.237947463989258,	15,	0.3
20,	2,	6,	1,	40,	uso_300ms_40.wav,	1,	131,	2.47,	3.790661334991455,	15,	0.3
20,	2,	6,	1,	41,	uso_300ms_2.wav,	6,	215,	5.27,	2.9921348094940186,	15,	0.3
20,	2,	6,	1,	42,	uso_300ms_29.wav,	9,	374,	10.57,	2.6206881999969482,	15,	0.3
20,	2,	6,	1,	43,	uso_300ms_21.wav,	2,	237,	6.0,	2.665043592453003,	15,	0.3
20,	2,	6,	1,	44,	uso_300ms_23.wav,	7,	360,	10.1,	3.3643717765808105,	15,	0.3
20,	2,	6,	1,	45,	uso_300ms_37.wav,	2,	173,	3.87,	3.86954927444458,	15,	0.3
20,	2,	6,	1,	46,	uso_300ms_67.wav,	0,	106,	1.63,	3.254016160964966,	15,	0.3
20,	2,	6,	1,	47,	uso_300ms_77.wav,	7,	269,	7.07,	2.7375473976135254,	15,	0.3
20,	2,	6,	1,	48,	uso_300ms_35.wav,	10,	411,	11.8,	4.11972975730896,	15,	0.3
20,	2,	6,	1,	49,	uso_300ms_37.wav,	3,	206,	4.97,	4.854398727416992,	15,	0.3
20,	2,	6,	1,	50,	uso_300ms_79.wav,	9,	341,	9.47,	3.71677827835083,	15,	0.3
20,	2,	6,	1,	51,	uso_300ms_48.wav,	1,	138,	2.7,	3.5108866691589355,	15,	0.3
20,	2,	6,	1,	52,	uso_300ms_25.wav,	6,	206,	4.97,	2.5334417819976807,	15,	0.3
20,	2,	6,	1,	53,	uso_300ms_4.wav,	4,	175,	3.93,	4.781179666519165,	15,	0.3
20,	2,	6,	1,	54,	uso_300ms_9.wav,	8,	355,	9.93,	3.139408588409424,	15,	0.3
20,	2,	6,	1,	55,	uso_300ms_85.wav,	5,	226,	5.63,	3.57846736907959,	15,	0.3
20,	2,	6,	1,	56,	uso_300ms_10.wav,	10,	397,	11.33,	3.1676626205444336,	15,	0.3
20,	2,	6,	1,	57,	uso_300ms_90.wav,	0,	109,	1.73,	6.155479669570923,	15,	0.3
20,	2,	6,	1,	58,	uso_300ms_54.wav,	5,	211,	5.13,	3.5606679916381836,	15,	0.3
20,	2,	6,	1,	59,	uso_300ms_43.wav,	6,	222,	5.5,	4.088582992553711,	15,	0.3
20,	2,	6,	1,	60,	uso_300ms_38.wav,	4,	182,	4.17,	2.0343093872070312,	15,	0.3
20,	2,	6,	1,	61,	uso_300ms_22.wav,	7,	256,	6.63,	2.8708364963531494,	15,	0.3
20,	2,	6,	1,	62,	uso_300ms_45.wav,	2,	174,	3.9,	2.341663360595703,	15,	0.3
20,	2,	6,	1,	63,	uso_300ms_18.wav,	1,	136,	2.63,	1.5020177364349365,	15,	0.3
20,	2,	6,	1,	64,	uso_300ms_76.wav,	8,	405,	11.6,	4.879808187484741,	15,	0.3
20,	2,	6,	1,	65,	uso_300ms_86.wav,	3,	150,	3.1,	3.704423189163208,	15,	0.3
20,	2,	6,	1,	66,	uso_300ms_82.wav,	9,	432,	12.5,	5.372179746627808,	15,	0.3
20,	2,	6,	1,	67,	uso_300ms_88.wav,	8,	359,	10.07,	4.023977756500244,	15,	0.3
20,	2,	6,	1,	68,	uso_300ms_29.wav,	1,	120,	2.1,	4.556463241577148,	15,	0.3
20,	2,	6,	1,	69,	uso_300ms_67.wav,	10,	387,	11.0,	4.081139326095581,	15,	0.3
20,	2,	6,	1,	70,	uso_300ms_57.wav,	4,	177,	4.0,	2.9377408027648926,	15,	0.3
20,	2,	6,	1,	71,	uso_300ms_76.wav,	9,	385,	10.93,	4.028306484222412,	15,	0.3
20,	2,	6,	1,	72,	uso_300ms_60.wav,	6,	226,	5.63,	2.8719093799591064,	15,	0.3
20,	2,	6,	1,	73,	uso_300ms_2.wav,	2,	155,	3.27,	2.67264723777771,	15,	0.3
20,	2,	6,	1,	74,	uso_300ms_23.wav,	5,	170,	3.77,	1.463510274887085,	15,	0.3
20,	2,	6,	1,	75,	uso_300ms_94.wav,	3,	151,	3.13,	5.5742998123168945,	15,	0.3
20,	2,	6,	1,	76,	uso_300ms_64.wav,	7,	293,	7.87,	2.4946300983428955,	15,	0.3
20,	2,	6,	1,	77,	uso_300ms_12.wav,	0,	104,	1.57,	3.137495517730713,	15,	0.3
20,	2,	6,	1,	78,	uso_300ms_47.wav,	7,	262,	6.83,	3.6034722328186035,	15,	0.3
20,	2,	6,	1,	79,	uso_300ms_61.wav,	5,	224,	5.57,	2.5728981494903564,	15,	0.3
20,	2,	6,	1,	80,	uso_300ms_1.wav,	8,	287,	7.67,	2.3728511333465576,	15,	0.3
20,	2,	6,	1,	81,	uso_300ms_30.wav,	4,	227,	5.67,	2.0535850524902344,	15,	0.3
20,	2,	6,	1,	82,	uso_300ms_77.wav,	3,	212,	5.17,	1.9171388149261475,	15,	0.3
20,	2,	6,	1,	83,	uso_300ms_43.wav,	1,	153,	3.2,	2.1673130989074707,	15,	0.3
20,	2,	6,	1,	84,	uso_300ms_81.wav,	0,	99,	1.4,	1.9479715824127197,	15,	0.3
20,	2,	6,	1,	85,	uso_300ms_35.wav,	9,	343,	9.53,	4.921866178512573,	15,	0.3
20,	2,	6,	1,	86,	uso_300ms_92.wav,	6,	286,	7.63,	2.566223382949829,	15,	0.3
20,	2,	6,	1,	87,	uso_300ms_88.wav,	10,	420,	12.1,	2.7749898433685303,	15,	0.3
20,	2,	6,	1,	88,	uso_300ms_12.wav,	2,	241,	6.13,	2.4324519634246826,	15,	0.3
20,	2,	6,	1,	89,	uso_300ms_69.wav,	8,	421,	12.13,	4.183891773223877,	15,	0.3
20,	2,	6,	1,	90,	uso_300ms_68.wav,	2,	228,	5.7,	2.990006923675537,	15,	0.3
20,	2,	6,	1,	91,	uso_300ms_67.wav,	9,	365,	10.27,	3.158088207244873,	15,	0.3
20,	2,	6,	1,	92,	uso_300ms_31.wav,	10,	397,	11.33,	1.6958391666412354,	15,	0.3
20,	2,	6,	1,	93,	uso_300ms_64.wav,	3,	229,	5.73,	2.8025360107421875,	15,	0.3
20,	2,	6,	1,	94,	uso_300ms_39.wav,	1,	138,	2.7,	2.0217342376708984,	15,	0.3
20,	2,	6,	1,	95,	uso_300ms_22.wav,	6,	204,	4.9,	1.945862054824829,	15,	0.3
20,	2,	6,	1,	96,	uso_300ms_14.wav,	7,	323,	8.87,	2.6029913425445557,	15,	0.3
20,	2,	6,	1,	97,	uso_300ms_62.wav,	5,	328,	9.03,	1.6682143211364746,	15,	0.3
20,	2,	6,	1,	98,	uso_300ms_27.wav,	4,	196,	4.63,	2.135124683380127,	15,	0.3
20,	2,	6,	1,	99,	uso_300ms_77.wav,	0,	106,	1.63,	2.4951493740081787,	15,	0.3
20,	2,	6,	1,	100,	uso_300ms_73.wav,	4,	175,	3.93,	1.9713101387023926,	15,	0.3
20,	2,	6,	1,	101,	uso_300ms_45.wav,	7,	288,	7.7,	2.3824758529663086,	15,	0.3
20,	2,	6,	1,	102,	uso_300ms_45.wav,	1,	154,	3.23,	2.407039165496826,	15,	0.3
20,	2,	6,	1,	103,	uso_300ms_12.wav,	5,	283,	7.53,	2.413638114929199,	15,	0.3
20,	2,	6,	1,	104,	uso_300ms_73.wav,	0,	105,	1.6,	2.6637187004089355,	15,	0.3
20,	2,	6,	1,	105,	uso_300ms_87.wav,	10,	403,	11.53,	3.3485512733459473,	15,	0.3
20,	2,	6,	1,	106,	uso_300ms_37.wav,	2,	158,	3.37,	3.158362627029419,	15,	0.3
20,	2,	6,	1,	107,	uso_300ms_97.wav,	9,	290,	7.77,	4.301187753677368,	15,	0.3
20,	2,	6,	1,	108,	uso_300ms_56.wav,	8,	317,	8.67,	3.1341640949249268,	15,	0.3
20,	2,	6,	1,	109,	uso_300ms_32.wav,	6,	188,	4.37,	5.56051230430603,	15,	0.3
20,	2,	6,	1,	110,	uso_300ms_62.wav,	3,	128,	2.37,	2.167167901992798,	15,	0.3
20,	2,	6,	1,	111,	uso_300ms_16.wav,	8,	225,	5.6,	2.1686415672302246,	15,	0.3
20,	2,	6,	1,	112,	uso_300ms_71.wav,	5,	282,	7.5,	2.4229493141174316,	15,	0.3
20,	2,	6,	1,	113,	uso_300ms_20.wav,	4,	293,	7.87,	2.486558198928833,	15,	0.3
20,	2,	6,	1,	114,	uso_300ms_81.wav,	6,	320,	8.77,	2.1209473609924316,	15,	0.3
20,	2,	6,	1,	115,	uso_300ms_57.wav,	9,	415,	11.93,	3.143275022506714,	15,	0.3
20,	2,	6,	1,	116,	uso_300ms_23.wav,	1,	110,	1.77,	3.0556046962738037,	15,	0.3
20,	2,	6,	1,	117,	uso_300ms_97.wav,	7,	223,	5.53,	2.817641019821167,	15,	0.3
20,	2,	6,	1,	118,	uso_300ms_28.wav,	10,	380,	10.77,	2.485764980316162,	15,	0.3
20,	2,	6,	1,	119,	uso_300ms_92.wav,	0,	104,	1.57,	4.397212028503418,	15,	0.3
20,	2,	6,	1,	120,	uso_300ms_85.wav,	3,	138,	2.7,	2.8061840534210205,	15,	0.3
20,	2,	6,	1,	121,	uso_300ms_84.wav,	2,	161,	3.47,	3.321571111679077,	15,	0.3
20,	2,	6,	1,	122,	uso_300ms_63.wav,	3,	164,	3.57,	1.846489667892456,	15,	0.3
20,	2,	6,	1,	123,	uso_300ms_69.wav,	7,	267,	7.0,	2.374614953994751,	15,	0.3
20,	2,	6,	1,	124,	uso_300ms_40.wav,	0,	99,	1.4,	3.2810351848602295,	15,	0.3
20,	2,	6,	1,	125,	uso_300ms_13.wav,	10,	341,	9.47,	4.030926704406738,	15,	0.3
20,	2,	6,	1,	126,	uso_300ms_29.wav,	1,	111,	1.8,	3.8648734092712402,	15,	0.3
20,	2,	6,	1,	127,	uso_300ms_83.wav,	9,	379,	10.73,	2.7904651165008545,	15,	0.3
20,	2,	6,	1,	128,	uso_300ms_77.wav,	8,	379,	10.73,	1.624284029006958,	15,	0.3
20,	2,	6,	1,	129,	uso_300ms_37.wav,	4,	225,	5.6,	2.7754929065704346,	15,	0.3
20,	2,	6,	1,	130,	uso_300ms_63.wav,	2,	161,	3.47,	1.736520528793335,	15,	0.3
20,	2,	6,	1,	131,	uso_300ms_51.wav,	5,	277,	7.33,	3.3248867988586426,	15,	0.3
20,	2,	6,	1,	132,	uso_300ms_85.wav,	6,	291,	7.8,	2.121518135070801,	15,	0.3
20,	2,	6,	1,	133,	uso_300ms_27.wav,	10,	348,	9.7,	3.635732412338257,	15,	0.3
20,	2,	6,	1,	134,	uso_300ms_64.wav,	0,	108,	1.7,	3.2565574645996094,	15,	0.3
20,	2,	6,	1,	135,	uso_300ms_73.wav,	9,	328,	9.03,	3.515254259109497,	15,	0.3
20,	2,	6,	1,	136,	uso_300ms_43.wav,	5,	207,	5.0,	2.5438709259033203,	15,	0.3
20,	2,	6,	1,	137,	uso_300ms_23.wav,	2,	149,	3.07,	2.707937002182007,	15,	0.3
20,	2,	6,	1,	138,	uso_300ms_28.wav,	8,	321,	8.8,	2.3054003715515137,	15,	0.3
20,	2,	6,	1,	139,	uso_300ms_92.wav,	3,	156,	3.3,	2.306041955947876,	15,	0.3
20,	2,	6,	1,	140,	uso_300ms_37.wav,	1,	115,	1.93,	1.445413589477539,	15,	0.3
20,	2,	6,	1,	141,	uso_300ms_5.wav,	4,	212,	5.17,	3.1729233264923096,	15,	0.3
20,	2,	6,	1,	142,	uso_300ms_31.wav,	6,	289,	7.73,	2.372755527496338,	15,	0.3
20,	2,	6,	1,	143,	uso_300ms_86.wav,	7,	350,	9.77,	2.6492316722869873,	15,	0.3
20,	2,	6,	1,	144,	uso_300ms_63.wav,	3,	156,	3.3,	3.4364147186279297,	15,	0.3
20,	2,	6,	1,	145,	uso_300ms_48.wav,	8,	436,	12.63,	3.0150375366210938,	15,	0.3
20,	2,	6,	1,	146,	uso_300ms_87.wav,	1,	139,	2.73,	4.676363229751587,	15,	0.3
20,	2,	6,	1,	147,	uso_300ms_79.wav,	6,	259,	6.73,	2.5889556407928467,	15,	0.3
20,	2,	6,	1,	148,	uso_300ms_85.wav,	5,	241,	6.13,	2.755801200866699,	15,	0.3
20,	2,	6,	1,	149,	uso_300ms_10.wav,	7,	387,	11.0,	2.2254998683929443,	15,	0.3
20,	2,	6,	1,	150,	uso_300ms_19.wav,	9,	389,	11.07,	1.5201261043548584,	15,	0.3
20,	2,	6,	1,	151,	uso_300ms_96.wav,	10,	407,	11.67,	1.9051318168640137,	15,	0.3
20,	2,	6,	1,	152,	uso_300ms_49.wav,	4,	173,	3.87,	3.0587613582611084,	15,	0.3
20,	2,	6,	1,	153,	uso_300ms_95.wav,	0,	100,	1.43,	2.9148364067077637,	15,	0.3
20,	2,	6,	1,	154,	uso_300ms_4.wav,	2,	135,	2.6,	2.096346616744995,	15,	0.3
20,	2,	6,	1,	155,	uso_300ms_13.wav,	0,	104,	1.57,	1.3796682357788086,	15,	0.3
20,	2,	6,	1,	156,	uso_300ms_27.wav,	1,	113,	1.87,	3.4361891746520996,	15,	0.3
20,	2,	6,	1,	157,	uso_300ms_10.wav,	7,	387,	11.0,	2.7494871616363525,	15,	0.3
20,	2,	6,	1,	158,	uso_300ms_12.wav,	6,	333,	9.2,	3.0967087745666504,	15,	0.3
20,	2,	6,	1,	159,	uso_300ms_55.wav,	2,	231,	5.8,	2.9597830772399902,	15,	0.3
20,	2,	6,	1,	160,	uso_300ms_6.wav,	3,	224,	5.57,	2.9158034324645996,	15,	0.3
20,	2,	6,	1,	161,	uso_300ms_6.wav,	9,	290,	7.77,	2.314484119415283,	15,	0.3
20,	2,	6,	1,	162,	uso_300ms_89.wav,	8,	374,	10.57,	2.2032744884490967,	15,	0.3
20,	2,	6,	1,	163,	uso_300ms_2.wav,	4,	208,	5.03,	3.283958673477173,	15,	0.3
20,	2,	6,	1,	164,	uso_300ms_13.wav,	5,	218,	5.37,	2.900172710418701,	15,	0.3
20,	2,	6,	1,	165,	uso_300ms_63.wav,	10,	403,	11.53,	2.3315417766571045,	15,	0.3
