sub_id,cond_id,block_id,task_id,event_id,stim_id,speaker_id,led_id,led_distance,response_time,n_reps,isi
20,	2,	1,	3,	1,	uso_300ms_84.wav,	8,	89,	1.07,	0.20039987564086914,	15,	0.3
20,	2,	1,	3,	2,	uso_300ms_74.wav,	5,	367,	10.33,	9.518470048904419,	15,	0.3
20,	2,	1,	3,	3,	uso_300ms_28.wav,	9,	398,	11.37,	7.388007640838623,	15,	0.3
20,	2,	1,	3,	4,	uso_300ms_39.wav,	7,	292,	7.83,	5.8549110889434814,	15,	0.3
20,	2,	1,	3,	5,	uso_300ms_86.wav,	6,	336,	9.3,	6.983246088027954,	15,	0.3
20,	2,	1,	3,	6,	uso_300ms_7.wav,	9,	288,	7.7,	7.087894678115845,	15,	0.3
20,	2,	1,	3,	7,	uso_300ms_61.wav,	7,	331,	9.13,	5.385179281234741,	15,	0.3
20,	2,	1,	3,	8,	uso_300ms_12.wav,	6,	257,	6.67,	8.572118282318115,	15,	0.3
20,	2,	1,	3,	9,	uso_300ms_11.wav,	8,	275,	7.27,	9.139032125473022,	15,	0.3
20,	2,	1,	3,	10,	uso_300ms_44.wav,	5,	397,	11.33,	5.666684150695801,	15,	0.3
20,	2,	1,	3,	11,	uso_300ms_61.wav,	6,	345,	9.6,	7.604058027267456,	15,	0.3
20,	2,	1,	3,	12,	uso_300ms_24.wav,	5,	279,	7.4,	6.667004108428955,	15,	0.3
20,	2,	1,	3,	13,	uso_300ms_99.wav,	7,	257,	6.67,	5.775368690490723,	15,	0.3
20,	2,	1,	3,	14,	uso_300ms_53.wav,	8,	342,	9.5,	5.509267330169678,	15,	0.3
20,	2,	1,	3,	15,	uso_300ms_72.wav,	9,	317,	8.67,	5.8547186851501465,	15,	0.3
20,	2,	1,	3,	16,	uso_300ms_66.wav,	6,	390,	11.1,	5.079565048217773,	15,	0.3
20,	2,	1,	3,	17,	uso_300ms_88.wav,	8,	277,	7.33,	5.682184219360352,	15,	0.3
20,	2,	1,	3,	18,	uso_300ms_12.wav,	7,	223,	5.53,	8.80653715133667,	15,	0.3
20,	2,	1,	3,	19,	uso_300ms_99.wav,	5,	181,	4.13,	2.8309438228607178,	15,	0.3
20,	2,	1,	3,	20,	uso_300ms_14.wav,	9,	314,	8.57,	5.642180919647217,	15,	0.3
20,	2,	1,	3,	21,	uso_300ms_59.wav,	6,	238,	6.03,	4.630300521850586,	15,	0.3
20,	2,	1,	3,	22,	uso_300ms_4.wav,	5,	181,	4.13,	4.849352598190308,	15,	0.3
20,	2,	1,	3,	23,	uso_300ms_34.wav,	9,	272,	7.17,	5.454664945602417,	15,	0.3
20,	2,	1,	3,	24,	uso_300ms_22.wav,	8,	343,	9.53,	3.8842649459838867,	15,	0.3
20,	2,	1,	3,	25,	uso_300ms_72.wav,	7,	286,	7.63,	6.641732454299927,	15,	0.3
20,	2,	1,	3,	26,	uso_300ms_34.wav,	8,	389,	11.07,	5.232435941696167,	15,	0.3
20,	2,	1,	3,	27,	uso_300ms_95.wav,	7,	261,	6.8,	4.39132022857666,	15,	0.3
20,	2,	1,	3,	28,	uso_300ms_48.wav,	9,	314,	8.57,	3.7902445793151855,	15,	0.3
20,	2,	1,	3,	29,	uso_300ms_46.wav,	5,	257,	6.67,	3.605576992034912,	15,	0.3
20,	2,	1,	3,	30,	uso_300ms_43.wav,	6,	229,	5.73,	2.476388692855835,	15,	0.3
20,	2,	1,	3,	31,	uso_300ms_78.wav,	5,	327,	9.0,	3.2736058235168457,	15,	0.3
20,	2,	1,	3,	32,	uso_300ms_30.wav,	8,	265,	6.93,	5.447778701782227,	15,	0.3
20,	2,	1,	3,	33,	uso_300ms_76.wav,	9,	336,	9.3,	5.240463972091675,	15,	0.3
20,	2,	1,	3,	34,	uso_300ms_52.wav,	6,	244,	6.23,	3.637862205505371,	15,	0.3
20,	2,	1,	3,	35,	uso_300ms_72.wav,	7,	273,	7.2,	3.8648364543914795,	15,	0.3
20,	2,	1,	3,	36,	uso_300ms_98.wav,	6,	229,	5.73,	6.121174573898315,	15,	0.3
20,	2,	1,	3,	37,	uso_300ms_92.wav,	9,	332,	9.17,	5.71587610244751,	15,	0.3
20,	2,	1,	3,	38,	uso_300ms_71.wav,	8,	244,	6.23,	8.620644807815552,	15,	0.3
20,	2,	1,	3,	39,	uso_300ms_76.wav,	5,	244,	6.23,	4.678140163421631,	15,	0.3
20,	2,	1,	3,	40,	uso_300ms_60.wav,	7,	254,	6.57,	8.243585109710693,	15,	0.3
20,	2,	1,	3,	41,	uso_300ms_12.wav,	6,	205,	4.93,	3.926825523376465,	15,	0.3
20,	2,	1,	3,	42,	uso_300ms_64.wav,	9,	315,	8.6,	4.501881837844849,	15,	0.3
20,	2,	1,	3,	43,	uso_300ms_66.wav,	8,	344,	9.57,	5.980978012084961,	15,	0.3
20,	2,	1,	3,	44,	uso_300ms_74.wav,	5,	286,	7.63,	7.4876549243927,	15,	0.3
20,	2,	1,	3,	45,	uso_300ms_3.wav,	7,	233,	5.87,	8.04072117805481,	15,	0.3
20,	2,	1,	3,	46,	uso_300ms_61.wav,	6,	193,	4.53,	3.5171921253204346,	15,	0.3
20,	2,	1,	3,	47,	uso_300ms_57.wav,	9,	386,	10.97,	4.333408832550049,	15,	0.3
20,	2,	1,	3,	48,	uso_300ms_43.wav,	5,	200,	4.77,	6.546666145324707,	15,	0.3
20,	2,	1,	3,	49,	uso_300ms_73.wav,	8,	362,	10.17,	5.577310085296631,	15,	0.3
20,	2,	1,	3,	50,	uso_300ms_49.wav,	7,	240,	6.1,	4.412088632583618,	15,	0.3
20,	2,	1,	3,	51,	uso_300ms_100.wav,	6,	264,	6.9,	5.698175668716431,	15,	0.3
20,	2,	1,	3,	52,	uso_300ms_53.wav,	5,	312,	8.5,	4.454213619232178,	15,	0.3
20,	2,	1,	3,	53,	uso_300ms_36.wav,	9,	333,	9.2,	4.424839019775391,	15,	0.3
20,	2,	1,	3,	54,	uso_300ms_60.wav,	7,	214,	5.23,	4.804458141326904,	15,	0.3
20,	2,	1,	3,	55,	uso_300ms_63.wav,	8,	277,	7.33,	4.314218997955322,	15,	0.3
20,	2,	1,	3,	56,	uso_300ms_88.wav,	9,	354,	9.9,	4.479372262954712,	15,	0.3
20,	2,	1,	3,	57,	uso_300ms_19.wav,	6,	308,	8.37,	4.173863172531128,	15,	0.3
20,	2,	1,	3,	58,	uso_300ms_61.wav,	5,	210,	5.1,	6.086726427078247,	15,	0.3
20,	2,	1,	3,	59,	uso_300ms_33.wav,	8,	404,	11.57,	4.757223606109619,	15,	0.3
20,	2,	1,	3,	60,	uso_300ms_86.wav,	7,	305,	8.27,	8.031021356582642,	15,	0.3
20,	2,	1,	3,	61,	uso_300ms_61.wav,	8,	347,	9.67,	5.34333872795105,	15,	0.3
20,	2,	1,	3,	62,	uso_300ms_77.wav,	7,	377,	10.67,	4.438128232955933,	15,	0.3
20,	2,	1,	3,	63,	uso_300ms_64.wav,	5,	389,	11.07,	10.11974573135376,	15,	0.3
20,	2,	1,	3,	64,	uso_300ms_5.wav,	6,	242,	6.17,	6.358806610107422,	15,	0.3
20,	2,	1,	3,	65,	uso_300ms_73.wav,	9,	430,	12.43,	5.395437717437744,	15,	0.3
20,	2,	1,	3,	66,	uso_300ms_26.wav,	7,	172,	3.83,	6.954519510269165,	15,	0.3
20,	2,	1,	3,	67,	uso_300ms_88.wav,	9,	336,	9.3,	4.956845283508301,	15,	0.3
20,	2,	1,	3,	68,	uso_300ms_74.wav,	5,	195,	4.6,	3.9998931884765625,	15,	0.3
20,	2,	1,	3,	69,	uso_300ms_8.wav,	6,	228,	5.7,	4.98167610168457,	15,	0.3
20,	2,	1,	3,	70,	uso_300ms_84.wav,	8,	373,	10.53,	3.8287405967712402,	15,	0.3
20,	2,	1,	3,	71,	uso_300ms_20.wav,	6,	233,	5.87,	5.04570746421814,	15,	0.3
20,	2,	1,	3,	72,	uso_300ms_95.wav,	5,	193,	4.53,	4.043253660202026,	15,	0.3
20,	2,	1,	3,	73,	uso_300ms_39.wav,	7,	275,	7.27,	4.8440210819244385,	15,	0.3
20,	2,	1,	3,	74,	uso_300ms_69.wav,	9,	325,	8.93,	3.9260432720184326,	15,	0.3
20,	2,	1,	3,	75,	uso_300ms_11.wav,	8,	272,	7.17,	6.605005741119385,	15,	0.3
