sub_id,cond_id,block_id,task_id,event_id,stim_id,speaker_id,led_id,led_distance,response_time,n_reps,isi
20,	2,	3,	3,	1,	uso_300ms_68.wav,	9,	435.71548900000005,	12.62,	nan,	90,	2
20,	2,	3,	3,	2,	uso_300ms_25.wav,	5,	129.56451799999996,	2.42,	nan,	90,	2
20,	2,	3,	3,	3,	uso_300ms_21.wav,	5,	230.68179300000023,	5.79,	nan,	90,	2
20,	2,	3,	3,	4,	uso_300ms_90.wav,	7,	331.3243980000003,	9.14,	nan,	90,	2
20,	2,	3,	3,	5,	uso_300ms_63.wav,	9,	431.8821909999999,	12.5,	nan,	90,	2
20,	2,	3,	3,	6,	uso_300ms_16.wav,	9,	443.54697700000014,	12.88,	nan,	90,	2
20,	2,	3,	3,	7,	uso_300ms_23.wav,	6,	307.93918299999973,	8.36,	nan,	90,	2
20,	2,	3,	3,	8,	uso_300ms_1.wav,	5,	218.18804599999976,	5.37,	nan,	90,	2
20,	2,	3,	3,	9,	uso_300ms_69.wav,	5,	125.90054999999978,	2.3,	nan,	90,	2
20,	2,	3,	3,	10,	uso_300ms_32.wav,	5,	143.043977,	2.87,	nan,	90,	2
20,	2,	3,	3,	11,	uso_300ms_3.wav,	5,	143.043977,	2.87,	nan,	90,	2
20,	2,	3,	3,	12,	uso_300ms_9.wav,	5,	239.648121,	6.09,	nan,	90,	2
20,	2,	3,	3,	13,	uso_300ms_55.wav,	5,	119.29115000000003,	2.08,	nan,	90,	2
20,	2,	3,	3,	14,	uso_300ms_69.wav,	9,	442.0191360000003,	12.83,	nan,	90,	2
20,	2,	3,	3,	15,	uso_300ms_55.wav,	5,	247.22177800000026,	6.34,	nan,	90,	2
20,	2,	3,	3,	16,	uso_300ms_92.wav,	5,	169.77490500000025,	3.76,	nan,	90,	2
20,	2,	3,	3,	17,	uso_300ms_37.wav,	5,	110.69024300000048,	1.79,	nan,	90,	2
20,	2,	3,	3,	18,	uso_300ms_9.wav,	9,	421.02800499999995,	12.13,	nan,	90,	2
20,	2,	3,	3,	19,	uso_300ms_88.wav,	9,	450.7705290000001,	13.13,	nan,	90,	2
20,	2,	3,	3,	20,	uso_300ms_23.wav,	8,	357.08998399999984,	10.0,	nan,	90,	2
20,	2,	3,	3,	21,	uso_300ms_49.wav,	7,	316.02593299999984,	8.63,	nan,	90,	2
20,	2,	3,	3,	22,	uso_300ms_88.wav,	5,	281.1295469999997,	7.47,	nan,	90,	2
20,	2,	3,	3,	23,	uso_300ms_88.wav,	5,	228.59649299999958,	5.72,	nan,	90,	2
20,	2,	3,	3,	24,	uso_300ms_81.wav,	5,	192.2107519999995,	4.51,	nan,	90,	2
20,	2,	3,	3,	25,	uso_300ms_69.wav,	9,	435.4141039999994,	12.61,	nan,	90,	2
20,	2,	3,	3,	26,	uso_300ms_10.wav,	9,	450.1475709999995,	13.1,	nan,	90,	2
20,	2,	3,	3,	27,	uso_300ms_67.wav,	9,	413.6135419999995,	11.89,	nan,	90,	2
20,	2,	3,	3,	28,	uso_300ms_40.wav,	8,	345.80001999999956,	9.63,	nan,	90,	2
20,	2,	3,	3,	29,	uso_300ms_93.wav,	7,	314.5990109999989,	8.59,	nan,	90,	2
20,	2,	3,	3,	30,	uso_300ms_46.wav,	6,	295.00356099999885,	7.93,	nan,	90,	2
20,	2,	3,	3,	31,	uso_300ms_77.wav,	5,	268.4308819999991,	7.05,	nan,	90,	2
20,	2,	3,	3,	32,	uso_300ms_46.wav,	9,	450.026183999999,	13.1,	nan,	90,	2
20,	2,	3,	3,	33,	uso_300ms_86.wav,	7,	335.396759999999,	9.28,	nan,	90,	2
20,	2,	3,	3,	34,	uso_300ms_10.wav,	9,	451.22093699999886,	13.14,	nan,	90,	2
20,	2,	3,	3,	35,	uso_300ms_17.wav,	6,	291.916245999999,	7.83,	nan,	90,	2
20,	2,	3,	3,	36,	uso_300ms_26.wav,	5,	274.77061399999894,	7.26,	nan,	90,	2
20,	2,	3,	3,	37,	uso_300ms_57.wav,	5,	259.0058439999989,	6.73,	nan,	90,	2
20,	2,	3,	3,	38,	uso_300ms_52.wav,	8,	364.1602149999988,	10.24,	nan,	90,	2
20,	2,	3,	3,	39,	uso_300ms_5.wav,	5,	137.83847599999882,	2.69,	nan,	90,	2
20,	2,	3,	3,	40,	uso_300ms_27.wav,	9,	432.45283799999913,	12.52,	nan,	90,	2
20,	2,	3,	3,	41,	uso_300ms_11.wav,	9,	397.71321699999896,	11.36,	nan,	90,	2
20,	2,	3,	3,	42,	uso_300ms_9.wav,	9,	451.8146699999987,	13.16,	nan,	90,	2
20,	2,	3,	3,	43,	uso_300ms_95.wav,	8,	368.7153529999984,	10.39,	nan,	90,	2
20,	2,	3,	3,	44,	uso_300ms_65.wav,	7,	332.3286739999977,	9.18,	nan,	90,	2
20,	2,	3,	3,	45,	uso_300ms_93.wav,	7,	312.99835599999756,	8.53,	nan,	90,	2
20,	2,	3,	3,	46,	uso_300ms_69.wav,	5,	255.96283899999696,	6.63,	nan,	90,	2
20,	2,	3,	3,	47,	uso_300ms_13.wav,	5,	247.508931999997,	6.35,	nan,	90,	2
20,	2,	3,	3,	48,	uso_300ms_97.wav,	7,	330.12725099999676,	9.1,	nan,	90,	2
20,	2,	3,	3,	49,	uso_300ms_92.wav,	9,	379.7221949999968,	10.76,	nan,	90,	2
20,	2,	3,	3,	50,	uso_300ms_40.wav,	9,	392.55880199999694,	11.19,	nan,	90,	2
20,	2,	3,	3,	51,	uso_300ms_50.wav,	8,	352.9488259999967,	9.86,	nan,	90,	2
20,	2,	3,	3,	52,	uso_300ms_65.wav,	7,	329.1449549999967,	9.07,	nan,	90,	2
20,	2,	3,	3,	53,	uso_300ms_31.wav,	5,	274.59569099999646,	7.25,	nan,	90,	2
20,	2,	3,	3,	54,	uso_300ms_91.wav,	5,	197.47681699999654,	4.68,	nan,	90,	2
20,	2,	3,	3,	55,	uso_300ms_19.wav,	5,	107.15164499999675,	1.67,	nan,	90,	2
20,	2,	3,	3,	56,	uso_300ms_97.wav,	9,	442.7667289999969,	12.86,	nan,	90,	2
20,	2,	3,	3,	57,	uso_300ms_14.wav,	9,	392.1693639999968,	11.17,	nan,	90,	2
20,	2,	3,	3,	58,	uso_300ms_63.wav,	7,	330.92921299999654,	9.13,	nan,	90,	2
20,	2,	3,	3,	59,	uso_300ms_69.wav,	7,	327.6549209999975,	9.02,	nan,	90,	2
20,	2,	3,	3,	60,	uso_300ms_11.wav,	5,	270.8462949999975,	7.13,	nan,	90,	2
20,	2,	3,	3,	61,	uso_300ms_88.wav,	5,	271.1626319999974,	7.14,	nan,	90,	2
20,	2,	3,	3,	62,	uso_300ms_70.wav,	8,	362.7025139999976,	10.19,	nan,	90,	2
20,	2,	3,	3,	63,	uso_300ms_57.wav,	8,	364.00752399999783,	10.23,	nan,	90,	2
20,	2,	3,	3,	64,	uso_300ms_93.wav,	9,	450.3941739999975,	13.11,	nan,	90,	2
20,	2,	3,	3,	65,	uso_300ms_84.wav,	9,	430.82880999999736,	12.46,	nan,	90,	2
20,	2,	3,	3,	66,	uso_300ms_12.wav,	9,	372.6784239999975,	10.52,	nan,	90,	2
20,	2,	3,	3,	67,	uso_300ms_46.wav,	8,	344.35927999999717,	9.58,	nan,	90,	2
20,	2,	3,	3,	68,	uso_300ms_56.wav,	7,	316.80148399999683,	8.66,	nan,	90,	2
20,	2,	3,	3,	69,	uso_300ms_42.wav,	7,	316.4406619999968,	8.65,	nan,	90,	2
20,	2,	3,	3,	70,	uso_300ms_57.wav,	5,	267.44213899999664,	7.01,	nan,	90,	2
20,	2,	3,	3,	71,	uso_300ms_3.wav,	5,	267.4617739999968,	7.02,	nan,	90,	2
20,	2,	3,	3,	72,	uso_300ms_16.wav,	9,	450.86376199999796,	13.13,	nan,	90,	2
20,	2,	3,	3,	73,	uso_300ms_99.wav,	9,	450.86376199999796,	13.13,	nan,	90,	2
20,	2,	3,	3,	74,	uso_300ms_77.wav,	9,	378.54052499999773,	10.72,	nan,	90,	2
20,	2,	3,	3,	75,	uso_300ms_28.wav,	5,	235.06394699999768,	5.94,	nan,	90,	2
20,	2,	3,	3,	76,	uso_300ms_93.wav,	5,	223.6948689999972,	5.56,	nan,	90,	2
20,	2,	3,	3,	77,	uso_300ms_72.wav,	9,	372.5518709999972,	10.52,	nan,	90,	2
20,	2,	3,	3,	78,	uso_300ms_69.wav,	7,	337.4347889999975,	9.35,	nan,	90,	2
20,	2,	3,	3,	79,	uso_300ms_64.wav,	6,	284.84609199999807,	7.59,	nan,	90,	2
20,	2,	3,	3,	80,	uso_300ms_57.wav,	5,	260.78515999999763,	6.79,	nan,	90,	2
20,	2,	3,	3,	81,	uso_300ms_85.wav,	5,	252.9282409999976,	6.53,	nan,	90,	2
20,	2,	3,	3,	82,	uso_300ms_61.wav,	8,	364.4705249999982,	10.25,	nan,	90,	2
20,	2,	3,	3,	83,	uso_300ms_36.wav,	9,	390.4268959999987,	11.11,	nan,	90,	2
20,	2,	3,	3,	84,	uso_300ms_66.wav,	8,	344.33820299999843,	9.58,	nan,	90,	2
20,	2,	3,	3,	85,	uso_300ms_95.wav,	7,	331.0805249999981,	9.14,	nan,	90,	2
20,	2,	3,	3,	86,	uso_300ms_83.wav,	7,	315.9300329999976,	8.63,	nan,	90,	2
20,	2,	3,	3,	87,	uso_300ms_59.wav,	5,	267.7947219999974,	7.03,	nan,	90,	2
20,	2,	3,	3,	88,	uso_300ms_85.wav,	5,	267.8158899999973,	7.03,	nan,	90,	2
20,	2,	3,	3,	89,	uso_300ms_100.wav,	9,	440.22443399999725,	12.77,	nan,	90,	2
20,	2,	3,	3,	90,	uso_300ms_85.wav,	9,	440.23496199999727,	12.77,	nan,	90,	2
