sub_id,cond_id,block_id,task_id,event_id,stim_id,speaker_id,led_id,led_distance,response_time,n_reps,isi
01,	1,	3,	2,	1,	uso_300ms_44.wav,	1,	90,	1.1,	nan,	90,	2
01,	1,	3,	2,	2,	uso_300ms_12.wav,	1,	90.06268500000002,	1.1,	nan,	90,	2
01,	1,	3,	2,	3,	uso_300ms_1.wav,	4,	233.908443,	5.9,	nan,	90,	2
01,	1,	3,	2,	4,	uso_300ms_96.wav,	5,	298.10433000000006,	8.04,	nan,	90,	2
01,	1,	3,	2,	5,	uso_300ms_20.wav,	5,	397.4381100000001,	11.35,	nan,	90,	2
01,	1,	3,	2,	6,	uso_300ms_4.wav,	5,	307.3657430000001,	8.35,	nan,	90,	2
01,	1,	3,	2,	7,	uso_300ms_80.wav,	4,	233.2867660000001,	5.88,	nan,	90,	2
01,	1,	3,	2,	8,	uso_300ms_22.wav,	1,	133.1137770000001,	2.54,	nan,	90,	2
01,	1,	3,	2,	9,	uso_300ms_47.wav,	1,	107.1942540000001,	1.67,	nan,	90,	2
01,	1,	3,	2,	10,	uso_300ms_89.wav,	2,	182.9097750000001,	4.2,	nan,	90,	2
01,	1,	3,	2,	11,	uso_300ms_35.wav,	3,	220.79030300000014,	5.46,	nan,	90,	2
01,	1,	3,	2,	12,	uso_300ms_23.wav,	5,	252.93494700000014,	6.53,	nan,	90,	2
01,	1,	3,	2,	13,	uso_300ms_2.wav,	5,	286.76894300000015,	7.66,	nan,	90,	2
01,	1,	3,	2,	14,	uso_300ms_35.wav,	5,	320.0279100000002,	8.77,	nan,	90,	2
01,	1,	3,	2,	15,	uso_300ms_16.wav,	5,	371.75956900000017,	10.49,	nan,	90,	2
01,	1,	3,	2,	16,	uso_300ms_51.wav,	5,	420.1411750000002,	12.1,	nan,	90,	2
01,	1,	3,	2,	17,	uso_300ms_100.wav,	5,	389.77574900000025,	11.09,	nan,	90,	2
01,	1,	3,	2,	18,	uso_300ms_10.wav,	4,	245.43557400000017,	6.28,	nan,	90,	2
01,	1,	3,	2,	19,	uso_300ms_76.wav,	2,	187.90454100000017,	4.36,	nan,	90,	2
01,	1,	3,	2,	20,	uso_300ms_51.wav,	1,	149.62728100000015,	3.09,	nan,	90,	2
01,	1,	3,	2,	21,	uso_300ms_99.wav,	1,	128.30820700000015,	2.38,	nan,	90,	2
01,	1,	3,	2,	22,	uso_300ms_80.wav,	1,	98.95042400000017,	1.4,	nan,	90,	2
01,	1,	3,	2,	23,	uso_300ms_93.wav,	3,	208.19662400000016,	5.04,	nan,	90,	2
01,	1,	3,	2,	24,	uso_300ms_6.wav,	4,	232.26295300000018,	5.84,	nan,	90,	2
01,	1,	3,	2,	25,	uso_300ms_15.wav,	5,	260.1465850000002,	6.77,	nan,	90,	2
01,	1,	3,	2,	26,	uso_300ms_8.wav,	5,	296.1224060000003,	7.97,	nan,	90,	2
01,	1,	3,	2,	27,	uso_300ms_64.wav,	5,	348.1026840000003,	9.7,	nan,	90,	2
01,	1,	3,	2,	28,	uso_300ms_88.wav,	5,	394.03683800000033,	11.23,	nan,	90,	2
01,	1,	3,	2,	29,	uso_300ms_31.wav,	5,	433.8890280000004,	12.56,	nan,	90,	2
01,	1,	3,	2,	30,	uso_300ms_5.wav,	5,	437.44807300000036,	12.68,	nan,	90,	2
01,	1,	3,	2,	31,	uso_300ms_12.wav,	5,	404.4087590000003,	11.58,	nan,	90,	2
01,	1,	3,	2,	32,	uso_300ms_48.wav,	5,	343.92662400000034,	9.56,	nan,	90,	2
01,	1,	3,	2,	33,	uso_300ms_54.wav,	5,	280.9555480000003,	7.47,	nan,	90,	2
01,	1,	3,	2,	34,	uso_300ms_63.wav,	4,	235.00192700000034,	5.93,	nan,	90,	2
01,	1,	3,	2,	35,	uso_300ms_26.wav,	3,	201.35547500000033,	4.81,	nan,	90,	2
01,	1,	3,	2,	36,	uso_300ms_19.wav,	2,	165.99576600000034,	3.63,	nan,	90,	2
01,	1,	3,	2,	37,	uso_300ms_96.wav,	1,	132.81834900000032,	2.53,	nan,	90,	2
01,	1,	3,	2,	38,	uso_300ms_30.wav,	5,	344.19134300000036,	9.57,	nan,	90,	2
01,	1,	3,	2,	39,	uso_300ms_33.wav,	5,	326.24321000000043,	8.97,	nan,	90,	2
01,	1,	3,	2,	40,	uso_300ms_55.wav,	5,	417.8531690000005,	12.03,	nan,	90,	2
01,	1,	3,	2,	41,	uso_300ms_2.wav,	5,	317.12631900000054,	8.67,	nan,	90,	2
01,	1,	3,	2,	42,	uso_300ms_71.wav,	4,	251.36905400000052,	6.48,	nan,	90,	2
01,	1,	3,	2,	43,	uso_300ms_59.wav,	3,	216.9319660000005,	5.33,	nan,	90,	2
01,	1,	3,	2,	44,	uso_300ms_10.wav,	2,	175.2044270000005,	3.94,	nan,	90,	2
01,	1,	3,	2,	45,	uso_300ms_93.wav,	1,	136.95106500000045,	2.67,	nan,	90,	2
01,	1,	3,	2,	46,	uso_300ms_1.wav,	1,	112.11904800000048,	1.84,	nan,	90,	2
01,	1,	3,	2,	47,	uso_300ms_71.wav,	1,	89.34377100000044,	1.08,	nan,	90,	2
01,	1,	3,	2,	48,	uso_300ms_45.wav,	3,	201.80993600000048,	4.83,	nan,	90,	2
01,	1,	3,	2,	49,	uso_300ms_11.wav,	5,	355.5470440000005,	9.95,	nan,	90,	2
01,	1,	3,	2,	50,	uso_300ms_53.wav,	5,	355.5470440000005,	9.95,	nan,	90,	2
01,	1,	3,	2,	51,	uso_300ms_67.wav,	5,	380.7662870000005,	10.79,	nan,	90,	2
01,	1,	3,	2,	52,	uso_300ms_62.wav,	5,	349.3599470000005,	9.75,	nan,	90,	2
01,	1,	3,	2,	53,	uso_300ms_60.wav,	5,	313.4616930000004,	8.55,	nan,	90,	2
01,	1,	3,	2,	54,	uso_300ms_84.wav,	4,	251.03304000000043,	6.47,	nan,	90,	2
01,	1,	3,	2,	55,	uso_300ms_26.wav,	3,	209.10619000000042,	5.07,	nan,	90,	2
01,	1,	3,	2,	56,	uso_300ms_99.wav,	2,	166.8870200000004,	3.66,	nan,	90,	2
01,	1,	3,	2,	57,	uso_300ms_23.wav,	5,	351.2671390000004,	9.81,	nan,	90,	2
01,	1,	3,	2,	58,	uso_300ms_9.wav,	5,	281.5533270000004,	7.49,	nan,	90,	2
01,	1,	3,	2,	59,	uso_300ms_73.wav,	3,	218.37146000000035,	5.38,	nan,	90,	2
01,	1,	3,	2,	60,	uso_300ms_38.wav,	2,	176.25595300000046,	3.98,	nan,	90,	2
01,	1,	3,	2,	61,	uso_300ms_83.wav,	1,	137.89537200000044,	2.7,	nan,	90,	2
01,	1,	3,	2,	62,	uso_300ms_49.wav,	1,	112.08796800000044,	1.84,	nan,	90,	2
01,	1,	3,	2,	63,	uso_300ms_72.wav,	5,	337.98161500000043,	9.37,	nan,	90,	2
01,	1,	3,	2,	64,	uso_300ms_20.wav,	5,	300.95428900000036,	8.13,	nan,	90,	2
01,	1,	3,	2,	65,	uso_300ms_48.wav,	5,	257.2314350000004,	6.67,	nan,	90,	2
01,	1,	3,	2,	66,	uso_300ms_38.wav,	3,	208.76631200000034,	5.06,	nan,	90,	2
01,	1,	3,	2,	67,	uso_300ms_23.wav,	1,	151.00318700000034,	3.13,	nan,	90,	2
01,	1,	3,	2,	68,	uso_300ms_71.wav,	4,	225.6725300000003,	5.62,	nan,	90,	2
01,	1,	3,	2,	69,	uso_300ms_4.wav,	5,	352.86022700000035,	9.86,	nan,	90,	2
01,	1,	3,	2,	70,	uso_300ms_16.wav,	5,	332.80076100000036,	9.19,	nan,	90,	2
01,	1,	3,	2,	71,	uso_300ms_49.wav,	4,	226.18678500000038,	5.64,	nan,	90,	2
01,	1,	3,	2,	72,	uso_300ms_2.wav,	2,	165.76998800000038,	3.63,	nan,	90,	2
01,	1,	3,	2,	73,	uso_300ms_38.wav,	1,	121.37759100000038,	2.15,	nan,	90,	2
01,	1,	3,	2,	74,	uso_300ms_31.wav,	3,	194.49754000000038,	4.58,	nan,	90,	2
01,	1,	3,	2,	75,	uso_300ms_1.wav,	5,	331.9782820000004,	9.17,	nan,	90,	2
01,	1,	3,	2,	76,	uso_300ms_45.wav,	4,	245.77869300000032,	6.29,	nan,	90,	2
01,	1,	3,	2,	77,	uso_300ms_53.wav,	5,	324.0254490000003,	8.9,	nan,	90,	2
01,	1,	3,	2,	78,	uso_300ms_18.wav,	4,	249.4888960000003,	6.42,	nan,	90,	2
01,	1,	3,	2,	79,	uso_300ms_96.wav,	5,	347.12064000000026,	9.67,	nan,	90,	2
01,	1,	3,	2,	80,	uso_300ms_3.wav,	5,	257.7175570000002,	6.69,	nan,	90,	2
01,	1,	3,	2,	81,	uso_300ms_16.wav,	2,	191.68889500000023,	4.49,	nan,	90,	2
01,	1,	3,	2,	82,	uso_300ms_40.wav,	1,	133.3249460000002,	2.54,	nan,	90,	2
01,	1,	3,	2,	83,	uso_300ms_2.wav,	3,	197.11142400000026,	4.67,	nan,	90,	2
01,	1,	3,	2,	84,	uso_300ms_2.wav,	1,	140.50119900000024,	2.78,	nan,	90,	2
01,	1,	3,	2,	85,	uso_300ms_78.wav,	5,	347.4520480000003,	9.68,	nan,	90,	2
01,	1,	3,	2,	86,	uso_300ms_95.wav,	4,	239.6795160000003,	6.09,	nan,	90,	2
01,	1,	3,	2,	87,	uso_300ms_49.wav,	5,	354.5366990000004,	9.92,	nan,	90,	2
01,	1,	3,	2,	88,	uso_300ms_3.wav,	4,	246.00526200000039,	6.3,	nan,	90,	2
01,	1,	3,	2,	89,	uso_300ms_59.wav,	3,	215.28163900000038,	5.28,	nan,	90,	2
01,	1,	3,	2,	90,	uso_300ms_57.wav,	1,	131.4736630000004,	2.48,	nan,	90,	2
