sub_id,cond_id,block_id,task_id,event_id,stim_id,speaker_id,led_id,led_distance,response_time,n_reps,isi
01,	1,	1,	2,	1,	uso_300ms_57.wav,	1,	157,	3.33,	19.743349075317383,	15,	0.3
01,	1,	1,	2,	2,	uso_300ms_5.wav,	2,	199,	4.73,	6.244308710098267,	15,	0.3
01,	1,	1,	2,	3,	uso_300ms_8.wav,	5,	298,	8.03,	5.468492031097412,	15,	0.3
01,	1,	1,	2,	4,	uso_300ms_26.wav,	4,	377,	10.67,	6.257547855377197,	15,	0.3
01,	1,	1,	2,	5,	uso_300ms_46.wav,	3,	410,	11.77,	5.066758394241333,	15,	0.3
01,	1,	1,	2,	6,	uso_300ms_40.wav,	5,	438,	12.7,	4.582750558853149,	15,	0.3
01,	1,	1,	2,	7,	uso_300ms_46.wav,	2,	436,	12.63,	5.248446226119995,	15,	0.3
01,	1,	1,	2,	8,	uso_300ms_23.wav,	3,	433,	12.53,	5.359332799911499,	15,	0.3
01,	1,	1,	2,	9,	uso_300ms_23.wav,	1,	267,	7.0,	5.929108142852783,	15,	0.3
01,	1,	1,	2,	10,	uso_300ms_15.wav,	4,	402,	11.5,	6.333096504211426,	15,	0.3
01,	1,	1,	2,	11,	uso_300ms_26.wav,	3,	312,	8.5,	8.760848760604858,	15,	0.3
01,	1,	1,	2,	12,	uso_300ms_41.wav,	1,	214,	5.23,	5.774306535720825,	15,	0.3
01,	1,	1,	2,	13,	uso_300ms_85.wav,	2,	308,	8.37,	5.356212854385376,	15,	0.3
01,	1,	1,	2,	14,	uso_300ms_39.wav,	4,	389,	11.07,	5.728209972381592,	15,	0.3
01,	1,	1,	2,	15,	uso_300ms_25.wav,	5,	410,	11.77,	2.2129294872283936,	15,	0.3
01,	1,	1,	2,	16,	uso_300ms_3.wav,	3,	435,	12.6,	2.949514627456665,	15,	0.3
01,	1,	1,	2,	17,	uso_300ms_8.wav,	1,	190,	4.43,	3.709688186645508,	15,	0.3
01,	1,	1,	2,	18,	uso_300ms_9.wav,	5,	239,	6.07,	5.433892726898193,	15,	0.3
01,	1,	1,	2,	19,	uso_300ms_60.wav,	4,	199,	4.73,	4.786420106887817,	15,	0.3
01,	1,	1,	2,	20,	uso_300ms_88.wav,	2,	174,	3.9,	2.528538227081299,	15,	0.3
01,	1,	1,	2,	21,	uso_300ms_85.wav,	1,	162,	3.5,	4.502899646759033,	15,	0.3
01,	1,	1,	2,	22,	uso_300ms_56.wav,	2,	275,	7.27,	4.6382927894592285,	15,	0.3
01,	1,	1,	2,	23,	uso_300ms_32.wav,	4,	365,	10.27,	3.240227699279785,	15,	0.3
01,	1,	1,	2,	24,	uso_300ms_32.wav,	3,	396,	11.3,	4.830767393112183,	15,	0.3
01,	1,	1,	2,	25,	uso_300ms_52.wav,	5,	412,	11.83,	3.0095057487487793,	15,	0.3
01,	1,	1,	2,	26,	uso_300ms_73.wav,	2,	225,	5.6,	6.084737062454224,	15,	0.3
01,	1,	1,	2,	27,	uso_300ms_47.wav,	1,	150,	3.1,	3.20664119720459,	15,	0.3
01,	1,	1,	2,	28,	uso_300ms_15.wav,	5,	325,	8.93,	4.487577676773071,	15,	0.3
01,	1,	1,	2,	29,	uso_300ms_23.wav,	3,	217,	5.33,	3.389683723449707,	15,	0.3
01,	1,	1,	2,	30,	uso_300ms_76.wav,	4,	374,	10.57,	6.044925689697266,	15,	0.3
01,	1,	1,	2,	31,	uso_300ms_30.wav,	5,	405,	11.6,	2.7867050170898438,	15,	0.3
01,	1,	1,	2,	32,	uso_300ms_40.wav,	3,	189,	4.4,	4.460359334945679,	15,	0.3
01,	1,	1,	2,	33,	uso_300ms_10.wav,	2,	226,	5.63,	3.7878243923187256,	15,	0.3
01,	1,	1,	2,	34,	uso_300ms_85.wav,	4,	324,	8.9,	4.168704986572266,	15,	0.3
01,	1,	1,	2,	35,	uso_300ms_20.wav,	1,	175,	3.93,	3.128754138946533,	15,	0.3
01,	1,	1,	2,	36,	uso_300ms_78.wav,	5,	278,	7.37,	7.348973274230957,	15,	0.3
01,	1,	1,	2,	37,	uso_300ms_62.wav,	4,	239,	6.07,	4.995230674743652,	15,	0.3
01,	1,	1,	2,	38,	uso_300ms_80.wav,	3,	193,	4.53,	3.7937076091766357,	15,	0.3
01,	1,	1,	2,	39,	uso_300ms_33.wav,	2,	176,	3.97,	4.123481035232544,	15,	0.3
01,	1,	1,	2,	40,	uso_300ms_69.wav,	1,	151,	3.13,	3.1357765197753906,	15,	0.3
01,	1,	1,	2,	41,	uso_300ms_15.wav,	4,	308,	8.37,	3.8224592208862305,	15,	0.3
01,	1,	1,	2,	42,	uso_300ms_43.wav,	3,	216,	5.3,	3.47902774810791,	15,	0.3
01,	1,	1,	2,	43,	uso_300ms_99.wav,	5,	354,	9.9,	4.993948221206665,	15,	0.3
01,	1,	1,	2,	44,	uso_300ms_73.wav,	2,	248,	6.37,	4.631556034088135,	15,	0.3
01,	1,	1,	2,	45,	uso_300ms_9.wav,	1,	172,	3.83,	3.1149158477783203,	15,	0.3
01,	1,	1,	2,	46,	uso_300ms_56.wav,	5,	408,	11.7,	4.095107316970825,	15,	0.3
01,	1,	1,	2,	47,	uso_300ms_6.wav,	4,	215,	5.27,	5.568055152893066,	15,	0.3
01,	1,	1,	2,	48,	uso_300ms_78.wav,	3,	196,	4.63,	2.7027268409729004,	15,	0.3
01,	1,	1,	2,	49,	uso_300ms_4.wav,	1,	170,	3.77,	3.5800302028656006,	15,	0.3
01,	1,	1,	2,	50,	uso_300ms_98.wav,	2,	186,	4.3,	4.531702280044556,	15,	0.3
01,	1,	1,	2,	51,	uso_300ms_68.wav,	5,	287,	7.67,	3.8712384700775146,	15,	0.3
01,	1,	1,	2,	52,	uso_300ms_88.wav,	1,	209,	5.07,	3.0973660945892334,	15,	0.3
01,	1,	1,	2,	53,	uso_300ms_25.wav,	4,	194,	4.57,	3.6635897159576416,	15,	0.3
01,	1,	1,	2,	54,	uso_300ms_32.wav,	3,	236,	5.97,	4.122246265411377,	15,	0.3
01,	1,	1,	2,	55,	uso_300ms_44.wav,	2,	168,	3.7,	2.0535776615142822,	15,	0.3
01,	1,	1,	2,	56,	uso_300ms_38.wav,	1,	157,	3.33,	1.8854541778564453,	15,	0.3
01,	1,	1,	2,	57,	uso_300ms_4.wav,	4,	289,	7.73,	3.8378679752349854,	15,	0.3
01,	1,	1,	2,	58,	uso_300ms_48.wav,	5,	329,	9.07,	3.541778564453125,	15,	0.3
01,	1,	1,	2,	59,	uso_300ms_5.wav,	2,	221,	5.47,	3.5367488861083984,	15,	0.3
01,	1,	1,	2,	60,	uso_300ms_74.wav,	3,	192,	4.5,	3.3829739093780518,	15,	0.3
01,	1,	1,	2,	61,	uso_300ms_13.wav,	2,	209,	5.07,	4.651306867599487,	15,	0.3
01,	1,	1,	2,	62,	uso_300ms_66.wav,	1,	168,	3.7,	1.9524633884429932,	15,	0.3
01,	1,	1,	2,	63,	uso_300ms_33.wav,	4,	259,	6.73,	2.6164536476135254,	15,	0.3
01,	1,	1,	2,	64,	uso_300ms_18.wav,	3,	175,	3.93,	4.346327066421509,	15,	0.3
01,	1,	1,	2,	65,	uso_300ms_99.wav,	5,	320,	8.77,	3.2822632789611816,	15,	0.3
01,	1,	1,	2,	66,	uso_300ms_34.wav,	3,	208,	5.03,	4.985180377960205,	15,	0.3
01,	1,	1,	2,	67,	uso_300ms_83.wav,	5,	356,	9.97,	4.814863681793213,	15,	0.3
01,	1,	1,	2,	68,	uso_300ms_44.wav,	2,	214,	5.23,	5.369471311569214,	15,	0.3
01,	1,	1,	2,	69,	uso_300ms_68.wav,	1,	176,	3.97,	1.7122178077697754,	15,	0.3
01,	1,	1,	2,	70,	uso_300ms_50.wav,	4,	227,	5.67,	4.7503650188446045,	15,	0.3
01,	1,	1,	2,	71,	uso_300ms_73.wav,	1,	180,	4.1,	2.523299217224121,	15,	0.3
01,	1,	1,	2,	72,	uso_300ms_51.wav,	5,	377,	10.67,	5.440953016281128,	15,	0.3
01,	1,	1,	2,	73,	uso_300ms_95.wav,	2,	179,	4.07,	6.301154136657715,	15,	0.3
01,	1,	1,	2,	74,	uso_300ms_91.wav,	4,	335,	9.27,	3.7969560623168945,	15,	0.3
01,	1,	1,	2,	75,	uso_300ms_1.wav,	3,	373,	10.53,	2.6922857761383057,	15,	0.3
