sub_id,cond_id,block_id,task_id,event_id,stim_id,speaker_id,led_id,led_distance,response_time,n_reps,isi
01,	1,	4,	2,	1,	uso_300ms_22.wav,	1,	90,	1.1,	0.20090627670288086,	15,	0.3
01,	1,	4,	2,	2,	uso_300ms_60.wav,	2,	196,	4.63,	2.974433183670044,	15,	0.3
01,	1,	4,	2,	3,	uso_300ms_15.wav,	4,	343,	9.53,	2.932512044906616,	15,	0.3
01,	1,	4,	2,	4,	uso_300ms_86.wav,	3,	194,	4.57,	4.651326656341553,	15,	0.3
01,	1,	4,	2,	5,	uso_300ms_91.wav,	5,	332,	9.17,	2.532360792160034,	15,	0.3
01,	1,	4,	2,	6,	uso_300ms_1.wav,	3,	242,	6.17,	3.199018955230713,	15,	0.3
01,	1,	4,	2,	7,	uso_300ms_92.wav,	2,	161,	3.47,	2.46903133392334,	15,	0.3
01,	1,	4,	2,	8,	uso_300ms_12.wav,	4,	340,	9.43,	3.4286019802093506,	15,	0.3
01,	1,	4,	2,	9,	uso_300ms_85.wav,	5,	340,	9.43,	1.257744312286377,	15,	0.3
01,	1,	4,	2,	10,	uso_300ms_5.wav,	1,	238,	6.03,	2.725715398788452,	15,	0.3
01,	1,	4,	2,	11,	uso_300ms_18.wav,	3,	229,	5.73,	2.7010583877563477,	15,	0.3
01,	1,	4,	2,	12,	uso_300ms_72.wav,	2,	155,	3.27,	2.509174108505249,	15,	0.3
01,	1,	4,	2,	13,	uso_300ms_4.wav,	5,	347,	9.67,	2.65480375289917,	15,	0.3
01,	1,	4,	2,	14,	uso_300ms_30.wav,	1,	158,	3.37,	4.468989133834839,	15,	0.3
01,	1,	4,	2,	15,	uso_300ms_24.wav,	4,	258,	6.7,	3.346296548843384,	15,	0.3
01,	1,	4,	2,	16,	uso_300ms_6.wav,	1,	158,	3.37,	2.810718536376953,	15,	0.3
01,	1,	4,	2,	17,	uso_300ms_42.wav,	4,	336,	9.3,	2.89451265335083,	15,	0.3
01,	1,	4,	2,	18,	uso_300ms_21.wav,	3,	336,	9.3,	1.389976978302002,	15,	0.3
01,	1,	4,	2,	19,	uso_300ms_47.wav,	5,	226,	5.63,	2.4469082355499268,	15,	0.3
01,	1,	4,	2,	20,	uso_300ms_77.wav,	2,	161,	3.47,	4.312745571136475,	15,	0.3
01,	1,	4,	2,	21,	uso_300ms_81.wav,	4,	343,	9.53,	2.316883087158203,	15,	0.3
01,	1,	4,	2,	22,	uso_300ms_13.wav,	3,	207,	5.0,	3.2281579971313477,	15,	0.3
01,	1,	4,	2,	23,	uso_300ms_94.wav,	5,	342,	9.5,	3.239971399307251,	15,	0.3
01,	1,	4,	2,	24,	uso_300ms_24.wav,	1,	146,	2.97,	3.026466131210327,	15,	0.3
01,	1,	4,	2,	25,	uso_300ms_38.wav,	2,	220,	5.43,	3.2215700149536133,	15,	0.3
01,	1,	4,	2,	26,	uso_300ms_55.wav,	1,	140,	2.77,	2.4129996299743652,	15,	0.3
01,	1,	4,	2,	27,	uso_300ms_99.wav,	4,	346,	9.63,	4.064567804336548,	15,	0.3
01,	1,	4,	2,	28,	uso_300ms_61.wav,	3,	220,	5.43,	3.279066801071167,	15,	0.3
01,	1,	4,	2,	29,	uso_300ms_84.wav,	5,	346,	9.63,	2.9071176052093506,	15,	0.3
01,	1,	4,	2,	30,	uso_300ms_38.wav,	2,	197,	4.67,	3.3737661838531494,	15,	0.3
01,	1,	4,	2,	31,	uso_300ms_46.wav,	1,	140,	2.77,	2.1474287509918213,	15,	0.3
01,	1,	4,	2,	32,	uso_300ms_77.wav,	4,	239,	6.07,	2.6259777545928955,	15,	0.3
01,	1,	4,	2,	33,	uso_300ms_58.wav,	3,	239,	6.07,	2.0697457790374756,	15,	0.3
01,	1,	4,	2,	34,	uso_300ms_64.wav,	2,	140,	2.77,	4.604280233383179,	15,	0.3
01,	1,	4,	2,	35,	uso_300ms_77.wav,	5,	347,	9.67,	2.651766777038574,	15,	0.3
01,	1,	4,	2,	36,	uso_300ms_98.wav,	1,	144,	2.9,	3.3156707286834717,	15,	0.3
01,	1,	4,	2,	37,	uso_300ms_54.wav,	4,	262,	6.83,	3.639939785003662,	15,	0.3
01,	1,	4,	2,	38,	uso_300ms_14.wav,	2,	154,	3.23,	2.9749207496643066,	15,	0.3
01,	1,	4,	2,	39,	uso_300ms_43.wav,	3,	173,	3.87,	3.229560136795044,	15,	0.3
01,	1,	4,	2,	40,	uso_300ms_54.wav,	5,	345,	9.6,	2.429563522338867,	15,	0.3
01,	1,	4,	2,	41,	uso_300ms_59.wav,	3,	217,	5.33,	3.2779700756073,	15,	0.3
01,	1,	4,	2,	42,	uso_300ms_85.wav,	2,	217,	5.33,	1.7881340980529785,	15,	0.3
01,	1,	4,	2,	43,	uso_300ms_89.wav,	4,	280,	7.43,	4.7382354736328125,	15,	0.3
01,	1,	4,	2,	44,	uso_300ms_37.wav,	1,	129,	2.4,	3.1797056198120117,	15,	0.3
01,	1,	4,	2,	45,	uso_300ms_76.wav,	5,	344,	9.57,	2.702049732208252,	15,	0.3
01,	1,	4,	2,	46,	uso_300ms_17.wav,	3,	233,	5.87,	3.501894474029541,	15,	0.3
01,	1,	4,	2,	47,	uso_300ms_77.wav,	5,	346,	9.63,	2.0989041328430176,	15,	0.3
01,	1,	4,	2,	48,	uso_300ms_78.wav,	1,	205,	4.93,	3.097891092300415,	15,	0.3
01,	1,	4,	2,	49,	uso_300ms_24.wav,	4,	205,	4.93,	1.678999900817871,	15,	0.3
01,	1,	4,	2,	50,	uso_300ms_36.wav,	2,	205,	4.93,	2.3478970527648926,	15,	0.3
01,	1,	4,	2,	51,	uso_300ms_25.wav,	1,	136,	2.63,	2.7114689350128174,	15,	0.3
01,	1,	4,	2,	52,	uso_300ms_3.wav,	2,	224,	5.57,	5.5120344161987305,	15,	0.3
01,	1,	4,	2,	53,	uso_300ms_72.wav,	5,	344,	9.57,	2.126662015914917,	15,	0.3
01,	1,	4,	2,	54,	uso_300ms_53.wav,	3,	211,	5.13,	3.2491142749786377,	15,	0.3
01,	1,	4,	2,	55,	uso_300ms_85.wav,	4,	211,	5.13,	1.9187722206115723,	15,	0.3
01,	1,	4,	2,	56,	uso_300ms_74.wav,	3,	155,	3.27,	2.451768159866333,	15,	0.3
01,	1,	4,	2,	57,	uso_300ms_1.wav,	4,	234,	5.9,	2.598362445831299,	15,	0.3
01,	1,	4,	2,	58,	uso_300ms_83.wav,	1,	141,	2.8,	3.0035886764526367,	15,	0.3
01,	1,	4,	2,	59,	uso_300ms_63.wav,	2,	141,	2.8,	1.4018049240112305,	15,	0.3
01,	1,	4,	2,	60,	uso_300ms_89.wav,	5,	205,	4.93,	2.6403322219848633,	15,	0.3
01,	1,	4,	2,	61,	uso_300ms_93.wav,	1,	147,	3.0,	2.467526912689209,	15,	0.3
01,	1,	4,	2,	62,	uso_300ms_16.wav,	5,	220,	5.43,	1.992891550064087,	15,	0.3
01,	1,	4,	2,	63,	uso_300ms_67.wav,	2,	155,	3.27,	4.103409051895142,	15,	0.3
01,	1,	4,	2,	64,	uso_300ms_9.wav,	3,	155,	3.27,	1.2584431171417236,	15,	0.3
01,	1,	4,	2,	65,	uso_300ms_32.wav,	4,	239,	6.07,	1.7497732639312744,	15,	0.3
01,	1,	4,	2,	66,	uso_300ms_32.wav,	1,	239,	6.07,	1.070383071899414,	15,	0.3
01,	1,	4,	2,	67,	uso_300ms_5.wav,	4,	239,	6.07,	2.31162166595459,	15,	0.3
01,	1,	4,	2,	68,	uso_300ms_4.wav,	3,	239,	6.07,	2.2723209857940674,	15,	0.3
01,	1,	4,	2,	69,	uso_300ms_21.wav,	2,	155,	3.27,	2.8942995071411133,	15,	0.3
01,	1,	4,	2,	70,	uso_300ms_29.wav,	5,	233,	5.87,	2.8799192905426025,	15,	0.3
01,	1,	4,	2,	71,	uso_300ms_7.wav,	4,	233,	5.87,	1.598548173904419,	15,	0.3
01,	1,	4,	2,	72,	uso_300ms_78.wav,	2,	161,	3.47,	2.3567330837249756,	15,	0.3
01,	1,	4,	2,	73,	uso_300ms_89.wav,	3,	234,	5.9,	3.5704939365386963,	15,	0.3
01,	1,	4,	2,	74,	uso_300ms_66.wav,	1,	160,	3.43,	2.3781590461730957,	15,	0.3
01,	1,	4,	2,	75,	uso_300ms_84.wav,	5,	239,	6.07,	2.7888851165771484,	15,	0.3
