sub_id,cond_id,block_id,task_id,event_id,stim_id,speaker_id,led_id,led_distance,response_time,n_reps,isi
01,	1,	5,	2,	1,	uso_300ms_90.wav,	1,	90,	1.1,	nan,	90,	2
01,	1,	5,	2,	2,	uso_300ms_2.wav,	4,	234.278134,	5.91,	nan,	90,	2
01,	1,	5,	2,	3,	uso_300ms_22.wav,	5,	255.298105,	6.61,	nan,	90,	2
01,	1,	5,	2,	4,	uso_300ms_62.wav,	4,	243.08457499999997,	6.2,	nan,	90,	2
01,	1,	5,	2,	5,	uso_300ms_37.wav,	5,	279.80128999999994,	7.43,	nan,	90,	2
01,	1,	5,	2,	6,	uso_300ms_14.wav,	5,	344.52183399999996,	9.58,	nan,	90,	2
01,	1,	5,	2,	7,	uso_300ms_86.wav,	5,	353.33276199999995,	9.88,	nan,	90,	2
01,	1,	5,	2,	8,	uso_300ms_97.wav,	4,	240.86242499999994,	6.13,	nan,	90,	2
01,	1,	5,	2,	9,	uso_300ms_27.wav,	1,	153.05583199999992,	3.2,	nan,	90,	2
01,	1,	5,	2,	10,	uso_300ms_87.wav,	1,	128.73234399999996,	2.39,	nan,	90,	2
01,	1,	5,	2,	11,	uso_300ms_52.wav,	1,	129.76431899999997,	2.43,	nan,	90,	2
01,	1,	5,	2,	12,	uso_300ms_43.wav,	1,	151.480013,	3.15,	nan,	90,	2
01,	1,	5,	2,	13,	uso_300ms_86.wav,	4,	237.59788400000002,	6.02,	nan,	90,	2
01,	1,	5,	2,	14,	uso_300ms_57.wav,	5,	347.12970500000006,	9.67,	nan,	90,	2
01,	1,	5,	2,	15,	uso_300ms_83.wav,	5,	300.832447,	8.13,	nan,	90,	2
01,	1,	5,	2,	16,	uso_300ms_80.wav,	4,	238.33018899999996,	6.04,	nan,	90,	2
01,	1,	5,	2,	17,	uso_300ms_44.wav,	5,	266.7531359999999,	6.99,	nan,	90,	2
01,	1,	5,	2,	18,	uso_300ms_28.wav,	4,	239.519216,	6.08,	nan,	90,	2
01,	1,	5,	2,	19,	uso_300ms_99.wav,	5,	291.01319699999993,	7.8,	nan,	90,	2
01,	1,	5,	2,	20,	uso_300ms_47.wav,	5,	331.559899,	9.15,	nan,	90,	2
01,	1,	5,	2,	21,	uso_300ms_64.wav,	5,	338.05184599999995,	9.37,	nan,	90,	2
01,	1,	5,	2,	22,	uso_300ms_30.wav,	5,	297.47441399999997,	8.02,	nan,	90,	2
01,	1,	5,	2,	23,	uso_300ms_31.wav,	5,	252.460487,	6.52,	nan,	90,	2
01,	1,	5,	2,	24,	uso_300ms_83.wav,	3,	217.368374,	5.35,	nan,	90,	2
01,	1,	5,	2,	25,	uso_300ms_18.wav,	1,	151.894371,	3.16,	nan,	90,	2
01,	1,	5,	2,	26,	uso_300ms_49.wav,	1,	120.68818900000001,	2.12,	nan,	90,	2
01,	1,	5,	2,	27,	uso_300ms_17.wav,	1,	147.00166500000003,	3.0,	nan,	90,	2
01,	1,	5,	2,	28,	uso_300ms_61.wav,	4,	239.975077,	6.1,	nan,	90,	2
01,	1,	5,	2,	29,	uso_300ms_11.wav,	5,	347.92347700000005,	9.7,	nan,	90,	2
01,	1,	5,	2,	30,	uso_300ms_35.wav,	5,	289.13145700000007,	7.74,	nan,	90,	2
01,	1,	5,	2,	31,	uso_300ms_14.wav,	5,	384.56016100000005,	10.92,	nan,	90,	2
01,	1,	5,	2,	32,	uso_300ms_78.wav,	5,	292.6450439999999,	7.85,	nan,	90,	2
01,	1,	5,	2,	33,	uso_300ms_59.wav,	3,	198.07022099999992,	4.7,	nan,	90,	2
01,	1,	5,	2,	34,	uso_300ms_66.wav,	1,	147.19780499999987,	3.01,	nan,	90,	2
01,	1,	5,	2,	35,	uso_300ms_54.wav,	3,	211.73182699999987,	5.16,	nan,	90,	2
01,	1,	5,	2,	36,	uso_300ms_20.wav,	2,	184.90433399999986,	4.26,	nan,	90,	2
01,	1,	5,	2,	37,	uso_300ms_72.wav,	4,	224.21751699999987,	5.57,	nan,	90,	2
01,	1,	5,	2,	38,	uso_300ms_13.wav,	2,	191.77665399999987,	4.49,	nan,	90,	2
01,	1,	5,	2,	39,	uso_300ms_95.wav,	3,	215.84070099999985,	5.29,	nan,	90,	2
01,	1,	5,	2,	40,	uso_300ms_33.wav,	5,	296.7529659999999,	7.99,	nan,	90,	2
01,	1,	5,	2,	41,	uso_300ms_64.wav,	4,	247.89755799999992,	6.36,	nan,	90,	2
01,	1,	5,	2,	42,	uso_300ms_53.wav,	5,	286.3639159999999,	7.65,	nan,	90,	2
01,	1,	5,	2,	43,	uso_300ms_12.wav,	5,	298.15481399999993,	8.04,	nan,	90,	2
01,	1,	5,	2,	44,	uso_300ms_99.wav,	5,	260.7440209999999,	6.79,	nan,	90,	2
01,	1,	5,	2,	45,	uso_300ms_15.wav,	4,	227.20063699999992,	5.67,	nan,	90,	2
01,	1,	5,	2,	46,	uso_300ms_80.wav,	2,	191.5388429999999,	4.48,	nan,	90,	2
01,	1,	5,	2,	47,	uso_300ms_67.wav,	4,	234.1484099999999,	5.9,	nan,	90,	2
01,	1,	5,	2,	48,	uso_300ms_41.wav,	3,	196.87290599999992,	4.66,	nan,	90,	2
01,	1,	5,	2,	49,	uso_300ms_88.wav,	2,	165.30384399999988,	3.61,	nan,	90,	2
01,	1,	5,	2,	50,	uso_300ms_65.wav,	1,	133.4269079999999,	2.55,	nan,	90,	2
01,	1,	5,	2,	51,	uso_300ms_90.wav,	2,	168.68289099999996,	3.72,	nan,	90,	2
01,	1,	5,	2,	52,	uso_300ms_53.wav,	2,	183.90873799999994,	4.23,	nan,	90,	2
01,	1,	5,	2,	53,	uso_300ms_64.wav,	3,	213.43472399999996,	5.21,	nan,	90,	2
01,	1,	5,	2,	54,	uso_300ms_38.wav,	2,	189.1166609999999,	4.4,	nan,	90,	2
01,	1,	5,	2,	55,	uso_300ms_25.wav,	4,	230.87527999999995,	5.8,	nan,	90,	2
01,	1,	5,	2,	56,	uso_300ms_68.wav,	3,	203.3375949999999,	4.88,	nan,	90,	2
01,	1,	5,	2,	57,	uso_300ms_70.wav,	2,	188.23601899999989,	4.37,	nan,	90,	2
01,	1,	5,	2,	58,	uso_300ms_94.wav,	3,	220.2433299999999,	5.44,	nan,	90,	2
01,	1,	5,	2,	59,	uso_300ms_84.wav,	3,	199.5944079999999,	4.75,	nan,	90,	2
01,	1,	5,	2,	60,	uso_300ms_81.wav,	2,	185.34397599999986,	4.28,	nan,	90,	2
01,	1,	5,	2,	61,	uso_300ms_84.wav,	3,	204.33790199999984,	4.91,	nan,	90,	2
01,	1,	5,	2,	62,	uso_300ms_68.wav,	2,	184.87737699999983,	4.26,	nan,	90,	2
01,	1,	5,	2,	63,	uso_300ms_13.wav,	4,	234.54556899999992,	5.92,	nan,	90,	2
01,	1,	5,	2,	64,	uso_300ms_61.wav,	3,	210.4583309999999,	5.12,	nan,	90,	2
01,	1,	5,	2,	65,	uso_300ms_99.wav,	4,	231.13019199999994,	5.8,	nan,	90,	2
01,	1,	5,	2,	66,	uso_300ms_96.wav,	3,	215.20140499999994,	5.27,	nan,	90,	2
01,	1,	5,	2,	67,	uso_300ms_95.wav,	5,	293.6516929999999,	7.89,	nan,	90,	2
01,	1,	5,	2,	68,	uso_300ms_28.wav,	5,	262.03424699999994,	6.83,	nan,	90,	2
01,	1,	5,	2,	69,	uso_300ms_88.wav,	4,	240.96369399999992,	6.13,	nan,	90,	2
01,	1,	5,	2,	70,	uso_300ms_16.wav,	5,	278.851628,	7.4,	nan,	90,	2
01,	1,	5,	2,	71,	uso_300ms_58.wav,	4,	236.87316700000002,	6.0,	nan,	90,	2
01,	1,	5,	2,	72,	uso_300ms_74.wav,	3,	201.25727900000004,	4.81,	nan,	90,	2
01,	1,	5,	2,	73,	uso_300ms_81.wav,	2,	180.11848300000003,	4.1,	nan,	90,	2
01,	1,	5,	2,	74,	uso_300ms_54.wav,	1,	154.502858,	3.25,	nan,	90,	2
01,	1,	5,	2,	75,	uso_300ms_86.wav,	2,	188.972167,	4.4,	nan,	90,	2
01,	1,	5,	2,	76,	uso_300ms_74.wav,	3,	202.77687400000002,	4.86,	nan,	90,	2
01,	1,	5,	2,	77,	uso_300ms_36.wav,	5,	253.08200299999976,	6.54,	nan,	90,	2
01,	1,	5,	2,	78,	uso_300ms_2.wav,	4,	224.48416099999943,	5.58,	nan,	90,	2
01,	1,	5,	2,	79,	uso_300ms_89.wav,	4,	224.45548899999943,	5.58,	nan,	90,	2
01,	1,	5,	2,	80,	uso_300ms_61.wav,	2,	190.0358519999994,	4.43,	nan,	90,	2
01,	1,	5,	2,	81,	uso_300ms_84.wav,	5,	304.5243869999995,	8.25,	nan,	90,	2
01,	1,	5,	2,	82,	uso_300ms_48.wav,	5,	277.4940759999995,	7.35,	nan,	90,	2
01,	1,	5,	2,	83,	uso_300ms_37.wav,	4,	251.21094499999947,	6.47,	nan,	90,	2
01,	1,	5,	2,	84,	uso_300ms_69.wav,	4,	223.8127139999995,	5.56,	nan,	90,	2
01,	1,	5,	2,	85,	uso_300ms_82.wav,	4,	241.24388299999944,	6.14,	nan,	90,	2
01,	1,	5,	2,	86,	uso_300ms_56.wav,	3,	220.04695199999944,	5.43,	nan,	90,	2
01,	1,	5,	2,	87,	uso_300ms_68.wav,	5,	258.28412299999945,	6.71,	nan,	90,	2
01,	1,	5,	2,	88,	uso_300ms_38.wav,	4,	231.85435599999946,	5.83,	nan,	90,	2
01,	1,	5,	2,	89,	uso_300ms_70.wav,	3,	219.48550999999944,	5.42,	nan,	90,	2
01,	1,	5,	2,	90,	uso_300ms_53.wav,	2,	190.2672229999994,	4.44,	nan,	90,	2
