sub_id,cond_id,block_id,task_id,event_id,stim_id,speaker_id,led_id,led_distance,response_time,n_reps,isi
01,	1,	2,	2,	1,	uso_300ms_43.wav,	2,	90,	1.1,	0.20019316673278809,	15,	0.3
01,	1,	2,	2,	2,	uso_300ms_48.wav,	5,	367,	10.33,	5.040323972702026,	15,	0.3
01,	1,	2,	2,	3,	uso_300ms_70.wav,	4,	239,	6.07,	4.339417934417725,	15,	0.3
01,	1,	2,	2,	4,	uso_300ms_29.wav,	3,	191,	4.47,	3.2850968837738037,	15,	0.3
01,	1,	2,	2,	5,	uso_300ms_71.wav,	1,	162,	3.5,	2.915046453475952,	15,	0.3
01,	1,	2,	2,	6,	uso_300ms_64.wav,	5,	376,	10.63,	4.020536422729492,	15,	0.3
01,	1,	2,	2,	7,	uso_300ms_31.wav,	1,	213,	5.2,	5.076064109802246,	15,	0.3
01,	1,	2,	2,	8,	uso_300ms_11.wav,	4,	350,	9.77,	4.9655070304870605,	15,	0.3
01,	1,	2,	2,	9,	uso_300ms_22.wav,	2,	233,	5.87,	6.314398288726807,	15,	0.3
01,	1,	2,	2,	10,	uso_300ms_39.wav,	3,	285,	7.6,	4.517795085906982,	15,	0.3
01,	1,	2,	2,	11,	uso_300ms_89.wav,	1,	168,	3.7,	3.7504591941833496,	15,	0.3
01,	1,	2,	2,	12,	uso_300ms_6.wav,	4,	326,	8.97,	4.151371717453003,	15,	0.3
01,	1,	2,	2,	13,	uso_300ms_13.wav,	3,	251,	6.47,	4.350443601608276,	15,	0.3
01,	1,	2,	2,	14,	uso_300ms_35.wav,	5,	374,	10.57,	4.860405206680298,	15,	0.3
01,	1,	2,	2,	15,	uso_300ms_70.wav,	2,	263,	6.87,	3.699287176132202,	15,	0.3
01,	1,	2,	2,	16,	uso_300ms_76.wav,	5,	350,	9.77,	2.8451836109161377,	15,	0.3
01,	1,	2,	2,	17,	uso_300ms_98.wav,	4,	315,	8.6,	5.843654632568359,	15,	0.3
01,	1,	2,	2,	18,	uso_300ms_90.wav,	3,	272,	7.17,	3.2564640045166016,	15,	0.3
01,	1,	2,	2,	19,	uso_300ms_53.wav,	2,	236,	5.97,	5.262134552001953,	15,	0.3
01,	1,	2,	2,	20,	uso_300ms_36.wav,	1,	201,	4.8,	3.594513177871704,	15,	0.3
01,	1,	2,	2,	21,	uso_300ms_75.wav,	4,	322,	8.83,	3.4779744148254395,	15,	0.3
01,	1,	2,	2,	22,	uso_300ms_58.wav,	2,	247,	6.33,	5.351406574249268,	15,	0.3
01,	1,	2,	2,	23,	uso_300ms_6.wav,	1,	164,	3.57,	4.064258813858032,	15,	0.3
01,	1,	2,	2,	24,	uso_300ms_6.wav,	5,	164,	3.57,	1.8201251029968262,	15,	0.3
01,	1,	2,	2,	25,	uso_300ms_76.wav,	3,	200,	4.77,	2.619926691055298,	15,	0.3
01,	1,	2,	2,	26,	uso_300ms_49.wav,	4,	254,	6.57,	3.641474485397339,	15,	0.3
01,	1,	2,	2,	27,	uso_300ms_32.wav,	3,	231,	5.8,	4.761290073394775,	15,	0.3
01,	1,	2,	2,	28,	uso_300ms_15.wav,	5,	293,	7.87,	3.97868275642395,	15,	0.3
01,	1,	2,	2,	29,	uso_300ms_73.wav,	2,	201,	4.8,	6.149969816207886,	15,	0.3
01,	1,	2,	2,	30,	uso_300ms_78.wav,	1,	173,	3.87,	2.8102989196777344,	15,	0.3
01,	1,	2,	2,	31,	uso_300ms_89.wav,	3,	218,	5.37,	5.048245668411255,	15,	0.3
01,	1,	2,	2,	32,	uso_300ms_97.wav,	2,	170,	3.77,	3.1325666904449463,	15,	0.3
01,	1,	2,	2,	33,	uso_300ms_95.wav,	1,	161,	3.47,	3.5107572078704834,	15,	0.3
01,	1,	2,	2,	34,	uso_300ms_22.wav,	4,	214,	5.23,	3.2072341442108154,	15,	0.3
01,	1,	2,	2,	35,	uso_300ms_50.wav,	5,	201,	4.8,	3.03568959236145,	15,	0.3
01,	1,	2,	2,	36,	uso_300ms_18.wav,	4,	189,	4.4,	5.194340229034424,	15,	0.3
01,	1,	2,	2,	37,	uso_300ms_28.wav,	2,	171,	3.8,	2.6120071411132812,	15,	0.3
01,	1,	2,	2,	38,	uso_300ms_5.wav,	5,	246,	6.3,	3.2162024974823,	15,	0.3
01,	1,	2,	2,	39,	uso_300ms_97.wav,	3,	204,	4.9,	3.095620632171631,	15,	0.3
01,	1,	2,	2,	40,	uso_300ms_34.wav,	1,	187,	4.33,	3.1960694789886475,	15,	0.3
01,	1,	2,	2,	41,	uso_300ms_75.wav,	2,	171,	3.8,	3.638427734375,	15,	0.3
01,	1,	2,	2,	42,	uso_300ms_79.wav,	3,	213,	5.2,	6.192075490951538,	15,	0.3
01,	1,	2,	2,	43,	uso_300ms_15.wav,	1,	175,	3.93,	3.360812187194824,	15,	0.3
01,	1,	2,	2,	44,	uso_300ms_19.wav,	4,	312,	8.5,	5.253284692764282,	15,	0.3
01,	1,	2,	2,	45,	uso_300ms_4.wav,	5,	362,	10.17,	3.1393942832946777,	15,	0.3
01,	1,	2,	2,	46,	uso_300ms_56.wav,	1,	173,	3.87,	7.963918685913086,	15,	0.3
01,	1,	2,	2,	47,	uso_300ms_56.wav,	3,	232,	5.83,	3.156818389892578,	15,	0.3
01,	1,	2,	2,	48,	uso_300ms_70.wav,	4,	244,	6.23,	5.378143072128296,	15,	0.3
01,	1,	2,	2,	49,	uso_300ms_71.wav,	5,	323,	8.87,	2.8118319511413574,	15,	0.3
01,	1,	2,	2,	50,	uso_300ms_62.wav,	2,	196,	4.63,	4.912081718444824,	15,	0.3
01,	1,	2,	2,	51,	uso_300ms_42.wav,	5,	316,	8.63,	4.977179527282715,	15,	0.3
01,	1,	2,	2,	52,	uso_300ms_2.wav,	2,	190,	4.43,	4.354683876037598,	15,	0.3
01,	1,	2,	2,	53,	uso_300ms_16.wav,	3,	165,	3.6,	2.745347261428833,	15,	0.3
01,	1,	2,	2,	54,	uso_300ms_48.wav,	1,	142,	2.83,	3.6543149948120117,	15,	0.3
01,	1,	2,	2,	55,	uso_300ms_53.wav,	4,	277,	7.33,	5.003551006317139,	15,	0.3
01,	1,	2,	2,	56,	uso_300ms_31.wav,	1,	225,	5.6,	4.242727756500244,	15,	0.3
01,	1,	2,	2,	57,	uso_300ms_6.wav,	3,	201,	4.8,	3.35178804397583,	15,	0.3
01,	1,	2,	2,	58,	uso_300ms_24.wav,	4,	257,	6.67,	3.261897325515747,	15,	0.3
01,	1,	2,	2,	59,	uso_300ms_4.wav,	5,	290,	7.77,	2.6834936141967773,	15,	0.3
01,	1,	2,	2,	60,	uso_300ms_94.wav,	2,	234,	5.9,	2.9010844230651855,	15,	0.3
01,	1,	2,	2,	61,	uso_300ms_96.wav,	3,	191,	4.47,	3.117858648300171,	15,	0.3
01,	1,	2,	2,	62,	uso_300ms_22.wav,	4,	263,	6.87,	3.4257724285125732,	15,	0.3
01,	1,	2,	2,	63,	uso_300ms_56.wav,	5,	283,	7.53,	4.123908042907715,	15,	0.3
01,	1,	2,	2,	64,	uso_300ms_56.wav,	2,	198,	4.7,	3.878401279449463,	15,	0.3
01,	1,	2,	2,	65,	uso_300ms_13.wav,	1,	161,	3.47,	1.975445032119751,	15,	0.3
01,	1,	2,	2,	66,	uso_300ms_38.wav,	5,	241,	6.13,	3.615992784500122,	15,	0.3
01,	1,	2,	2,	67,	uso_300ms_18.wav,	4,	192,	4.5,	3.546790361404419,	15,	0.3
01,	1,	2,	2,	68,	uso_300ms_33.wav,	1,	167,	3.67,	4.915964365005493,	15,	0.3
01,	1,	2,	2,	69,	uso_300ms_93.wav,	3,	225,	5.6,	3.3842880725860596,	15,	0.3
01,	1,	2,	2,	70,	uso_300ms_88.wav,	2,	194,	4.57,	3.5393309593200684,	15,	0.3
01,	1,	2,	2,	71,	uso_300ms_55.wav,	3,	246,	6.3,	3.4184257984161377,	15,	0.3
01,	1,	2,	2,	72,	uso_300ms_97.wav,	4,	270,	7.1,	3.0135648250579834,	15,	0.3
01,	1,	2,	2,	73,	uso_300ms_86.wav,	5,	292,	7.83,	5.296674966812134,	15,	0.3
01,	1,	2,	2,	74,	uso_300ms_98.wav,	2,	182,	4.17,	5.19200587272644,	15,	0.3
01,	1,	2,	2,	75,	uso_300ms_90.wav,	1,	249,	6.4,	3.691596031188965,	15,	0.3
