sub_id,cond_id,block_id,task_id,event_id,stim_id,speaker_id,led_id,led_distance,response_time,n_reps,isi
01,	1,	6,	1,	1,	uso_300ms_55.wav,	2,	90,	1.1,	0.20023488998413086,	15,	0.3
01,	1,	6,	1,	2,	uso_300ms_64.wav,	1,	163,	3.53,	2.51053786277771,	15,	0.3
01,	1,	6,	1,	3,	uso_300ms_71.wav,	0,	153,	3.2,	2.5327694416046143,	15,	0.3
01,	1,	6,	1,	4,	uso_300ms_49.wav,	8,	300,	8.1,	2.505199909210205,	15,	0.3
01,	1,	6,	1,	5,	uso_300ms_48.wav,	6,	263,	6.87,	1.9782683849334717,	15,	0.3
01,	1,	6,	1,	6,	uso_300ms_46.wav,	4,	190,	4.43,	2.137356996536255,	15,	0.3
01,	1,	6,	1,	7,	uso_300ms_40.wav,	10,	306,	8.3,	2.1878321170806885,	15,	0.3
01,	1,	6,	1,	8,	uso_300ms_2.wav,	3,	190,	4.43,	2.498075485229492,	15,	0.3
01,	1,	6,	1,	9,	uso_300ms_65.wav,	5,	228,	5.7,	2.3077685832977295,	15,	0.3
01,	1,	6,	1,	10,	uso_300ms_100.wav,	9,	301,	8.13,	1.8298609256744385,	15,	0.3
01,	1,	6,	1,	11,	uso_300ms_61.wav,	7,	301,	8.13,	1.1095597743988037,	15,	0.3
01,	1,	6,	1,	12,	uso_300ms_100.wav,	8,	301,	8.13,	1.3527390956878662,	15,	0.3
01,	1,	6,	1,	13,	uso_300ms_4.wav,	5,	273,	7.2,	2.0518910884857178,	15,	0.3
01,	1,	6,	1,	14,	uso_300ms_37.wav,	10,	301,	8.13,	1.9281342029571533,	15,	0.3
01,	1,	6,	1,	15,	uso_300ms_25.wav,	3,	189,	4.4,	1.8352341651916504,	15,	0.3
01,	1,	6,	1,	16,	uso_300ms_77.wav,	6,	247,	6.33,	1.7156620025634766,	15,	0.3
01,	1,	6,	1,	17,	uso_300ms_52.wav,	1,	152,	3.17,	1.9928934574127197,	15,	0.3
01,	1,	6,	1,	18,	uso_300ms_58.wav,	9,	303,	8.2,	2.209970712661743,	15,	0.3
01,	1,	6,	1,	19,	uso_300ms_74.wav,	2,	241,	6.13,	1.9909274578094482,	15,	0.3
01,	1,	6,	1,	20,	uso_300ms_45.wav,	4,	277,	7.33,	1.763594627380371,	15,	0.3
01,	1,	6,	1,	21,	uso_300ms_88.wav,	7,	304,	8.23,	1.8684849739074707,	15,	0.3
01,	1,	6,	1,	22,	uso_300ms_31.wav,	0,	152,	3.17,	2.2243587970733643,	15,	0.3
01,	1,	6,	1,	23,	uso_300ms_34.wav,	7,	221,	5.47,	2.1250882148742676,	15,	0.3
01,	1,	6,	1,	24,	uso_300ms_28.wav,	1,	150,	3.1,	2.0516152381896973,	15,	0.3
01,	1,	6,	1,	25,	uso_300ms_50.wav,	3,	202,	4.83,	1.7469773292541504,	15,	0.3
01,	1,	6,	1,	26,	uso_300ms_38.wav,	8,	291,	7.8,	3.6582703590393066,	15,	0.3
01,	1,	6,	1,	27,	uso_300ms_63.wav,	5,	263,	6.87,	1.5771450996398926,	15,	0.3
01,	1,	6,	1,	28,	uso_300ms_25.wav,	10,	296,	7.97,	1.5725786685943604,	15,	0.3
01,	1,	6,	1,	29,	uso_300ms_79.wav,	4,	263,	6.87,	2.7461326122283936,	15,	0.3
01,	1,	6,	1,	30,	uso_300ms_98.wav,	2,	211,	5.13,	2.1947665214538574,	15,	0.3
01,	1,	6,	1,	31,	uso_300ms_35.wav,	0,	154,	3.23,	2.9275598526000977,	15,	0.3
01,	1,	6,	1,	32,	uso_300ms_9.wav,	9,	247,	6.33,	3.272845983505249,	15,	0.3
01,	1,	6,	1,	33,	uso_300ms_42.wav,	6,	293,	7.87,	2.4729321002960205,	15,	0.3
01,	1,	6,	1,	34,	uso_300ms_46.wav,	3,	228,	5.7,	3.491492986679077,	15,	0.3
01,	1,	6,	1,	35,	uso_300ms_63.wav,	0,	148,	3.03,	2.7835893630981445,	15,	0.3
01,	1,	6,	1,	36,	uso_300ms_21.wav,	2,	202,	4.83,	2.0817275047302246,	15,	0.3
01,	1,	6,	1,	37,	uso_300ms_66.wav,	4,	264,	6.9,	2.7480263710021973,	15,	0.3
01,	1,	6,	1,	38,	uso_300ms_43.wav,	6,	213,	5.2,	2.552949905395508,	15,	0.3
01,	1,	6,	1,	39,	uso_300ms_61.wav,	9,	295,	7.93,	2.344799757003784,	15,	0.3
01,	1,	6,	1,	40,	uso_300ms_38.wav,	1,	155,	3.27,	2.6808276176452637,	15,	0.3
01,	1,	6,	1,	41,	uso_300ms_43.wav,	5,	199,	4.73,	3.2251150608062744,	15,	0.3
01,	1,	6,	1,	42,	uso_300ms_99.wav,	8,	303,	8.2,	3.0833640098571777,	15,	0.3
01,	1,	6,	1,	43,	uso_300ms_74.wav,	7,	303,	8.2,	1.3894102573394775,	15,	0.3
01,	1,	6,	1,	44,	uso_300ms_76.wav,	10,	303,	8.2,	1.2305853366851807,	15,	0.3
01,	1,	6,	1,	45,	uso_300ms_9.wav,	2,	235,	5.93,	2.558637857437134,	15,	0.3
01,	1,	6,	1,	46,	uso_300ms_29.wav,	5,	260,	6.77,	2.7052805423736572,	15,	0.3
01,	1,	6,	1,	47,	uso_300ms_64.wav,	8,	275,	7.27,	2.550541639328003,	15,	0.3
01,	1,	6,	1,	48,	uso_300ms_78.wav,	3,	251,	6.47,	3.4522688388824463,	15,	0.3
01,	1,	6,	1,	49,	uso_300ms_33.wav,	9,	296,	7.97,	2.391977310180664,	15,	0.3
01,	1,	6,	1,	50,	uso_300ms_2.wav,	7,	247,	6.33,	1.945955753326416,	15,	0.3
01,	1,	6,	1,	51,	uso_300ms_80.wav,	0,	149,	3.07,	2.8045825958251953,	15,	0.3
01,	1,	6,	1,	52,	uso_300ms_94.wav,	4,	205,	4.93,	2.362368106842041,	15,	0.3
01,	1,	6,	1,	53,	uso_300ms_18.wav,	6,	248,	6.37,	2.2306466102600098,	15,	0.3
01,	1,	6,	1,	54,	uso_300ms_3.wav,	10,	299,	8.07,	1.6943316459655762,	15,	0.3
01,	1,	6,	1,	55,	uso_300ms_9.wav,	1,	148,	3.03,	2.548044204711914,	15,	0.3
01,	1,	6,	1,	56,	uso_300ms_64.wav,	10,	296,	7.97,	2.7237448692321777,	15,	0.3
01,	1,	6,	1,	57,	uso_300ms_3.wav,	6,	296,	7.97,	1.3534908294677734,	15,	0.3
01,	1,	6,	1,	58,	uso_300ms_61.wav,	1,	199,	4.73,	2.4325692653656006,	15,	0.3
01,	1,	6,	1,	59,	uso_300ms_55.wav,	8,	294,	7.9,	2.3161067962646484,	15,	0.3
01,	1,	6,	1,	60,	uso_300ms_42.wav,	0,	164,	3.57,	2.51106858253479,	15,	0.3
01,	1,	6,	1,	61,	uso_300ms_93.wav,	9,	301,	8.13,	2.6574149131774902,	15,	0.3
01,	1,	6,	1,	62,	uso_300ms_25.wav,	5,	182,	4.17,	4.958137035369873,	15,	0.3
01,	1,	6,	1,	63,	uso_300ms_40.wav,	7,	250,	6.43,	2.106316089630127,	15,	0.3
01,	1,	6,	1,	64,	uso_300ms_69.wav,	4,	189,	4.4,	1.8240172863006592,	15,	0.3
01,	1,	6,	1,	65,	uso_300ms_50.wav,	3,	150,	3.1,	2.3428890705108643,	15,	0.3
01,	1,	6,	1,	66,	uso_300ms_62.wav,	2,	152,	3.17,	3.023069143295288,	15,	0.3
01,	1,	6,	1,	67,	uso_300ms_49.wav,	10,	250,	6.43,	2.2687151432037354,	15,	0.3
01,	1,	6,	1,	68,	uso_300ms_57.wav,	4,	218,	5.37,	3.1471593379974365,	15,	0.3
01,	1,	6,	1,	69,	uso_300ms_42.wav,	6,	255,	6.6,	3.436690330505371,	15,	0.3
01,	1,	6,	1,	70,	uso_300ms_70.wav,	0,	157,	3.33,	2.6073246002197266,	15,	0.3
01,	1,	6,	1,	71,	uso_300ms_57.wav,	5,	210,	5.1,	2.464958667755127,	15,	0.3
01,	1,	6,	1,	72,	uso_300ms_93.wav,	8,	262,	6.83,	2.5816187858581543,	15,	0.3
01,	1,	6,	1,	73,	uso_300ms_63.wav,	9,	295,	7.93,	1.4577984809875488,	15,	0.3
01,	1,	6,	1,	74,	uso_300ms_97.wav,	2,	201,	4.8,	2.8978993892669678,	15,	0.3
01,	1,	6,	1,	75,	uso_300ms_21.wav,	3,	201,	4.8,	1.5034151077270508,	15,	0.3
01,	1,	6,	1,	76,	uso_300ms_72.wav,	1,	149,	3.07,	2.2857344150543213,	15,	0.3
01,	1,	6,	1,	77,	uso_300ms_86.wav,	7,	232,	5.83,	2.792961835861206,	15,	0.3
01,	1,	6,	1,	78,	uso_300ms_51.wav,	8,	298,	8.03,	2.066429853439331,	15,	0.3
01,	1,	6,	1,	79,	uso_300ms_38.wav,	0,	155,	3.27,	2.722041130065918,	15,	0.3
01,	1,	6,	1,	80,	uso_300ms_1.wav,	2,	215,	5.27,	2.1086084842681885,	15,	0.3
01,	1,	6,	1,	81,	uso_300ms_15.wav,	3,	243,	6.2,	2.737338066101074,	15,	0.3
01,	1,	6,	1,	82,	uso_300ms_97.wav,	4,	243,	6.2,	1.9815552234649658,	15,	0.3
01,	1,	6,	1,	83,	uso_300ms_63.wav,	7,	298,	8.03,	1.7561345100402832,	15,	0.3
01,	1,	6,	1,	84,	uso_300ms_34.wav,	10,	298,	8.03,	1.0488734245300293,	15,	0.3
01,	1,	6,	1,	85,	uso_300ms_15.wav,	5,	298,	8.03,	1.2843685150146484,	15,	0.3
01,	1,	6,	1,	86,	uso_300ms_22.wav,	6,	298,	8.03,	1.4730815887451172,	15,	0.3
01,	1,	6,	1,	87,	uso_300ms_15.wav,	9,	298,	8.03,	1.8782143592834473,	15,	0.3
01,	1,	6,	1,	88,	uso_300ms_60.wav,	1,	194,	4.57,	3.977109909057617,	15,	0.3
01,	1,	6,	1,	89,	uso_300ms_4.wav,	0,	153,	3.2,	1.5582520961761475,	15,	0.3
01,	1,	6,	1,	90,	uso_300ms_31.wav,	4,	240,	6.1,	2.5134074687957764,	15,	0.3
01,	1,	6,	1,	91,	uso_300ms_2.wav,	7,	221,	5.47,	4.345111846923828,	15,	0.3
01,	1,	6,	1,	92,	uso_300ms_54.wav,	6,	253,	6.53,	2.1058969497680664,	15,	0.3
01,	1,	6,	1,	93,	uso_300ms_98.wav,	5,	204,	4.9,	2.7200403213500977,	15,	0.3
01,	1,	6,	1,	94,	uso_300ms_55.wav,	9,	291,	7.8,	2.6053965091705322,	15,	0.3
01,	1,	6,	1,	95,	uso_300ms_74.wav,	10,	299,	8.07,	1.7020483016967773,	15,	0.3
01,	1,	6,	1,	96,	uso_300ms_79.wav,	8,	299,	8.07,	1.1500442028045654,	15,	0.3
01,	1,	6,	1,	97,	uso_300ms_95.wav,	3,	246,	6.3,	2.849274158477783,	15,	0.3
01,	1,	6,	1,	98,	uso_300ms_5.wav,	2,	179,	4.07,	3.1107189655303955,	15,	0.3
01,	1,	6,	1,	99,	uso_300ms_61.wav,	1,	151,	3.13,	1.823838233947754,	15,	0.3
01,	1,	6,	1,	100,	uso_300ms_23.wav,	3,	173,	3.87,	3.0665924549102783,	15,	0.3
01,	1,	6,	1,	101,	uso_300ms_38.wav,	2,	173,	3.87,	1.1777770519256592,	15,	0.3
01,	1,	6,	1,	102,	uso_300ms_77.wav,	9,	299,	8.07,	1.9458272457122803,	15,	0.3
01,	1,	6,	1,	103,	uso_300ms_95.wav,	4,	249,	6.4,	3.0493698120117188,	15,	0.3
01,	1,	6,	1,	104,	uso_300ms_26.wav,	7,	194,	4.57,	4.167543411254883,	15,	0.3
01,	1,	6,	1,	105,	uso_300ms_50.wav,	8,	296,	7.97,	2.407719850540161,	15,	0.3
01,	1,	6,	1,	106,	uso_300ms_51.wav,	5,	296,	7.97,	1.0200879573822021,	15,	0.3
01,	1,	6,	1,	107,	uso_300ms_9.wav,	1,	192,	4.5,	3.4167230129241943,	15,	0.3
01,	1,	6,	1,	108,	uso_300ms_32.wav,	6,	254,	6.57,	1.9958035945892334,	15,	0.3
01,	1,	6,	1,	109,	uso_300ms_100.wav,	0,	148,	3.03,	2.7256031036376953,	15,	0.3
01,	1,	6,	1,	110,	uso_300ms_93.wav,	10,	265,	6.93,	5.659299850463867,	15,	0.3
01,	1,	6,	1,	111,	uso_300ms_35.wav,	2,	293,	7.87,	2.264385223388672,	15,	0.3
01,	1,	6,	1,	112,	uso_300ms_99.wav,	8,	293,	7.87,	1.0702316761016846,	15,	0.3
01,	1,	6,	1,	113,	uso_300ms_79.wav,	5,	293,	7.87,	1.6814348697662354,	15,	0.3
01,	1,	6,	1,	114,	uso_300ms_35.wav,	10,	293,	7.87,	1.02363920211792,	15,	0.3
01,	1,	6,	1,	115,	uso_300ms_84.wav,	3,	228,	5.7,	1.9268488883972168,	15,	0.3
01,	1,	6,	1,	116,	uso_300ms_28.wav,	6,	212,	5.17,	4.249712228775024,	15,	0.3
01,	1,	6,	1,	117,	uso_300ms_16.wav,	4,	262,	6.83,	3.608940362930298,	15,	0.3
01,	1,	6,	1,	118,	uso_300ms_51.wav,	1,	194,	4.57,	2.528507947921753,	15,	0.3
01,	1,	6,	1,	119,	uso_300ms_68.wav,	9,	296,	7.97,	2.897400379180908,	15,	0.3
01,	1,	6,	1,	120,	uso_300ms_74.wav,	0,	148,	3.03,	2.761185646057129,	15,	0.3
01,	1,	6,	1,	121,	uso_300ms_14.wav,	7,	296,	7.97,	2.6114137172698975,	15,	0.3
01,	1,	6,	1,	122,	uso_300ms_31.wav,	8,	296,	7.97,	1.0896058082580566,	15,	0.3
01,	1,	6,	1,	123,	uso_300ms_34.wav,	1,	203,	4.87,	2.9122416973114014,	15,	0.3
01,	1,	6,	1,	124,	uso_300ms_12.wav,	5,	235,	5.93,	1.7438690662384033,	15,	0.3
01,	1,	6,	1,	125,	uso_300ms_42.wav,	3,	194,	4.57,	2.6130619049072266,	15,	0.3
01,	1,	6,	1,	126,	uso_300ms_20.wav,	9,	253,	6.53,	2.2795987129211426,	15,	0.3
01,	1,	6,	1,	127,	uso_300ms_23.wav,	2,	179,	4.07,	3.280813694000244,	15,	0.3
01,	1,	6,	1,	128,	uso_300ms_25.wav,	6,	218,	5.37,	2.4201412200927734,	15,	0.3
01,	1,	6,	1,	129,	uso_300ms_42.wav,	10,	297,	8.0,	2.279762029647827,	15,	0.3
01,	1,	6,	1,	130,	uso_300ms_66.wav,	7,	250,	6.43,	3.342364549636841,	15,	0.3
01,	1,	6,	1,	131,	uso_300ms_10.wav,	4,	204,	4.9,	3.3064451217651367,	15,	0.3
01,	1,	6,	1,	132,	uso_300ms_51.wav,	0,	151,	3.13,	2.487994909286499,	15,	0.3
01,	1,	6,	1,	133,	uso_300ms_15.wav,	5,	197,	4.67,	2.2319960594177246,	15,	0.3
01,	1,	6,	1,	134,	uso_300ms_94.wav,	7,	254,	6.57,	2.005678653717041,	15,	0.3
01,	1,	6,	1,	135,	uso_300ms_4.wav,	4,	254,	6.57,	1.6824004650115967,	15,	0.3
01,	1,	6,	1,	136,	uso_300ms_63.wav,	8,	300,	8.1,	2.108234405517578,	15,	0.3
01,	1,	6,	1,	137,	uso_300ms_32.wav,	1,	154,	3.23,	4.215808629989624,	15,	0.3
01,	1,	6,	1,	138,	uso_300ms_70.wav,	9,	291,	7.8,	2.528526544570923,	15,	0.3
01,	1,	6,	1,	139,	uso_300ms_56.wav,	3,	291,	7.8,	1.728407382965088,	15,	0.3
01,	1,	6,	1,	140,	uso_300ms_59.wav,	6,	246,	6.3,	1.9424350261688232,	15,	0.3
01,	1,	6,	1,	141,	uso_300ms_11.wav,	10,	297,	8.0,	2.1659650802612305,	15,	0.3
01,	1,	6,	1,	142,	uso_300ms_89.wav,	2,	193,	4.53,	2.187000036239624,	15,	0.3
01,	1,	6,	1,	143,	uso_300ms_29.wav,	0,	154,	3.23,	2.2438504695892334,	15,	0.3
01,	1,	6,	1,	144,	uso_300ms_35.wav,	9,	296,	7.97,	3.074986457824707,	15,	0.3
01,	1,	6,	1,	145,	uso_300ms_59.wav,	6,	234,	5.9,	1.8687517642974854,	15,	0.3
01,	1,	6,	1,	146,	uso_300ms_44.wav,	3,	187,	4.33,	2.2556092739105225,	15,	0.3
01,	1,	6,	1,	147,	uso_300ms_46.wav,	7,	299,	8.07,	3.107933521270752,	15,	0.3
01,	1,	6,	1,	148,	uso_300ms_46.wav,	1,	147,	3.0,	2.8664305210113525,	15,	0.3
01,	1,	6,	1,	149,	uso_300ms_45.wav,	5,	234,	5.9,	1.9331862926483154,	15,	0.3
01,	1,	6,	1,	150,	uso_300ms_54.wav,	2,	184,	4.23,	2.427919864654541,	15,	0.3
01,	1,	6,	1,	151,	uso_300ms_83.wav,	10,	298,	8.03,	1.815566062927246,	15,	0.3
01,	1,	6,	1,	152,	uso_300ms_58.wav,	4,	231,	5.8,	2.1080286502838135,	15,	0.3
01,	1,	6,	1,	153,	uso_300ms_42.wav,	8,	303,	8.2,	2.7835326194763184,	15,	0.3
01,	1,	6,	1,	154,	uso_300ms_64.wav,	0,	177,	4.0,	2.5754480361938477,	15,	0.3
01,	1,	6,	1,	155,	uso_300ms_15.wav,	5,	242,	6.17,	1.546635389328003,	15,	0.3
01,	1,	6,	1,	156,	uso_300ms_1.wav,	4,	265,	6.93,	2.2929317951202393,	15,	0.3
01,	1,	6,	1,	157,	uso_300ms_1.wav,	0,	153,	3.2,	2.4880082607269287,	15,	0.3
01,	1,	6,	1,	158,	uso_300ms_32.wav,	10,	299,	8.07,	2.023993492126465,	15,	0.3
01,	1,	6,	1,	159,	uso_300ms_21.wav,	6,	225,	5.6,	4.174650192260742,	15,	0.3
01,	1,	6,	1,	160,	uso_300ms_70.wav,	8,	266,	6.97,	2.7909066677093506,	15,	0.3
01,	1,	6,	1,	161,	uso_300ms_76.wav,	3,	211,	5.13,	1.9020891189575195,	15,	0.3
01,	1,	6,	1,	162,	uso_300ms_56.wav,	9,	304,	8.23,	2.3993852138519287,	15,	0.3
01,	1,	6,	1,	163,	uso_300ms_98.wav,	2,	241,	6.13,	1.9810676574707031,	15,	0.3
01,	1,	6,	1,	164,	uso_300ms_26.wav,	1,	180,	4.1,	2.5205602645874023,	15,	0.3
01,	1,	6,	1,	165,	uso_300ms_51.wav,	7,	299,	8.07,	2.5453572273254395,	15,	0.3
