sub_id,cond_id,block_id,task_id,event_id,stim_id,speaker_id,led_id,led_distance,response_time,n_reps,isi
02,	2,	4,	3,	1,	uso_300ms_70.wav,	8,	287,	7.67,	11.512522220611572,	15,	0.3
02,	2,	4,	3,	2,	uso_300ms_52.wav,	9,	308,	8.37,	3.4477827548980713,	15,	0.3
02,	2,	4,	3,	3,	uso_300ms_18.wav,	7,	332,	9.17,	2.7166154384613037,	15,	0.3
02,	2,	4,	3,	4,	uso_300ms_34.wav,	6,	274,	7.23,	1.9290966987609863,	15,	0.3
02,	2,	4,	3,	5,	uso_300ms_52.wav,	5,	287,	7.67,	1.297135829925537,	15,	0.3
02,	2,	4,	3,	6,	uso_300ms_28.wav,	6,	306,	8.3,	1.5837855339050293,	15,	0.3
02,	2,	4,	3,	7,	uso_300ms_29.wav,	5,	323,	8.87,	2.4214932918548584,	15,	0.3
02,	2,	4,	3,	8,	uso_300ms_1.wav,	7,	349,	9.73,	1.6124472618103027,	15,	0.3
02,	2,	4,	3,	9,	uso_300ms_70.wav,	9,	374,	10.57,	2.073972225189209,	15,	0.3
02,	2,	4,	3,	10,	uso_300ms_58.wav,	8,	396,	11.3,	2.2105560302734375,	15,	0.3
02,	2,	4,	3,	11,	uso_300ms_71.wav,	5,	377,	10.67,	2.104182481765747,	15,	0.3
02,	2,	4,	3,	12,	uso_300ms_37.wav,	7,	347,	9.67,	1.7703611850738525,	15,	0.3
02,	2,	4,	3,	13,	uso_300ms_5.wav,	6,	320,	8.77,	1.7699806690216064,	15,	0.3
02,	2,	4,	3,	14,	uso_300ms_54.wav,	8,	348,	9.7,	1.493823528289795,	15,	0.3
02,	2,	4,	3,	15,	uso_300ms_7.wav,	9,	375,	10.6,	1.4112215042114258,	15,	0.3
02,	2,	4,	3,	16,	uso_300ms_32.wav,	5,	391,	11.13,	1.8832216262817383,	15,	0.3
02,	2,	4,	3,	17,	uso_300ms_25.wav,	6,	373,	10.53,	1.9703071117401123,	15,	0.3
02,	2,	4,	3,	18,	uso_300ms_89.wav,	9,	351,	9.8,	1.7867891788482666,	15,	0.3
02,	2,	4,	3,	19,	uso_300ms_21.wav,	8,	372,	10.5,	1.8717803955078125,	15,	0.3
02,	2,	4,	3,	20,	uso_300ms_35.wav,	7,	392,	11.17,	1.920534372329712,	15,	0.3
02,	2,	4,	3,	21,	uso_300ms_60.wav,	6,	368,	10.37,	1.8346357345581055,	15,	0.3
02,	2,	4,	3,	22,	uso_300ms_66.wav,	5,	343,	9.53,	1.678575038909912,	15,	0.3
02,	2,	4,	3,	23,	uso_300ms_77.wav,	7,	321,	8.8,	1.3689689636230469,	15,	0.3
02,	2,	4,	3,	24,	uso_300ms_17.wav,	8,	375,	10.6,	2.0420260429382324,	15,	0.3
02,	2,	4,	3,	25,	uso_300ms_75.wav,	9,	391,	11.13,	2.4891045093536377,	15,	0.3
02,	2,	4,	3,	26,	uso_300ms_98.wav,	7,	368,	10.37,	1.7623753547668457,	15,	0.3
02,	2,	4,	3,	27,	uso_300ms_24.wav,	5,	346,	9.63,	2.0362508296966553,	15,	0.3
02,	2,	4,	3,	28,	uso_300ms_83.wav,	6,	378,	10.7,	2.124995231628418,	15,	0.3
02,	2,	4,	3,	29,	uso_300ms_37.wav,	9,	336,	9.3,	1.8582947254180908,	15,	0.3
02,	2,	4,	3,	30,	uso_300ms_58.wav,	8,	361,	10.13,	2.055048942565918,	15,	0.3
02,	2,	4,	3,	31,	uso_300ms_59.wav,	7,	303,	8.2,	2.433290958404541,	15,	0.3
02,	2,	4,	3,	32,	uso_300ms_68.wav,	6,	372,	10.5,	2.408514976501465,	15,	0.3
02,	2,	4,	3,	33,	uso_300ms_93.wav,	5,	358,	10.03,	1.7914645671844482,	15,	0.3
02,	2,	4,	3,	34,	uso_300ms_99.wav,	9,	390,	11.1,	1.6092064380645752,	15,	0.3
02,	2,	4,	3,	35,	uso_300ms_1.wav,	8,	355,	9.93,	2.577328681945801,	15,	0.3
02,	2,	4,	3,	36,	uso_300ms_90.wav,	9,	383,	10.87,	1.6625244617462158,	15,	0.3
02,	2,	4,	3,	37,	uso_300ms_70.wav,	7,	336,	9.3,	1.5053462982177734,	15,	0.3
02,	2,	4,	3,	38,	uso_300ms_22.wav,	8,	410,	11.77,	1.8027245998382568,	15,	0.3
02,	2,	4,	3,	39,	uso_300ms_60.wav,	5,	388,	11.03,	2.2753746509552,	15,	0.3
02,	2,	4,	3,	40,	uso_300ms_53.wav,	6,	408,	11.7,	1.8496921062469482,	15,	0.3
02,	2,	4,	3,	41,	uso_300ms_21.wav,	9,	384,	10.9,	1.3186743259429932,	15,	0.3
02,	2,	4,	3,	42,	uso_300ms_23.wav,	6,	348,	9.7,	1.7417356967926025,	15,	0.3
02,	2,	4,	3,	43,	uso_300ms_82.wav,	5,	377,	10.67,	2.5267953872680664,	15,	0.3
02,	2,	4,	3,	44,	uso_300ms_30.wav,	8,	312,	8.5,	1.8409874439239502,	15,	0.3
02,	2,	4,	3,	45,	uso_300ms_43.wav,	7,	274,	7.23,	1.8813436031341553,	15,	0.3
02,	2,	4,	3,	46,	uso_300ms_20.wav,	8,	383,	10.87,	2.0746140480041504,	15,	0.3
02,	2,	4,	3,	47,	uso_300ms_67.wav,	9,	331,	9.13,	1.7822813987731934,	15,	0.3
02,	2,	4,	3,	48,	uso_300ms_6.wav,	7,	350,	9.77,	1.8023810386657715,	15,	0.3
02,	2,	4,	3,	49,	uso_300ms_28.wav,	5,	392,	11.17,	1.8039250373840332,	15,	0.3
02,	2,	4,	3,	50,	uso_300ms_84.wav,	6,	334,	9.23,	2.661097526550293,	15,	0.3
02,	2,	4,	3,	51,	uso_300ms_78.wav,	5,	355,	9.93,	2.7109694480895996,	15,	0.3
02,	2,	4,	3,	52,	uso_300ms_86.wav,	6,	327,	9.0,	2.160186767578125,	15,	0.3
02,	2,	4,	3,	53,	uso_300ms_2.wav,	7,	373,	10.53,	1.9831418991088867,	15,	0.3
02,	2,	4,	3,	54,	uso_300ms_3.wav,	8,	418,	12.03,	1.7837488651275635,	15,	0.3
02,	2,	4,	3,	55,	uso_300ms_45.wav,	9,	406,	11.63,	1.5876798629760742,	15,	0.3
02,	2,	4,	3,	56,	uso_300ms_9.wav,	5,	329,	9.07,	2.7093019485473633,	15,	0.3
02,	2,	4,	3,	57,	uso_300ms_10.wav,	7,	383,	10.87,	1.8801929950714111,	15,	0.3
02,	2,	4,	3,	58,	uso_300ms_93.wav,	9,	404,	11.57,	1.9458611011505127,	15,	0.3
02,	2,	4,	3,	59,	uso_300ms_25.wav,	6,	375,	10.6,	1.68861985206604,	15,	0.3
02,	2,	4,	3,	60,	uso_300ms_44.wav,	8,	420,	12.1,	1.7254300117492676,	15,	0.3
02,	2,	4,	3,	61,	uso_300ms_32.wav,	6,	378,	10.7,	2.107741117477417,	15,	0.3
02,	2,	4,	3,	62,	uso_300ms_71.wav,	8,	408,	11.7,	1.8833086490631104,	15,	0.3
02,	2,	4,	3,	63,	uso_300ms_47.wav,	9,	416,	11.97,	2.102421998977661,	15,	0.3
02,	2,	4,	3,	64,	uso_300ms_21.wav,	5,	395,	11.27,	1.7688262462615967,	15,	0.3
02,	2,	4,	3,	65,	uso_300ms_61.wav,	7,	358,	10.03,	1.8204646110534668,	15,	0.3
02,	2,	4,	3,	66,	uso_300ms_72.wav,	9,	383,	10.87,	1.650660753250122,	15,	0.3
02,	2,	4,	3,	67,	uso_300ms_69.wav,	8,	357,	10.0,	1.603569746017456,	15,	0.3
02,	2,	4,	3,	68,	uso_300ms_20.wav,	6,	302,	8.17,	1.9570024013519287,	15,	0.3
02,	2,	4,	3,	69,	uso_300ms_78.wav,	5,	283,	7.53,	1.6346569061279297,	15,	0.3
02,	2,	4,	3,	70,	uso_300ms_29.wav,	7,	330,	9.1,	1.3944385051727295,	15,	0.3
02,	2,	4,	3,	71,	uso_300ms_62.wav,	6,	355,	9.93,	2.245453119277954,	15,	0.3
02,	2,	4,	3,	72,	uso_300ms_26.wav,	9,	318,	8.7,	2.2216455936431885,	15,	0.3
02,	2,	4,	3,	73,	uso_300ms_56.wav,	5,	292,	7.83,	3.1862220764160156,	15,	0.3
02,	2,	4,	3,	74,	uso_300ms_83.wav,	7,	340,	9.43,	2.058765172958374,	15,	0.3
02,	2,	4,	3,	75,	uso_300ms_31.wav,	8,	311,	8.47,	1.861316204071045,	15,	0.3
