sub_id,cond_id,block_id,task_id,event_id,stim_id,speaker_id,led_id,led_distance,response_time,n_reps,isi
02,	2,	6,	1,	1,	uso_300ms_42.wav,	8,	263,	6.87,	7.0251688957214355,	15,	0.3
02,	2,	6,	1,	2,	uso_300ms_40.wav,	7,	332,	9.17,	2.4712140560150146,	15,	0.3
02,	2,	6,	1,	3,	uso_300ms_70.wav,	0,	133,	2.53,	2.4095072746276855,	15,	0.3
02,	2,	6,	1,	4,	uso_300ms_97.wav,	4,	166,	3.63,	1.5628225803375244,	15,	0.3
02,	2,	6,	1,	5,	uso_300ms_3.wav,	6,	389,	11.07,	3.632765769958496,	15,	0.3
02,	2,	6,	1,	6,	uso_300ms_35.wav,	1,	164,	3.57,	3.4635913372039795,	15,	0.3
02,	2,	6,	1,	7,	uso_300ms_14.wav,	5,	274,	7.23,	3.8149375915527344,	15,	0.3
02,	2,	6,	1,	8,	uso_300ms_67.wav,	2,	204,	4.9,	1.9018585681915283,	15,	0.3
02,	2,	6,	1,	9,	uso_300ms_25.wav,	3,	164,	3.57,	2.6385345458984375,	15,	0.3
02,	2,	6,	1,	10,	uso_300ms_84.wav,	9,	371,	10.47,	3.9774622917175293,	15,	0.3
02,	2,	6,	1,	11,	uso_300ms_48.wav,	10,	414,	11.9,	1.7734639644622803,	15,	0.3
02,	2,	6,	1,	12,	uso_300ms_20.wav,	4,	297,	8.0,	1.8156182765960693,	15,	0.3
02,	2,	6,	1,	13,	uso_300ms_63.wav,	2,	189,	4.4,	1.859677791595459,	15,	0.3
02,	2,	6,	1,	14,	uso_300ms_77.wav,	1,	143,	2.87,	1.3313696384429932,	15,	0.3
02,	2,	6,	1,	15,	uso_300ms_2.wav,	0,	114,	1.9,	2.14874005317688,	15,	0.3
02,	2,	6,	1,	16,	uso_300ms_74.wav,	3,	230,	5.77,	2.0241949558258057,	15,	0.3
02,	2,	6,	1,	17,	uso_300ms_39.wav,	5,	369,	10.4,	2.046037435531616,	15,	0.3
02,	2,	6,	1,	18,	uso_300ms_50.wav,	10,	406,	11.63,	1.744469404220581,	15,	0.3
02,	2,	6,	1,	19,	uso_300ms_23.wav,	6,	336,	9.3,	1.6146104335784912,	15,	0.3
02,	2,	6,	1,	20,	uso_300ms_94.wav,	8,	408,	11.7,	1.9599623680114746,	15,	0.3
02,	2,	6,	1,	21,	uso_300ms_41.wav,	7,	425,	12.27,	1.6359953880310059,	15,	0.3
02,	2,	6,	1,	22,	uso_300ms_57.wav,	9,	379,	10.73,	1.745378017425537,	15,	0.3
02,	2,	6,	1,	23,	uso_300ms_79.wav,	5,	294,	7.9,	1.8158295154571533,	15,	0.3
02,	2,	6,	1,	24,	uso_300ms_59.wav,	8,	341,	9.47,	2.2171051502227783,	15,	0.3
02,	2,	6,	1,	25,	uso_300ms_28.wav,	10,	400,	11.43,	2.5889620780944824,	15,	0.3
02,	2,	6,	1,	26,	uso_300ms_17.wav,	2,	131,	2.47,	3.9437899589538574,	15,	0.3
02,	2,	6,	1,	27,	uso_300ms_86.wav,	9,	352,	9.83,	2.7090938091278076,	15,	0.3
02,	2,	6,	1,	28,	uso_300ms_81.wav,	7,	405,	11.6,	1.6128041744232178,	15,	0.3
02,	2,	6,	1,	29,	uso_300ms_89.wav,	6,	208,	5.03,	2.135620594024658,	15,	0.3
02,	2,	6,	1,	30,	uso_300ms_12.wav,	0,	125,	2.27,	1.6896345615386963,	15,	0.3
02,	2,	6,	1,	31,	uso_300ms_9.wav,	4,	172,	3.83,	1.3333818912506104,	15,	0.3
02,	2,	6,	1,	32,	uso_300ms_93.wav,	1,	150,	3.1,	1.5388329029083252,	15,	0.3
02,	2,	6,	1,	33,	uso_300ms_51.wav,	3,	218,	5.37,	1.820469856262207,	15,	0.3
02,	2,	6,	1,	34,	uso_300ms_7.wav,	1,	156,	3.3,	1.3319640159606934,	15,	0.3
02,	2,	6,	1,	35,	uso_300ms_47.wav,	0,	114,	1.9,	2.195542812347412,	15,	0.3
02,	2,	6,	1,	36,	uso_300ms_52.wav,	2,	172,	3.83,	1.8365652561187744,	15,	0.3
02,	2,	6,	1,	37,	uso_300ms_97.wav,	5,	162,	3.5,	1.7207865715026855,	15,	0.3
02,	2,	6,	1,	38,	uso_300ms_42.wav,	9,	388,	11.03,	2.3875508308410645,	15,	0.3
02,	2,	6,	1,	39,	uso_300ms_51.wav,	3,	291,	7.8,	1.7730424404144287,	15,	0.3
02,	2,	6,	1,	40,	uso_300ms_39.wav,	6,	341,	9.47,	1.7362687587738037,	15,	0.3
02,	2,	6,	1,	41,	uso_300ms_21.wav,	4,	246,	6.3,	2.1936421394348145,	15,	0.3
02,	2,	6,	1,	42,	uso_300ms_41.wav,	7,	411,	11.8,	1.8465120792388916,	15,	0.3
02,	2,	6,	1,	43,	uso_300ms_84.wav,	8,	413,	11.87,	2.137828826904297,	15,	0.3
02,	2,	6,	1,	44,	uso_300ms_96.wav,	10,	421,	12.13,	1.8361001014709473,	15,	0.3
02,	2,	6,	1,	45,	uso_300ms_1.wav,	3,	259,	6.73,	1.5644917488098145,	15,	0.3
02,	2,	6,	1,	46,	uso_300ms_6.wav,	5,	255,	6.6,	1.9862067699432373,	15,	0.3
02,	2,	6,	1,	47,	uso_300ms_49.wav,	2,	180,	4.1,	1.346900224685669,	15,	0.3
02,	2,	6,	1,	48,	uso_300ms_47.wav,	6,	241,	6.13,	1.4967725276947021,	15,	0.3
02,	2,	6,	1,	49,	uso_300ms_28.wav,	7,	314,	8.57,	1.3182713985443115,	15,	0.3
02,	2,	6,	1,	50,	uso_300ms_56.wav,	0,	145,	2.93,	1.687650442123413,	15,	0.3
02,	2,	6,	1,	51,	uso_300ms_21.wav,	9,	397,	11.33,	2.485429048538208,	15,	0.3
02,	2,	6,	1,	52,	uso_300ms_60.wav,	8,	374,	10.57,	1.1585278511047363,	15,	0.3
02,	2,	6,	1,	53,	uso_300ms_78.wav,	10,	419,	12.07,	1.5721392631530762,	15,	0.3
02,	2,	6,	1,	54,	uso_300ms_81.wav,	4,	403,	11.53,	1.12571382522583,	15,	0.3
02,	2,	6,	1,	55,	uso_300ms_83.wav,	1,	149,	3.07,	2.7132515907287598,	15,	0.3
02,	2,	6,	1,	56,	uso_300ms_9.wav,	3,	194,	4.57,	1.3238401412963867,	15,	0.3
02,	2,	6,	1,	57,	uso_300ms_29.wav,	8,	251,	6.47,	1.2736916542053223,	15,	0.3
02,	2,	6,	1,	58,	uso_300ms_31.wav,	9,	327,	9.0,	1.4524765014648438,	15,	0.3
02,	2,	6,	1,	59,	uso_300ms_86.wav,	7,	284,	7.57,	1.9601550102233887,	15,	0.3
02,	2,	6,	1,	60,	uso_300ms_61.wav,	4,	228,	5.7,	1.936253547668457,	15,	0.3
02,	2,	6,	1,	61,	uso_300ms_71.wav,	1,	163,	3.53,	1.5741798877716064,	15,	0.3
02,	2,	6,	1,	62,	uso_300ms_27.wav,	10,	331,	9.13,	1.9616265296936035,	15,	0.3
02,	2,	6,	1,	63,	uso_300ms_64.wav,	6,	376,	10.63,	2.5010602474212646,	15,	0.3
02,	2,	6,	1,	64,	uso_300ms_38.wav,	0,	124,	2.23,	3.2851200103759766,	15,	0.3
02,	2,	6,	1,	65,	uso_300ms_60.wav,	2,	186,	4.3,	1.815887212753296,	15,	0.3
02,	2,	6,	1,	66,	uso_300ms_70.wav,	5,	288,	7.7,	3.109370231628418,	15,	0.3
02,	2,	6,	1,	67,	uso_300ms_38.wav,	4,	218,	5.37,	1.6141724586486816,	15,	0.3
02,	2,	6,	1,	68,	uso_300ms_78.wav,	1,	159,	3.4,	1.7934949398040771,	15,	0.3
02,	2,	6,	1,	69,	uso_300ms_41.wav,	7,	357,	10.0,	2.957331418991089,	15,	0.3
02,	2,	6,	1,	70,	uso_300ms_20.wav,	6,	248,	6.37,	2.4661865234375,	15,	0.3
02,	2,	6,	1,	71,	uso_300ms_49.wav,	2,	170,	3.77,	1.66343092918396,	15,	0.3
02,	2,	6,	1,	72,	uso_300ms_34.wav,	5,	269,	7.07,	1.5373411178588867,	15,	0.3
02,	2,	6,	1,	73,	uso_300ms_47.wav,	8,	352,	9.83,	1.6180341243743896,	15,	0.3
02,	2,	6,	1,	74,	uso_300ms_91.wav,	0,	118,	2.03,	2.3173632621765137,	15,	0.3
02,	2,	6,	1,	75,	uso_300ms_2.wav,	9,	397,	11.33,	2.5210516452789307,	15,	0.3
02,	2,	6,	1,	76,	uso_300ms_10.wav,	3,	283,	7.53,	2.1998655796051025,	15,	0.3
02,	2,	6,	1,	77,	uso_300ms_14.wav,	10,	343,	9.53,	1.437889814376831,	15,	0.3
02,	2,	6,	1,	78,	uso_300ms_56.wav,	1,	173,	3.87,	1.9274930953979492,	15,	0.3
02,	2,	6,	1,	79,	uso_300ms_74.wav,	3,	243,	6.2,	1.237940788269043,	15,	0.3
02,	2,	6,	1,	80,	uso_300ms_73.wav,	5,	372,	10.5,	1.789762258529663,	15,	0.3
02,	2,	6,	1,	81,	uso_300ms_8.wav,	10,	409,	11.73,	1.3496177196502686,	15,	0.3
02,	2,	6,	1,	82,	uso_300ms_93.wav,	9,	388,	11.03,	2.0366084575653076,	15,	0.3
02,	2,	6,	1,	83,	uso_300ms_68.wav,	8,	419,	12.07,	1.4380607604980469,	15,	0.3
02,	2,	6,	1,	84,	uso_300ms_20.wav,	6,	350,	9.77,	1.3409695625305176,	15,	0.3
02,	2,	6,	1,	85,	uso_300ms_83.wav,	4,	291,	7.8,	1.3165295124053955,	15,	0.3
02,	2,	6,	1,	86,	uso_300ms_7.wav,	7,	337,	9.33,	1.8124265670776367,	15,	0.3
02,	2,	6,	1,	87,	uso_300ms_86.wav,	2,	164,	3.57,	1.8600399494171143,	15,	0.3
02,	2,	6,	1,	88,	uso_300ms_93.wav,	0,	114,	1.9,	1.577652931213379,	15,	0.3
02,	2,	6,	1,	89,	uso_300ms_97.wav,	3,	151,	3.13,	1.3981311321258545,	15,	0.3
02,	2,	6,	1,	90,	uso_300ms_31.wav,	6,	252,	6.5,	1.4564244747161865,	15,	0.3
02,	2,	6,	1,	91,	uso_300ms_2.wav,	4,	215,	5.27,	1.04244065284729,	15,	0.3
02,	2,	6,	1,	92,	uso_300ms_35.wav,	7,	350,	9.77,	1.5088610649108887,	15,	0.3
02,	2,	6,	1,	93,	uso_300ms_77.wav,	10,	375,	10.6,	1.5189335346221924,	15,	0.3
02,	2,	6,	1,	94,	uso_300ms_38.wav,	9,	353,	9.87,	1.4143171310424805,	15,	0.3
02,	2,	6,	1,	95,	uso_300ms_35.wav,	1,	216,	5.3,	1.4337503910064697,	15,	0.3
02,	2,	6,	1,	96,	uso_300ms_10.wav,	0,	142,	2.83,	1.486536979675293,	15,	0.3
02,	2,	6,	1,	97,	uso_300ms_92.wav,	8,	352,	9.83,	1.9678876399993896,	15,	0.3
02,	2,	6,	1,	98,	uso_300ms_61.wav,	2,	261,	6.8,	1.4158689975738525,	15,	0.3
02,	2,	6,	1,	99,	uso_300ms_42.wav,	5,	292,	7.83,	1.026033639907837,	15,	0.3
02,	2,	6,	1,	100,	uso_300ms_26.wav,	2,	200,	4.77,	1.4814732074737549,	15,	0.3
02,	2,	6,	1,	101,	uso_300ms_45.wav,	9,	402,	11.5,	1.7973606586456299,	15,	0.3
02,	2,	6,	1,	102,	uso_300ms_68.wav,	7,	363,	10.2,	1.0120055675506592,	15,	0.3
02,	2,	6,	1,	103,	uso_300ms_84.wav,	10,	414,	11.9,	1.3708462715148926,	15,	0.3
02,	2,	6,	1,	104,	uso_300ms_74.wav,	8,	389,	11.07,	1.2109267711639404,	15,	0.3
02,	2,	6,	1,	105,	uso_300ms_71.wav,	1,	177,	4.0,	1.9388341903686523,	15,	0.3
02,	2,	6,	1,	106,	uso_300ms_49.wav,	5,	288,	7.7,	1.466942548751831,	15,	0.3
02,	2,	6,	1,	107,	uso_300ms_56.wav,	6,	416,	11.97,	1.5213639736175537,	15,	0.3
02,	2,	6,	1,	108,	uso_300ms_68.wav,	0,	137,	2.67,	2.2515177726745605,	15,	0.3
02,	2,	6,	1,	109,	uso_300ms_47.wav,	3,	215,	5.27,	1.4830126762390137,	15,	0.3
02,	2,	6,	1,	110,	uso_300ms_94.wav,	4,	271,	7.13,	1.3923580646514893,	15,	0.3
02,	2,	6,	1,	111,	uso_300ms_93.wav,	0,	136,	2.63,	1.6114966869354248,	15,	0.3
02,	2,	6,	1,	112,	uso_300ms_63.wav,	8,	340,	9.43,	1.962918758392334,	15,	0.3
02,	2,	6,	1,	113,	uso_300ms_43.wav,	4,	248,	6.37,	1.5724925994873047,	15,	0.3
02,	2,	6,	1,	114,	uso_300ms_66.wav,	2,	214,	5.23,	1.7161848545074463,	15,	0.3
02,	2,	6,	1,	115,	uso_300ms_19.wav,	9,	389,	11.07,	1.8178880214691162,	15,	0.3
02,	2,	6,	1,	116,	uso_300ms_49.wav,	1,	318,	8.7,	1.202214241027832,	15,	0.3
02,	2,	6,	1,	117,	uso_300ms_1.wav,	6,	358,	10.03,	1.161546230316162,	15,	0.3
02,	2,	6,	1,	118,	uso_300ms_25.wav,	3,	284,	7.57,	1.631547451019287,	15,	0.3
02,	2,	6,	1,	119,	uso_300ms_25.wav,	7,	397,	11.33,	1.451592206954956,	15,	0.3
02,	2,	6,	1,	120,	uso_300ms_12.wav,	10,	426,	12.3,	1.2766227722167969,	15,	0.3
02,	2,	6,	1,	121,	uso_300ms_71.wav,	5,	401,	11.47,	1.106013536453247,	15,	0.3
02,	2,	6,	1,	122,	uso_300ms_1.wav,	2,	258,	6.7,	1.802170991897583,	15,	0.3
02,	2,	6,	1,	123,	uso_300ms_24.wav,	3,	221,	5.47,	1.0500116348266602,	15,	0.3
02,	2,	6,	1,	124,	uso_300ms_86.wav,	5,	277,	7.33,	1.3247320652008057,	15,	0.3
02,	2,	6,	1,	125,	uso_300ms_66.wav,	6,	310,	8.43,	1.5175752639770508,	15,	0.3
02,	2,	6,	1,	126,	uso_300ms_37.wav,	4,	281,	7.47,	1.0184438228607178,	15,	0.3
02,	2,	6,	1,	127,	uso_300ms_43.wav,	7,	357,	10.0,	1.8212757110595703,	15,	0.3
02,	2,	6,	1,	128,	uso_300ms_89.wav,	10,	348,	9.7,	1.3960070610046387,	15,	0.3
02,	2,	6,	1,	129,	uso_300ms_100.wav,	9,	381,	10.8,	1.0716307163238525,	15,	0.3
02,	2,	6,	1,	130,	uso_300ms_75.wav,	0,	136,	2.63,	2.296600103378296,	15,	0.3
02,	2,	6,	1,	131,	uso_300ms_56.wav,	8,	404,	11.57,	2.264545440673828,	15,	0.3
02,	2,	6,	1,	132,	uso_300ms_74.wav,	1,	197,	4.67,	1.881422758102417,	15,	0.3
02,	2,	6,	1,	133,	uso_300ms_44.wav,	4,	234,	5.9,	1.0692059993743896,	15,	0.3
02,	2,	6,	1,	134,	uso_300ms_50.wav,	10,	327,	9.0,	1.3771049976348877,	15,	0.3
02,	2,	6,	1,	135,	uso_300ms_65.wav,	2,	287,	7.67,	1.0993690490722656,	15,	0.3
02,	2,	6,	1,	136,	uso_300ms_3.wav,	0,	131,	2.47,	1.5091533660888672,	15,	0.3
02,	2,	6,	1,	137,	uso_300ms_69.wav,	6,	228,	5.7,	1.3232901096343994,	15,	0.3
02,	2,	6,	1,	138,	uso_300ms_73.wav,	3,	279,	7.4,	1.0904550552368164,	15,	0.3
02,	2,	6,	1,	139,	uso_300ms_39.wav,	7,	397,	11.33,	1.5610005855560303,	15,	0.3
02,	2,	6,	1,	140,	uso_300ms_84.wav,	5,	373,	10.53,	1.1865854263305664,	15,	0.3
02,	2,	6,	1,	141,	uso_300ms_58.wav,	1,	136,	2.63,	2.3042094707489014,	15,	0.3
02,	2,	6,	1,	142,	uso_300ms_89.wav,	8,	374,	10.57,	2.7061715126037598,	15,	0.3
02,	2,	6,	1,	143,	uso_300ms_99.wav,	9,	402,	11.5,	1.497920274734497,	15,	0.3
02,	2,	6,	1,	144,	uso_300ms_36.wav,	5,	290,	7.77,	1.5865437984466553,	15,	0.3
02,	2,	6,	1,	145,	uso_300ms_76.wav,	0,	107,	1.67,	2.1604387760162354,	15,	0.3
02,	2,	6,	1,	146,	uso_300ms_11.wav,	4,	220,	5.43,	1.4426336288452148,	15,	0.3
02,	2,	6,	1,	147,	uso_300ms_38.wav,	1,	145,	2.93,	1.4608473777770996,	15,	0.3
02,	2,	6,	1,	148,	uso_300ms_36.wav,	7,	336,	9.3,	1.8783748149871826,	15,	0.3
02,	2,	6,	1,	149,	uso_300ms_49.wav,	10,	389,	11.07,	1.158020257949829,	15,	0.3
02,	2,	6,	1,	150,	uso_300ms_80.wav,	6,	426,	12.3,	2.2894887924194336,	15,	0.3
02,	2,	6,	1,	151,	uso_300ms_51.wav,	2,	248,	6.37,	1.5899083614349365,	15,	0.3
02,	2,	6,	1,	152,	uso_300ms_33.wav,	9,	363,	10.2,	1.513179063796997,	15,	0.3
02,	2,	6,	1,	153,	uso_300ms_16.wav,	8,	295,	7.93,	2.0135207176208496,	15,	0.3
02,	2,	6,	1,	154,	uso_300ms_8.wav,	3,	201,	4.8,	1.4296493530273438,	15,	0.3
02,	2,	6,	1,	155,	uso_300ms_10.wav,	6,	294,	7.9,	2.6649997234344482,	15,	0.3
02,	2,	6,	1,	156,	uso_300ms_67.wav,	3,	250,	6.43,	1.9529976844787598,	15,	0.3
02,	2,	6,	1,	157,	uso_300ms_4.wav,	7,	374,	10.57,	1.5860071182250977,	15,	0.3
02,	2,	6,	1,	158,	uso_300ms_82.wav,	2,	205,	4.93,	1.6985657215118408,	15,	0.3
02,	2,	6,	1,	159,	uso_300ms_78.wav,	4,	243,	6.2,	1.1915950775146484,	15,	0.3
02,	2,	6,	1,	160,	uso_300ms_51.wav,	0,	140,	2.77,	1.5910496711730957,	15,	0.3
02,	2,	6,	1,	161,	uso_300ms_53.wav,	1,	158,	3.37,	1.996567726135254,	15,	0.3
02,	2,	6,	1,	162,	uso_300ms_27.wav,	9,	340,	9.43,	2.5050137042999268,	15,	0.3
02,	2,	6,	1,	163,	uso_300ms_60.wav,	10,	375,	10.6,	1.1519677639007568,	15,	0.3
02,	2,	6,	1,	164,	uso_300ms_73.wav,	5,	394,	11.23,	1.4339041709899902,	15,	0.3
02,	2,	6,	1,	165,	uso_300ms_77.wav,	8,	394,	11.23,	1.1119999885559082,	15,	0.3
