sub_id,cond_id,block_id,task_id,event_id,stim_id,speaker_id,led_id,led_distance,response_time,n_reps,isi
02,	2,	1,	3,	1,	uso_300ms_4.wav,	6,	90,	1.1,	0.20055532455444336,	15,	0.3
02,	2,	1,	3,	2,	uso_300ms_9.wav,	8,	317,	8.67,	13.556035280227661,	15,	0.3
02,	2,	1,	3,	3,	uso_300ms_91.wav,	5,	400,	11.43,	3.701011896133423,	15,	0.3
02,	2,	1,	3,	4,	uso_300ms_74.wav,	7,	400,	11.43,	2.855590343475342,	15,	0.3
02,	2,	1,	3,	5,	uso_300ms_4.wav,	9,	440,	12.77,	3.614137649536133,	15,	0.3
02,	2,	1,	3,	6,	uso_300ms_11.wav,	7,	416,	11.97,	5.730002403259277,	15,	0.3
02,	2,	1,	3,	7,	uso_300ms_30.wav,	6,	428,	12.37,	5.005778074264526,	15,	0.3
02,	2,	1,	3,	8,	uso_300ms_57.wav,	8,	435,	12.6,	3.4781346321105957,	15,	0.3
02,	2,	1,	3,	9,	uso_300ms_41.wav,	9,	435,	12.6,	2.6646337509155273,	15,	0.3
02,	2,	1,	3,	10,	uso_300ms_10.wav,	5,	410,	11.77,	3.94161057472229,	15,	0.3
02,	2,	1,	3,	11,	uso_300ms_98.wav,	7,	404,	11.57,	4.428382396697998,	15,	0.3
02,	2,	1,	3,	12,	uso_300ms_65.wav,	6,	409,	11.73,	3.0057365894317627,	15,	0.3
02,	2,	1,	3,	13,	uso_300ms_78.wav,	5,	430,	12.43,	3.4071404933929443,	15,	0.3
02,	2,	1,	3,	14,	uso_300ms_33.wav,	9,	397,	11.33,	5.1185290813446045,	15,	0.3
02,	2,	1,	3,	15,	uso_300ms_46.wav,	8,	407,	11.67,	3.196690797805786,	15,	0.3
02,	2,	1,	3,	16,	uso_300ms_34.wav,	9,	418,	12.03,	3.683931589126587,	15,	0.3
02,	2,	1,	3,	17,	uso_300ms_72.wav,	5,	389,	11.07,	4.162981748580933,	15,	0.3
02,	2,	1,	3,	18,	uso_300ms_1.wav,	6,	392,	11.17,	3.458212375640869,	15,	0.3
02,	2,	1,	3,	19,	uso_300ms_95.wav,	7,	438,	12.7,	3.2252025604248047,	15,	0.3
02,	2,	1,	3,	20,	uso_300ms_30.wav,	8,	410,	11.77,	3.0473995208740234,	15,	0.3
02,	2,	1,	3,	21,	uso_300ms_22.wav,	6,	410,	11.77,	4.616790771484375,	15,	0.3
02,	2,	1,	3,	22,	uso_300ms_78.wav,	5,	400,	11.43,	3.5238637924194336,	15,	0.3
02,	2,	1,	3,	23,	uso_300ms_100.wav,	8,	375,	10.6,	3.994006872177124,	15,	0.3
02,	2,	1,	3,	24,	uso_300ms_37.wav,	7,	387,	11.0,	4.113160848617554,	15,	0.3
02,	2,	1,	3,	25,	uso_300ms_35.wav,	9,	401,	11.47,	3.1515207290649414,	15,	0.3
02,	2,	1,	3,	26,	uso_300ms_58.wav,	8,	383,	10.87,	3.6578540802001953,	15,	0.3
02,	2,	1,	3,	27,	uso_300ms_27.wav,	5,	379,	10.73,	3.4720821380615234,	15,	0.3
02,	2,	1,	3,	28,	uso_300ms_46.wav,	6,	417,	12.0,	2.700963258743286,	15,	0.3
02,	2,	1,	3,	29,	uso_300ms_80.wav,	7,	391,	11.13,	3.928474187850952,	15,	0.3
02,	2,	1,	3,	30,	uso_300ms_79.wav,	9,	380,	10.77,	6.071845293045044,	15,	0.3
02,	2,	1,	3,	31,	uso_300ms_97.wav,	5,	438,	12.7,	2.494121551513672,	15,	0.3
02,	2,	1,	3,	32,	uso_300ms_93.wav,	9,	332,	9.17,	2.6393511295318604,	15,	0.3
02,	2,	1,	3,	33,	uso_300ms_78.wav,	8,	323,	8.87,	2.968848466873169,	15,	0.3
02,	2,	1,	3,	34,	uso_300ms_88.wav,	6,	333,	9.2,	2.8363547325134277,	15,	0.3
02,	2,	1,	3,	35,	uso_300ms_80.wav,	7,	341,	9.47,	2.8748362064361572,	15,	0.3
02,	2,	1,	3,	36,	uso_300ms_7.wav,	6,	347,	9.67,	2.972053289413452,	15,	0.3
02,	2,	1,	3,	37,	uso_300ms_53.wav,	8,	330,	9.1,	1.6768574714660645,	15,	0.3
02,	2,	1,	3,	38,	uso_300ms_16.wav,	5,	390,	11.1,	2.2698183059692383,	15,	0.3
02,	2,	1,	3,	39,	uso_300ms_3.wav,	7,	324,	8.9,	2.308476448059082,	15,	0.3
02,	2,	1,	3,	40,	uso_300ms_56.wav,	9,	367,	10.33,	2.7066378593444824,	15,	0.3
02,	2,	1,	3,	41,	uso_300ms_19.wav,	7,	326,	8.97,	3.169260263442993,	15,	0.3
02,	2,	1,	3,	42,	uso_300ms_88.wav,	9,	308,	8.37,	2.390902280807495,	15,	0.3
02,	2,	1,	3,	43,	uso_300ms_37.wav,	5,	373,	10.53,	2.142810106277466,	15,	0.3
02,	2,	1,	3,	44,	uso_300ms_95.wav,	8,	313,	8.53,	2.5300445556640625,	15,	0.3
02,	2,	1,	3,	45,	uso_300ms_62.wav,	6,	437,	12.67,	2.5092172622680664,	15,	0.3
02,	2,	1,	3,	46,	uso_300ms_59.wav,	8,	345,	9.6,	2.817234754562378,	15,	0.3
02,	2,	1,	3,	47,	uso_300ms_74.wav,	7,	356,	9.97,	3.5406410694122314,	15,	0.3
02,	2,	1,	3,	48,	uso_300ms_55.wav,	6,	356,	9.97,	16.689387559890747,	15,	0.3
02,	2,	1,	3,	49,	uso_300ms_78.wav,	9,	400,	11.43,	2.16098690032959,	15,	0.3
02,	2,	1,	3,	50,	uso_300ms_18.wav,	5,	413,	11.87,	2.117553949356079,	15,	0.3
02,	2,	1,	3,	51,	uso_300ms_5.wav,	6,	371,	10.47,	1.7984957695007324,	15,	0.3
02,	2,	1,	3,	52,	uso_300ms_96.wav,	8,	335,	9.27,	1.5582935810089111,	15,	0.3
02,	2,	1,	3,	53,	uso_300ms_63.wav,	5,	308,	8.37,	3.1128551959991455,	15,	0.3
02,	2,	1,	3,	54,	uso_300ms_29.wav,	7,	337,	9.33,	1.6083481311798096,	15,	0.3
02,	2,	1,	3,	55,	uso_300ms_26.wav,	9,	355,	9.93,	1.6587820053100586,	15,	0.3
02,	2,	1,	3,	56,	uso_300ms_67.wav,	7,	374,	10.57,	1.3604836463928223,	15,	0.3
02,	2,	1,	3,	57,	uso_300ms_88.wav,	5,	386,	10.97,	1.5720293521881104,	15,	0.3
02,	2,	1,	3,	58,	uso_300ms_18.wav,	8,	393,	11.2,	1.7104501724243164,	15,	0.3
02,	2,	1,	3,	59,	uso_300ms_70.wav,	6,	393,	11.2,	1.1775391101837158,	15,	0.3
02,	2,	1,	3,	60,	uso_300ms_99.wav,	9,	401,	11.47,	1.2034831047058105,	15,	0.3
02,	2,	1,	3,	61,	uso_300ms_71.wav,	6,	409,	11.73,	2.9956142902374268,	15,	0.3
02,	2,	1,	3,	62,	uso_300ms_32.wav,	8,	390,	11.1,	1.7791814804077148,	15,	0.3
02,	2,	1,	3,	63,	uso_300ms_26.wav,	7,	381,	10.8,	2.1412601470947266,	15,	0.3
02,	2,	1,	3,	64,	uso_300ms_48.wav,	5,	389,	11.07,	1.0758612155914307,	15,	0.3
02,	2,	1,	3,	65,	uso_300ms_53.wav,	9,	342,	9.5,	2.7848806381225586,	15,	0.3
02,	2,	1,	3,	66,	uso_300ms_73.wav,	5,	335,	9.27,	2.6029748916625977,	15,	0.3
02,	2,	1,	3,	67,	uso_300ms_88.wav,	9,	341,	9.47,	3.6172127723693848,	15,	0.3
02,	2,	1,	3,	68,	uso_300ms_17.wav,	6,	354,	9.9,	2.2562637329101562,	15,	0.3
02,	2,	1,	3,	69,	uso_300ms_93.wav,	7,	327,	9.0,	2.1684863567352295,	15,	0.3
02,	2,	1,	3,	70,	uso_300ms_90.wav,	8,	342,	9.5,	1.9374451637268066,	15,	0.3
02,	2,	1,	3,	71,	uso_300ms_85.wav,	9,	357,	10.0,	2.271822929382324,	15,	0.3
02,	2,	1,	3,	72,	uso_300ms_34.wav,	6,	363,	10.2,	2.427128314971924,	15,	0.3
02,	2,	1,	3,	73,	uso_300ms_97.wav,	5,	429,	12.4,	2.7887215614318848,	15,	0.3
02,	2,	1,	3,	74,	uso_300ms_48.wav,	8,	418,	12.03,	1.5960805416107178,	15,	0.3
02,	2,	1,	3,	75,	uso_300ms_7.wav,	7,	409,	11.73,	2.5447771549224854,	15,	0.3
