sub_id,cond_id,block_id,task_id,event_id,stim_id,speaker_id,led_id,led_distance,response_time,n_reps,isi
02,	2,	5,	3,	1,	uso_300ms_78.wav,	5,	90,	1.1,	nan,	90,	2
02,	2,	5,	3,	2,	uso_300ms_31.wav,	5,	226.22865899999994,	5.64,	nan,	90,	2
02,	2,	5,	3,	3,	uso_300ms_22.wav,	5,	274.33273599999995,	7.24,	nan,	90,	2
02,	2,	5,	3,	4,	uso_300ms_19.wav,	5,	280.04167000000007,	7.43,	nan,	90,	2
02,	2,	5,	3,	5,	uso_300ms_73.wav,	5,	264.2727420000001,	6.91,	nan,	90,	2
02,	2,	5,	3,	6,	uso_300ms_62.wav,	5,	273.7298120000002,	7.22,	nan,	90,	2
02,	2,	5,	3,	7,	uso_300ms_56.wav,	5,	270.42533600000036,	7.11,	nan,	90,	2
02,	2,	5,	3,	8,	uso_300ms_18.wav,	5,	273.1803190000005,	7.21,	nan,	90,	2
02,	2,	5,	3,	9,	uso_300ms_11.wav,	5,	264.97213300000044,	6.93,	nan,	90,	2
02,	2,	5,	3,	10,	uso_300ms_5.wav,	5,	243.0006240000004,	6.2,	nan,	90,	2
02,	2,	5,	3,	11,	uso_300ms_67.wav,	5,	263.9147480000005,	6.9,	nan,	90,	2
02,	2,	5,	3,	12,	uso_300ms_6.wav,	5,	270.78834200000017,	7.13,	nan,	90,	2
02,	2,	5,	3,	13,	uso_300ms_89.wav,	5,	275.0364110000008,	7.27,	nan,	90,	2
02,	2,	5,	3,	14,	uso_300ms_71.wav,	5,	274.3733360000008,	7.25,	nan,	90,	2
02,	2,	5,	3,	15,	uso_300ms_93.wav,	6,	285.5455320000009,	7.62,	nan,	90,	2
02,	2,	5,	3,	16,	uso_300ms_66.wav,	6,	310.242925000001,	8.44,	nan,	90,	2
02,	2,	5,	3,	17,	uso_300ms_80.wav,	7,	321.51883300000105,	8.82,	nan,	90,	2
02,	2,	5,	3,	18,	uso_300ms_17.wav,	7,	341.18111900000093,	9.47,	nan,	90,	2
02,	2,	5,	3,	19,	uso_300ms_55.wav,	8,	346.89504400000095,	9.66,	nan,	90,	2
02,	2,	5,	3,	20,	uso_300ms_100.wav,	8,	367.4826530000011,	10.35,	nan,	90,	2
02,	2,	5,	3,	21,	uso_300ms_36.wav,	9,	373.4425580000012,	10.55,	nan,	90,	2
02,	2,	5,	3,	22,	uso_300ms_81.wav,	9,	398.2663150000012,	11.38,	nan,	90,	2
02,	2,	5,	3,	23,	uso_300ms_82.wav,	9,	407.9041040000012,	11.7,	nan,	90,	2
02,	2,	5,	3,	24,	uso_300ms_64.wav,	9,	389.31463100000116,	11.08,	nan,	90,	2
02,	2,	5,	3,	25,	uso_300ms_86.wav,	9,	392.0050110000012,	11.17,	nan,	90,	2
02,	2,	5,	3,	26,	uso_300ms_49.wav,	9,	396.2187170000013,	11.31,	nan,	90,	2
02,	2,	5,	3,	27,	uso_300ms_66.wav,	9,	401.1858890000012,	11.47,	nan,	90,	2
02,	2,	5,	3,	28,	uso_300ms_17.wav,	9,	394.12629100000123,	11.24,	nan,	90,	2
02,	2,	5,	3,	29,	uso_300ms_84.wav,	9,	397.563613000001,	11.35,	nan,	90,	2
02,	2,	5,	3,	30,	uso_300ms_81.wav,	9,	399.36796100000123,	11.41,	nan,	90,	2
02,	2,	5,	3,	31,	uso_300ms_43.wav,	9,	406.9260360000012,	11.66,	nan,	90,	2
02,	2,	5,	3,	32,	uso_300ms_43.wav,	9,	410.6697970000011,	11.79,	nan,	90,	2
02,	2,	5,	3,	33,	uso_300ms_40.wav,	9,	414.7175330000014,	11.92,	nan,	90,	2
02,	2,	5,	3,	34,	uso_300ms_7.wav,	9,	419.94763900000135,	12.1,	nan,	90,	2
02,	2,	5,	3,	35,	uso_300ms_69.wav,	9,	406.4657650000013,	11.65,	nan,	90,	2
02,	2,	5,	3,	36,	uso_300ms_24.wav,	9,	397.9610170000013,	11.37,	nan,	90,	2
02,	2,	5,	3,	37,	uso_300ms_35.wav,	9,	390.0515280000013,	11.1,	nan,	90,	2
02,	2,	5,	3,	38,	uso_300ms_75.wav,	9,	395.6210360000013,	11.29,	nan,	90,	2
02,	2,	5,	3,	39,	uso_300ms_52.wav,	9,	399.6876020000013,	11.42,	nan,	90,	2
02,	2,	5,	3,	40,	uso_300ms_11.wav,	9,	402.03582200000125,	11.5,	nan,	90,	2
02,	2,	5,	3,	41,	uso_300ms_93.wav,	9,	398.08350300000126,	11.37,	nan,	90,	2
02,	2,	5,	3,	42,	uso_300ms_79.wav,	9,	395.0954270000012,	11.27,	nan,	90,	2
02,	2,	5,	3,	43,	uso_300ms_74.wav,	9,	393.73955500000125,	11.22,	nan,	90,	2
02,	2,	5,	3,	44,	uso_300ms_67.wav,	9,	379.39023400000127,	10.75,	nan,	90,	2
02,	2,	5,	3,	45,	uso_300ms_64.wav,	9,	385.4130270000013,	10.95,	nan,	90,	2
02,	2,	5,	3,	46,	uso_300ms_13.wav,	9,	390.09140700000114,	11.1,	nan,	90,	2
02,	2,	5,	3,	47,	uso_300ms_77.wav,	9,	395.13561400000094,	11.27,	nan,	90,	2
02,	2,	5,	3,	48,	uso_300ms_40.wav,	9,	398.33905200000095,	11.38,	nan,	90,	2
02,	2,	5,	3,	49,	uso_300ms_54.wav,	9,	404.4548120000011,	11.58,	nan,	90,	2
02,	2,	5,	3,	50,	uso_300ms_29.wav,	9,	409.1043520000011,	11.74,	nan,	90,	2
02,	2,	5,	3,	51,	uso_300ms_4.wav,	9,	414.03495600000105,	11.9,	nan,	90,	2
02,	2,	5,	3,	52,	uso_300ms_42.wav,	9,	422.10765000000106,	12.17,	nan,	90,	2
02,	2,	5,	3,	53,	uso_300ms_88.wav,	9,	401.89530400000103,	11.5,	nan,	90,	2
02,	2,	5,	3,	54,	uso_300ms_88.wav,	9,	394.3840380000008,	11.25,	nan,	90,	2
02,	2,	5,	3,	55,	uso_300ms_38.wav,	9,	398.0076160000007,	11.37,	nan,	90,	2
02,	2,	5,	3,	56,	uso_300ms_68.wav,	9,	402.0208210000012,	11.5,	nan,	90,	2
02,	2,	5,	3,	57,	uso_300ms_44.wav,	9,	397.2732950000012,	11.34,	nan,	90,	2
02,	2,	5,	3,	58,	uso_300ms_43.wav,	9,	394.9278330000012,	11.26,	nan,	90,	2
02,	2,	5,	3,	59,	uso_300ms_18.wav,	9,	389.8347450000012,	11.09,	nan,	90,	2
02,	2,	5,	3,	60,	uso_300ms_99.wav,	9,	383.0615660000011,	10.87,	nan,	90,	2
02,	2,	5,	3,	61,	uso_300ms_97.wav,	9,	373.2156040000012,	10.54,	nan,	90,	2
02,	2,	5,	3,	62,	uso_300ms_67.wav,	8,	369.7240740000012,	10.42,	nan,	90,	2
02,	2,	5,	3,	63,	uso_300ms_44.wav,	8,	369.7240740000012,	10.42,	nan,	90,	2
02,	2,	5,	3,	64,	uso_300ms_14.wav,	8,	354.54752800000114,	9.92,	nan,	90,	2
02,	2,	5,	3,	65,	uso_300ms_64.wav,	8,	347.0974000000011,	9.67,	nan,	90,	2
02,	2,	5,	3,	66,	uso_300ms_26.wav,	8,	342.3405990000011,	9.51,	nan,	90,	2
02,	2,	5,	3,	67,	uso_300ms_68.wav,	7,	339.888653000001,	9.43,	nan,	90,	2
02,	2,	5,	3,	68,	uso_300ms_66.wav,	7,	327.70637100000096,	9.02,	nan,	90,	2
02,	2,	5,	3,	69,	uso_300ms_92.wav,	6,	310.665060000001,	8.46,	nan,	90,	2
02,	2,	5,	3,	70,	uso_300ms_72.wav,	6,	310.48850600000065,	8.45,	nan,	90,	2
02,	2,	5,	3,	71,	uso_300ms_93.wav,	6,	292.4268050000001,	7.85,	nan,	90,	2
02,	2,	5,	3,	72,	uso_300ms_72.wav,	6,	282.50588700000014,	7.52,	nan,	90,	2
02,	2,	5,	3,	73,	uso_300ms_34.wav,	5,	266.5138760000001,	6.98,	nan,	90,	2
02,	2,	5,	3,	74,	uso_300ms_69.wav,	5,	266.5138760000001,	6.98,	nan,	90,	2
02,	2,	5,	3,	75,	uso_300ms_79.wav,	5,	258.720762,	6.72,	nan,	90,	2
02,	2,	5,	3,	76,	uso_300ms_50.wav,	5,	253.6411700000001,	6.55,	nan,	90,	2
02,	2,	5,	3,	77,	uso_300ms_99.wav,	5,	250.0775610000001,	6.44,	nan,	90,	2
02,	2,	5,	3,	78,	uso_300ms_15.wav,	5,	246.68169300000005,	6.32,	nan,	90,	2
02,	2,	5,	3,	79,	uso_300ms_52.wav,	5,	243.41880400000002,	6.21,	nan,	90,	2
02,	2,	5,	3,	80,	uso_300ms_51.wav,	5,	263.39718200000004,	6.88,	nan,	90,	2
02,	2,	5,	3,	81,	uso_300ms_51.wav,	5,	269.315661,	7.08,	nan,	90,	2
02,	2,	5,	3,	82,	uso_300ms_84.wav,	5,	271.7421900000003,	7.16,	nan,	90,	2
02,	2,	5,	3,	83,	uso_300ms_80.wav,	5,	274.4169670000003,	7.25,	nan,	90,	2
02,	2,	5,	3,	84,	uso_300ms_32.wav,	5,	278.08454700000027,	7.37,	nan,	90,	2
02,	2,	5,	3,	85,	uso_300ms_55.wav,	5,	268.1987760000004,	7.04,	nan,	90,	2
02,	2,	5,	3,	86,	uso_300ms_87.wav,	5,	268.1987760000004,	7.04,	nan,	90,	2
02,	2,	5,	3,	87,	uso_300ms_80.wav,	5,	269.4584190000007,	7.08,	nan,	90,	2
02,	2,	5,	3,	88,	uso_300ms_99.wav,	5,	259.3675130000001,	6.75,	nan,	90,	2
02,	2,	5,	3,	89,	uso_300ms_22.wav,	5,	267.91343500000016,	7.03,	nan,	90,	2
02,	2,	5,	3,	90,	uso_300ms_97.wav,	5,	273.1828530000001,	7.21,	nan,	90,	2
