sub_id,cond_id,block_id,task_id,event_id,stim_id,speaker_id,led_id,led_distance,response_time,n_reps,isi
02,	2,	2,	3,	1,	uso_300ms_64.wav,	7,	307,	8.33,	2.7273313999176025,	15,	0.3
02,	2,	2,	3,	2,	uso_300ms_56.wav,	5,	334,	9.23,	1.9336903095245361,	15,	0.3
02,	2,	2,	3,	3,	uso_300ms_19.wav,	6,	354,	9.9,	2.113067388534546,	15,	0.3
02,	2,	2,	3,	4,	uso_300ms_13.wav,	9,	365,	10.27,	2.1369595527648926,	15,	0.3
02,	2,	2,	3,	5,	uso_300ms_92.wav,	8,	372,	10.5,	2.8655474185943604,	15,	0.3
02,	2,	2,	3,	6,	uso_300ms_17.wav,	5,	370,	10.43,	2.5024590492248535,	15,	0.3
02,	2,	2,	3,	7,	uso_300ms_80.wav,	9,	373,	10.53,	1.8091070652008057,	15,	0.3
02,	2,	2,	3,	8,	uso_300ms_19.wav,	7,	378,	10.7,	2.151858329772949,	15,	0.3
02,	2,	2,	3,	9,	uso_300ms_29.wav,	8,	383,	10.87,	2.246340036392212,	15,	0.3
02,	2,	2,	3,	10,	uso_300ms_45.wav,	6,	387,	11.0,	2.0198051929473877,	15,	0.3
02,	2,	2,	3,	11,	uso_300ms_85.wav,	8,	390,	11.1,	2.909311532974243,	15,	0.3
02,	2,	2,	3,	12,	uso_300ms_67.wav,	6,	381,	10.8,	2.9759340286254883,	15,	0.3
02,	2,	2,	3,	13,	uso_300ms_39.wav,	7,	354,	9.9,	1.7914910316467285,	15,	0.3
02,	2,	2,	3,	14,	uso_300ms_41.wav,	5,	336,	9.3,	1.4863226413726807,	15,	0.3
02,	2,	2,	3,	15,	uso_300ms_91.wav,	9,	354,	9.9,	2.950709581375122,	15,	0.3
02,	2,	2,	3,	16,	uso_300ms_32.wav,	5,	383,	10.87,	1.4303052425384521,	15,	0.3
02,	2,	2,	3,	17,	uso_300ms_81.wav,	9,	350,	9.77,	3.4126977920532227,	15,	0.3
02,	2,	2,	3,	18,	uso_300ms_39.wav,	6,	364,	10.23,	4.316162586212158,	15,	0.3
02,	2,	2,	3,	19,	uso_300ms_78.wav,	7,	358,	10.03,	2.6009180545806885,	15,	0.3
02,	2,	2,	3,	20,	uso_300ms_67.wav,	8,	395,	11.27,	1.7633213996887207,	15,	0.3
02,	2,	2,	3,	21,	uso_300ms_16.wav,	6,	381,	10.8,	2.064842462539673,	15,	0.3
02,	2,	2,	3,	22,	uso_300ms_23.wav,	5,	351,	9.8,	1.8304502964019775,	15,	0.3
02,	2,	2,	3,	23,	uso_300ms_58.wav,	8,	361,	10.13,	3.7927308082580566,	15,	0.3
02,	2,	2,	3,	24,	uso_300ms_94.wav,	7,	344,	9.57,	2.1974337100982666,	15,	0.3
02,	2,	2,	3,	25,	uso_300ms_57.wav,	9,	392,	11.17,	1.9286582469940186,	15,	0.3
02,	2,	2,	3,	26,	uso_300ms_67.wav,	7,	357,	10.0,	2.8347959518432617,	15,	0.3
02,	2,	2,	3,	27,	uso_300ms_33.wav,	8,	385,	10.93,	3.74661922454834,	15,	0.3
02,	2,	2,	3,	28,	uso_300ms_96.wav,	9,	362,	10.17,	2.9405007362365723,	15,	0.3
02,	2,	2,	3,	29,	uso_300ms_27.wav,	5,	343,	9.53,	2.7287604808807373,	15,	0.3
02,	2,	2,	3,	30,	uso_300ms_23.wav,	6,	334,	9.23,	3.270913600921631,	15,	0.3
02,	2,	2,	3,	31,	uso_300ms_98.wav,	8,	374,	10.57,	1.5447957515716553,	15,	0.3
02,	2,	2,	3,	32,	uso_300ms_8.wav,	5,	280,	7.43,	3.1560704708099365,	15,	0.3
02,	2,	2,	3,	33,	uso_300ms_50.wav,	9,	336,	9.3,	2.3610610961914062,	15,	0.3
02,	2,	2,	3,	34,	uso_300ms_85.wav,	6,	354,	9.9,	2.1246304512023926,	15,	0.3
02,	2,	2,	3,	35,	uso_300ms_23.wav,	7,	367,	10.33,	1.6868975162506104,	15,	0.3
02,	2,	2,	3,	36,	uso_300ms_30.wav,	6,	386,	10.97,	2.2094123363494873,	15,	0.3
02,	2,	2,	3,	37,	uso_300ms_30.wav,	7,	346,	9.63,	2.1889491081237793,	15,	0.3
02,	2,	2,	3,	38,	uso_300ms_5.wav,	8,	381,	10.8,	2.271254301071167,	15,	0.3
02,	2,	2,	3,	39,	uso_300ms_76.wav,	5,	359,	10.07,	1.682008981704712,	15,	0.3
02,	2,	2,	3,	40,	uso_300ms_76.wav,	9,	407,	11.67,	3.968000888824463,	15,	0.3
02,	2,	2,	3,	41,	uso_300ms_4.wav,	5,	392,	11.17,	1.910916805267334,	15,	0.3
02,	2,	2,	3,	42,	uso_300ms_8.wav,	9,	331,	9.13,	2.224032402038574,	15,	0.3
02,	2,	2,	3,	43,	uso_300ms_41.wav,	6,	342,	9.5,	2.5173332691192627,	15,	0.3
02,	2,	2,	3,	44,	uso_300ms_64.wav,	8,	404,	11.57,	2.392380475997925,	15,	0.3
02,	2,	2,	3,	45,	uso_300ms_33.wav,	7,	272,	7.17,	2.074009895324707,	15,	0.3
02,	2,	2,	3,	46,	uso_300ms_52.wav,	9,	313,	8.53,	3.225229024887085,	15,	0.3
02,	2,	2,	3,	47,	uso_300ms_53.wav,	6,	377,	10.67,	2.3345789909362793,	15,	0.3
02,	2,	2,	3,	48,	uso_300ms_16.wav,	8,	391,	11.13,	2.4954309463500977,	15,	0.3
02,	2,	2,	3,	49,	uso_300ms_70.wav,	7,	340,	9.43,	3.0567750930786133,	15,	0.3
02,	2,	2,	3,	50,	uso_300ms_41.wav,	5,	319,	8.73,	1.6206979751586914,	15,	0.3
02,	2,	2,	3,	51,	uso_300ms_7.wav,	6,	396,	11.3,	2.1780600547790527,	15,	0.3
02,	2,	2,	3,	52,	uso_300ms_58.wav,	5,	407,	11.67,	1.8379557132720947,	15,	0.3
02,	2,	2,	3,	53,	uso_300ms_36.wav,	7,	420,	12.1,	3.0321085453033447,	15,	0.3
02,	2,	2,	3,	54,	uso_300ms_65.wav,	9,	385,	10.93,	2.4158875942230225,	15,	0.3
02,	2,	2,	3,	55,	uso_300ms_45.wav,	8,	342,	9.5,	2.892503261566162,	15,	0.3
02,	2,	2,	3,	56,	uso_300ms_60.wav,	7,	304,	8.23,	2.983031988143921,	15,	0.3
02,	2,	2,	3,	57,	uso_300ms_79.wav,	6,	327,	9.0,	3.5499675273895264,	15,	0.3
02,	2,	2,	3,	58,	uso_300ms_49.wav,	5,	339,	9.4,	1.223689317703247,	15,	0.3
02,	2,	2,	3,	59,	uso_300ms_67.wav,	8,	391,	11.13,	2.256324052810669,	15,	0.3
02,	2,	2,	3,	60,	uso_300ms_84.wav,	9,	410,	11.77,	1.7525689601898193,	15,	0.3
02,	2,	2,	3,	61,	uso_300ms_46.wav,	7,	417,	12.0,	1.9633605480194092,	15,	0.3
02,	2,	2,	3,	62,	uso_300ms_61.wav,	6,	397,	11.33,	2.344719409942627,	15,	0.3
02,	2,	2,	3,	63,	uso_300ms_11.wav,	9,	408,	11.7,	11.8657546043396,	15,	0.3
02,	2,	2,	3,	64,	uso_300ms_94.wav,	8,	397,	11.33,	1.7562928199768066,	15,	0.3
02,	2,	2,	3,	65,	uso_300ms_78.wav,	5,	407,	11.67,	2.2731924057006836,	15,	0.3
02,	2,	2,	3,	66,	uso_300ms_21.wav,	9,	430,	12.43,	1.8288819789886475,	15,	0.3
02,	2,	2,	3,	67,	uso_300ms_94.wav,	5,	366,	10.3,	2.1094887256622314,	15,	0.3
02,	2,	2,	3,	68,	uso_300ms_66.wav,	7,	318,	8.7,	1.7641139030456543,	15,	0.3
02,	2,	2,	3,	69,	uso_300ms_65.wav,	8,	339,	9.4,	2.438075304031372,	15,	0.3
02,	2,	2,	3,	70,	uso_300ms_69.wav,	6,	297,	8.0,	2.655097484588623,	15,	0.3
02,	2,	2,	3,	71,	uso_300ms_63.wav,	7,	313,	8.53,	1.0364274978637695,	15,	0.3
02,	2,	2,	3,	72,	uso_300ms_74.wav,	8,	347,	9.67,	1.6942651271820068,	15,	0.3
02,	2,	2,	3,	73,	uso_300ms_69.wav,	5,	378,	10.7,	1.375213861465454,	15,	0.3
02,	2,	2,	3,	74,	uso_300ms_29.wav,	6,	366,	10.3,	1.824981927871704,	15,	0.3
02,	2,	2,	3,	75,	uso_300ms_57.wav,	9,	402,	11.5,	2.1164376735687256,	15,	0.3
