sub_id,cond_id,block_id,task_id,event_id,stim_id,speaker_id,led_id,led_distance,response_time,n_reps,isi
02,	2,	3,	3,	1,	uso_300ms_60.wav,	5,	90,	1.1,	nan,	90,	2
02,	2,	3,	3,	2,	uso_300ms_99.wav,	5,	90,	1.1,	nan,	90,	2
02,	2,	3,	3,	3,	uso_300ms_87.wav,	5,	90,	1.1,	nan,	90,	2
02,	2,	3,	3,	4,	uso_300ms_60.wav,	5,	90,	1.1,	nan,	90,	2
02,	2,	3,	3,	5,	uso_300ms_83.wav,	5,	90,	1.1,	nan,	90,	2
02,	2,	3,	3,	6,	uso_300ms_50.wav,	5,	90,	1.1,	nan,	90,	2
02,	2,	3,	3,	7,	uso_300ms_30.wav,	5,	225.64509,	5.62,	nan,	90,	2
02,	2,	3,	3,	8,	uso_300ms_49.wav,	5,	274.44794200000035,	7.25,	nan,	90,	2
02,	2,	3,	3,	9,	uso_300ms_63.wav,	5,	271.378288000001,	7.15,	nan,	90,	2
02,	2,	3,	3,	10,	uso_300ms_62.wav,	5,	267.8452130000008,	7.03,	nan,	90,	2
02,	2,	3,	3,	11,	uso_300ms_54.wav,	5,	267.9036420000009,	7.03,	nan,	90,	2
02,	2,	3,	3,	12,	uso_300ms_83.wav,	5,	268.2631620000009,	7.04,	nan,	90,	2
02,	2,	3,	3,	13,	uso_300ms_57.wav,	7,	330.90023300000075,	9.13,	nan,	90,	2
02,	2,	3,	3,	14,	uso_300ms_41.wav,	8,	361.28542000000067,	10.14,	nan,	90,	2
02,	2,	3,	3,	15,	uso_300ms_34.wav,	8,	371.51358200000067,	10.48,	nan,	90,	2
02,	2,	3,	3,	16,	uso_300ms_10.wav,	9,	378.5481340000006,	10.72,	nan,	90,	2
02,	2,	3,	3,	17,	uso_300ms_71.wav,	9,	408.1388910000007,	11.7,	nan,	90,	2
02,	2,	3,	3,	18,	uso_300ms_4.wav,	9,	410.73230700000084,	11.79,	nan,	90,	2
02,	2,	3,	3,	19,	uso_300ms_48.wav,	9,	433.1344700000008,	12.54,	nan,	90,	2
02,	2,	3,	3,	20,	uso_300ms_5.wav,	9,	450.98024200000043,	13.13,	nan,	90,	2
02,	2,	3,	3,	21,	uso_300ms_91.wav,	9,	450.98024200000043,	13.13,	nan,	90,	2
02,	2,	3,	3,	22,	uso_300ms_68.wav,	9,	450.98024200000043,	13.13,	nan,	90,	2
02,	2,	3,	3,	23,	uso_300ms_49.wav,	9,	450.98024200000043,	13.13,	nan,	90,	2
02,	2,	3,	3,	24,	uso_300ms_29.wav,	9,	432.38771700000035,	12.51,	nan,	90,	2
02,	2,	3,	3,	25,	uso_300ms_24.wav,	9,	421.99599300000045,	12.17,	nan,	90,	2
02,	2,	3,	3,	26,	uso_300ms_14.wav,	9,	408.4143200000005,	11.71,	nan,	90,	2
02,	2,	3,	3,	27,	uso_300ms_82.wav,	9,	399.7360840000005,	11.42,	nan,	90,	2
02,	2,	3,	3,	28,	uso_300ms_59.wav,	9,	393.68541700000077,	11.22,	nan,	90,	2
02,	2,	3,	3,	29,	uso_300ms_55.wav,	9,	406.8308990000014,	11.66,	nan,	90,	2
02,	2,	3,	3,	30,	uso_300ms_27.wav,	9,	380.1618440000012,	10.77,	nan,	90,	2
02,	2,	3,	3,	31,	uso_300ms_51.wav,	9,	394.0277450000016,	11.23,	nan,	90,	2
02,	2,	3,	3,	32,	uso_300ms_57.wav,	9,	418.7370450000017,	12.06,	nan,	90,	2
02,	2,	3,	3,	33,	uso_300ms_3.wav,	9,	394.9343920000016,	11.26,	nan,	90,	2
02,	2,	3,	3,	34,	uso_300ms_3.wav,	9,	395.55057400000163,	11.29,	nan,	90,	2
02,	2,	3,	3,	35,	uso_300ms_30.wav,	9,	400.4571190000017,	11.45,	nan,	90,	2
02,	2,	3,	3,	36,	uso_300ms_80.wav,	9,	397.50033300000166,	11.35,	nan,	90,	2
02,	2,	3,	3,	37,	uso_300ms_20.wav,	9,	400.7099940000018,	11.46,	nan,	90,	2
02,	2,	3,	3,	38,	uso_300ms_12.wav,	9,	403.6351820000017,	11.55,	nan,	90,	2
02,	2,	3,	3,	39,	uso_300ms_12.wav,	9,	411.4466430000018,	11.81,	nan,	90,	2
02,	2,	3,	3,	40,	uso_300ms_7.wav,	9,	392.3993560000018,	11.18,	nan,	90,	2
02,	2,	3,	3,	41,	uso_300ms_1.wav,	8,	355.6908870000018,	9.96,	nan,	90,	2
02,	2,	3,	3,	42,	uso_300ms_31.wav,	8,	355.6908870000018,	9.96,	nan,	90,	2
02,	2,	3,	3,	43,	uso_300ms_14.wav,	7,	341.34432400000173,	9.48,	nan,	90,	2
02,	2,	3,	3,	44,	uso_300ms_55.wav,	7,	324.95282300000173,	8.93,	nan,	90,	2
02,	2,	3,	3,	45,	uso_300ms_67.wav,	7,	317.67348100000174,	8.69,	nan,	90,	2
02,	2,	3,	3,	46,	uso_300ms_77.wav,	6,	306.0325930000017,	8.3,	nan,	90,	2
02,	2,	3,	3,	47,	uso_300ms_54.wav,	6,	287.2367810000017,	7.67,	nan,	90,	2
02,	2,	3,	3,	48,	uso_300ms_18.wav,	6,	285.8050920000017,	7.63,	nan,	90,	2
02,	2,	3,	3,	49,	uso_300ms_46.wav,	6,	282.7558850000017,	7.53,	nan,	90,	2
02,	2,	3,	3,	50,	uso_300ms_41.wav,	5,	276.2656740000017,	7.31,	nan,	90,	2
02,	2,	3,	3,	51,	uso_300ms_84.wav,	5,	266.5944250000019,	6.99,	nan,	90,	2
02,	2,	3,	3,	52,	uso_300ms_82.wav,	5,	250.59650600000185,	6.45,	nan,	90,	2
02,	2,	3,	3,	53,	uso_300ms_5.wav,	5,	246.36004300000184,	6.31,	nan,	90,	2
02,	2,	3,	3,	54,	uso_300ms_2.wav,	5,	243.05834600000182,	6.2,	nan,	90,	2
02,	2,	3,	3,	55,	uso_300ms_75.wav,	5,	233.78583800000183,	5.89,	nan,	90,	2
02,	2,	3,	3,	56,	uso_300ms_89.wav,	5,	229.25085300000185,	5.74,	nan,	90,	2
02,	2,	3,	3,	57,	uso_300ms_57.wav,	5,	224.35482200000186,	5.58,	nan,	90,	2
02,	2,	3,	3,	58,	uso_300ms_95.wav,	5,	252.5933610000019,	6.52,	nan,	90,	2
02,	2,	3,	3,	59,	uso_300ms_70.wav,	5,	262.31785200000184,	6.84,	nan,	90,	2
02,	2,	3,	3,	60,	uso_300ms_16.wav,	5,	267.1315210000019,	7.0,	nan,	90,	2
02,	2,	3,	3,	61,	uso_300ms_16.wav,	5,	278.7146870000019,	7.39,	nan,	90,	2
02,	2,	3,	3,	62,	uso_300ms_41.wav,	5,	270.01244100000184,	7.1,	nan,	90,	2
02,	2,	3,	3,	63,	uso_300ms_35.wav,	5,	265.4211270000018,	6.95,	nan,	90,	2
02,	2,	3,	3,	64,	uso_300ms_78.wav,	5,	270.32583800000174,	7.11,	nan,	90,	2
02,	2,	3,	3,	65,	uso_300ms_71.wav,	5,	273.9361160000017,	7.23,	nan,	90,	2
02,	2,	3,	3,	66,	uso_300ms_71.wav,	5,	263.4070450000016,	6.88,	nan,	90,	2
02,	2,	3,	3,	67,	uso_300ms_66.wav,	5,	260.2690220000016,	6.78,	nan,	90,	2
02,	2,	3,	3,	68,	uso_300ms_11.wav,	5,	268.5066360000016,	7.05,	nan,	90,	2
02,	2,	3,	3,	69,	uso_300ms_19.wav,	5,	273.20471400000184,	7.21,	nan,	90,	2
02,	2,	3,	3,	70,	uso_300ms_86.wav,	5,	273.20471400000184,	7.21,	nan,	90,	2
02,	2,	3,	3,	71,	uso_300ms_70.wav,	5,	271.0262790000018,	7.13,	nan,	90,	2
02,	2,	3,	3,	72,	uso_300ms_77.wav,	5,	280.7751510000018,	7.46,	nan,	90,	2
02,	2,	3,	3,	73,	uso_300ms_98.wav,	6,	288.5626580000018,	7.72,	nan,	90,	2
02,	2,	3,	3,	74,	uso_300ms_52.wav,	6,	288.72595400000085,	7.72,	nan,	90,	2
02,	2,	3,	3,	75,	uso_300ms_25.wav,	6,	306.19470600000085,	8.31,	nan,	90,	2
02,	2,	3,	3,	76,	uso_300ms_19.wav,	7,	321.0307720000008,	8.8,	nan,	90,	2
02,	2,	3,	3,	77,	uso_300ms_100.wav,	8,	345.2734660000007,	9.61,	nan,	90,	2
02,	2,	3,	3,	78,	uso_300ms_4.wav,	8,	364.7808560000008,	10.26,	nan,	90,	2
02,	2,	3,	3,	79,	uso_300ms_7.wav,	8,	370.7339010000008,	10.46,	nan,	90,	2
02,	2,	3,	3,	80,	uso_300ms_31.wav,	9,	374.82287400000075,	10.59,	nan,	90,	2
02,	2,	3,	3,	81,	uso_300ms_24.wav,	9,	395.79133200000075,	11.29,	nan,	90,	2
02,	2,	3,	3,	82,	uso_300ms_45.wav,	9,	411.46297400000077,	11.82,	nan,	90,	2
02,	2,	3,	3,	83,	uso_300ms_11.wav,	9,	418.45320200000083,	12.05,	nan,	90,	2
02,	2,	3,	3,	84,	uso_300ms_64.wav,	9,	430.6871650000008,	12.46,	nan,	90,	2
02,	2,	3,	3,	85,	uso_300ms_12.wav,	9,	439.92864900000075,	12.76,	nan,	90,	2
02,	2,	3,	3,	86,	uso_300ms_70.wav,	9,	450.28698300000065,	13.11,	nan,	90,	2
02,	2,	3,	3,	87,	uso_300ms_36.wav,	9,	401.9004700000005,	11.5,	nan,	90,	2
02,	2,	3,	3,	88,	uso_300ms_88.wav,	9,	390.19437700000054,	11.11,	nan,	90,	2
02,	2,	3,	3,	89,	uso_300ms_70.wav,	9,	374.33619900000053,	10.58,	nan,	90,	2
02,	2,	3,	3,	90,	uso_300ms_64.wav,	8,	343.7640910000005,	9.56,	nan,	90,	2
