sub_id,cond_id,block_id,task_id,event_id,stim_id,speaker_id,led_id,led_distance,response_time,n_reps,isi
15,	1,	6,	1,	1,	uso_300ms_88.wav,	1,	90,	1.1,	0.20061087608337402,	15,	0.3
15,	1,	6,	1,	2,	uso_300ms_66.wav,	3,	192,	4.5,	1.5034005641937256,	15,	0.3
15,	1,	6,	1,	3,	uso_300ms_73.wav,	9,	267,	7.0,	2.30312180519104,	15,	0.3
15,	1,	6,	1,	4,	uso_300ms_12.wav,	5,	205,	4.93,	2.5087900161743164,	15,	0.3
15,	1,	6,	1,	5,	uso_300ms_58.wav,	10,	273,	7.2,	1.9497745037078857,	15,	0.3
15,	1,	6,	1,	6,	uso_300ms_36.wav,	6,	287,	7.67,	1.9613535404205322,	15,	0.3
15,	1,	6,	1,	7,	uso_300ms_43.wav,	4,	217,	5.33,	1.9270195960998535,	15,	0.3
15,	1,	6,	1,	8,	uso_300ms_78.wav,	0,	166,	3.63,	1.9909985065460205,	15,	0.3
15,	1,	6,	1,	9,	uso_300ms_22.wav,	8,	258,	6.7,	2.578423261642456,	15,	0.3
15,	1,	6,	1,	10,	uso_300ms_2.wav,	2,	202,	4.83,	3.8240749835968018,	15,	0.3
15,	1,	6,	1,	11,	uso_300ms_78.wav,	7,	274,	7.23,	1.9896326065063477,	15,	0.3
15,	1,	6,	1,	12,	uso_300ms_85.wav,	1,	183,	4.2,	1.8655154705047607,	15,	0.3
15,	1,	6,	1,	13,	uso_300ms_67.wav,	8,	288,	7.7,	2.3564064502716064,	15,	0.3
15,	1,	6,	1,	14,	uso_300ms_33.wav,	7,	249,	6.4,	1.6290695667266846,	15,	0.3
15,	1,	6,	1,	15,	uso_300ms_46.wav,	3,	193,	4.53,	2.1185572147369385,	15,	0.3
15,	1,	6,	1,	16,	uso_300ms_93.wav,	10,	290,	7.77,	2.508537530899048,	15,	0.3
15,	1,	6,	1,	17,	uso_300ms_73.wav,	6,	219,	5.4,	2.1026179790496826,	15,	0.3
15,	1,	6,	1,	18,	uso_300ms_33.wav,	9,	283,	7.53,	2.5042011737823486,	15,	0.3
15,	1,	6,	1,	19,	uso_300ms_25.wav,	5,	236,	5.97,	2.1374423503875732,	15,	0.3
15,	1,	6,	1,	20,	uso_300ms_61.wav,	4,	276,	7.3,	2.1401116847991943,	15,	0.3
15,	1,	6,	1,	21,	uso_300ms_52.wav,	0,	154,	3.23,	2.7738163471221924,	15,	0.3
15,	1,	6,	1,	22,	uso_300ms_5.wav,	2,	185,	4.27,	2.3708112239837646,	15,	0.3
15,	1,	6,	1,	23,	uso_300ms_47.wav,	5,	237,	6.0,	1.646960973739624,	15,	0.3
15,	1,	6,	1,	24,	uso_300ms_53.wav,	1,	197,	4.67,	2.547217845916748,	15,	0.3
15,	1,	6,	1,	25,	uso_300ms_27.wav,	2,	222,	5.5,	2.449136734008789,	15,	0.3
15,	1,	6,	1,	26,	uso_300ms_77.wav,	4,	252,	6.5,	2.167137384414673,	15,	0.3
15,	1,	6,	1,	27,	uso_300ms_48.wav,	8,	293,	7.87,	4.134317398071289,	15,	0.3
15,	1,	6,	1,	28,	uso_300ms_72.wav,	3,	246,	6.3,	2.155595302581787,	15,	0.3
15,	1,	6,	1,	29,	uso_300ms_5.wav,	0,	163,	3.53,	2.3781583309173584,	15,	0.3
15,	1,	6,	1,	30,	uso_300ms_1.wav,	6,	290,	7.77,	3.1744797229766846,	15,	0.3
15,	1,	6,	1,	31,	uso_300ms_8.wav,	9,	287,	7.67,	2.2767341136932373,	15,	0.3
15,	1,	6,	1,	32,	uso_300ms_22.wav,	7,	291,	7.8,	2.8915860652923584,	15,	0.3
15,	1,	6,	1,	33,	uso_300ms_22.wav,	10,	291,	7.8,	1.349813461303711,	15,	0.3
15,	1,	6,	1,	34,	uso_300ms_90.wav,	6,	280,	7.43,	2.1379592418670654,	15,	0.3
15,	1,	6,	1,	35,	uso_300ms_70.wav,	2,	165,	3.6,	3.5286638736724854,	15,	0.3
15,	1,	6,	1,	36,	uso_300ms_67.wav,	10,	269,	7.07,	2.3239803314208984,	15,	0.3
15,	1,	6,	1,	37,	uso_300ms_82.wav,	8,	288,	7.7,	3.31046986579895,	15,	0.3
15,	1,	6,	1,	38,	uso_300ms_27.wav,	7,	250,	6.43,	3.481450319290161,	15,	0.3
15,	1,	6,	1,	39,	uso_300ms_83.wav,	3,	186,	4.3,	1.8505866527557373,	15,	0.3
15,	1,	6,	1,	40,	uso_300ms_20.wav,	1,	175,	3.93,	2.305593729019165,	15,	0.3
15,	1,	6,	1,	41,	uso_300ms_19.wav,	9,	259,	6.73,	2.98932147026062,	15,	0.3
15,	1,	6,	1,	42,	uso_300ms_5.wav,	0,	155,	3.27,	3.3415448665618896,	15,	0.3
15,	1,	6,	1,	43,	uso_300ms_95.wav,	5,	268,	7.03,	2.732694625854492,	15,	0.3
15,	1,	6,	1,	44,	uso_300ms_77.wav,	4,	285,	7.6,	2.3237202167510986,	15,	0.3
15,	1,	6,	1,	45,	uso_300ms_92.wav,	5,	242,	6.17,	2.066274404525757,	15,	0.3
15,	1,	6,	1,	46,	uso_300ms_4.wav,	10,	284,	7.57,	2.141197443008423,	15,	0.3
15,	1,	6,	1,	47,	uso_300ms_66.wav,	0,	153,	3.2,	2.7627525329589844,	15,	0.3
15,	1,	6,	1,	48,	uso_300ms_86.wav,	9,	287,	7.67,	4.741469144821167,	15,	0.3
15,	1,	6,	1,	49,	uso_300ms_85.wav,	1,	184,	4.23,	2.263594627380371,	15,	0.3
15,	1,	6,	1,	50,	uso_300ms_1.wav,	6,	271,	7.13,	2.2876062393188477,	15,	0.3
15,	1,	6,	1,	51,	uso_300ms_54.wav,	4,	289,	7.73,	3.609985113143921,	15,	0.3
15,	1,	6,	1,	52,	uso_300ms_43.wav,	2,	203,	4.87,	3.3522706031799316,	15,	0.3
15,	1,	6,	1,	53,	uso_300ms_99.wav,	7,	262,	6.83,	2.658754348754883,	15,	0.3
15,	1,	6,	1,	54,	uso_300ms_80.wav,	8,	286,	7.63,	1.967249870300293,	15,	0.3
15,	1,	6,	1,	55,	uso_300ms_68.wav,	3,	207,	5.0,	2.0307843685150146,	15,	0.3
15,	1,	6,	1,	56,	uso_300ms_4.wav,	2,	244,	6.23,	2.3957266807556152,	15,	0.3
15,	1,	6,	1,	57,	uso_300ms_97.wav,	5,	174,	3.9,	2.006662130355835,	15,	0.3
15,	1,	6,	1,	58,	uso_300ms_12.wav,	3,	281,	7.47,	3.42366361618042,	15,	0.3
15,	1,	6,	1,	59,	uso_300ms_16.wav,	0,	157,	3.33,	2.3306682109832764,	15,	0.3
15,	1,	6,	1,	60,	uso_300ms_69.wav,	4,	240,	6.1,	3.290614128112793,	15,	0.3
15,	1,	6,	1,	61,	uso_300ms_53.wav,	9,	294,	7.9,	2.6126179695129395,	15,	0.3
15,	1,	6,	1,	62,	uso_300ms_53.wav,	10,	294,	7.9,	1.3803861141204834,	15,	0.3
15,	1,	6,	1,	63,	uso_300ms_67.wav,	6,	269,	7.07,	3.243767261505127,	15,	0.3
15,	1,	6,	1,	64,	uso_300ms_39.wav,	7,	286,	7.63,	2.4607818126678467,	15,	0.3
15,	1,	6,	1,	65,	uso_300ms_65.wav,	8,	290,	7.77,	2.3472306728363037,	15,	0.3
15,	1,	6,	1,	66,	uso_300ms_64.wav,	1,	216,	5.3,	2.803309917449951,	15,	0.3
15,	1,	6,	1,	67,	uso_300ms_18.wav,	2,	229,	5.73,	2.0725901126861572,	15,	0.3
15,	1,	6,	1,	68,	uso_300ms_67.wav,	3,	250,	6.43,	2.036545991897583,	15,	0.3
15,	1,	6,	1,	69,	uso_300ms_37.wav,	0,	175,	3.93,	2.3760552406311035,	15,	0.3
15,	1,	6,	1,	70,	uso_300ms_32.wav,	8,	276,	7.3,	3.9501821994781494,	15,	0.3
15,	1,	6,	1,	71,	uso_300ms_97.wav,	1,	187,	4.33,	2.352813720703125,	15,	0.3
15,	1,	6,	1,	72,	uso_300ms_42.wav,	6,	281,	7.47,	2.7047078609466553,	15,	0.3
15,	1,	6,	1,	73,	uso_300ms_34.wav,	7,	287,	7.67,	2.5103397369384766,	15,	0.3
15,	1,	6,	1,	74,	uso_300ms_25.wav,	10,	289,	7.73,	3.050288200378418,	15,	0.3
15,	1,	6,	1,	75,	uso_300ms_39.wav,	5,	287,	7.67,	3.2527599334716797,	15,	0.3
15,	1,	6,	1,	76,	uso_300ms_70.wav,	9,	294,	7.9,	2.122011661529541,	15,	0.3
15,	1,	6,	1,	77,	uso_300ms_93.wav,	4,	279,	7.4,	2.136613130569458,	15,	0.3
15,	1,	6,	1,	78,	uso_300ms_65.wav,	6,	286,	7.63,	3.134542465209961,	15,	0.3
15,	1,	6,	1,	79,	uso_300ms_55.wav,	4,	255,	6.6,	1.7795674800872803,	15,	0.3
15,	1,	6,	1,	80,	uso_300ms_36.wav,	9,	289,	7.73,	2.263599157333374,	15,	0.3
15,	1,	6,	1,	81,	uso_300ms_7.wav,	2,	197,	4.67,	2.631617784500122,	15,	0.3
15,	1,	6,	1,	82,	uso_300ms_86.wav,	3,	223,	5.53,	2.773296356201172,	15,	0.3
15,	1,	6,	1,	83,	uso_300ms_4.wav,	5,	233,	5.87,	2.2048697471618652,	15,	0.3
15,	1,	6,	1,	84,	uso_300ms_51.wav,	7,	286,	7.63,	2.302617311477661,	15,	0.3
15,	1,	6,	1,	85,	uso_300ms_41.wav,	1,	179,	4.07,	2.3704445362091064,	15,	0.3
15,	1,	6,	1,	86,	uso_300ms_10.wav,	10,	276,	7.3,	3.5236592292785645,	15,	0.3
15,	1,	6,	1,	87,	uso_300ms_84.wav,	8,	280,	7.43,	2.064744472503662,	15,	0.3
15,	1,	6,	1,	88,	uso_300ms_90.wav,	0,	153,	3.2,	3.332927703857422,	15,	0.3
15,	1,	6,	1,	89,	uso_300ms_16.wav,	10,	289,	7.73,	2.621507167816162,	15,	0.3
15,	1,	6,	1,	90,	uso_300ms_69.wav,	0,	154,	3.23,	3.7944743633270264,	15,	0.3
15,	1,	6,	1,	91,	uso_300ms_59.wav,	4,	233,	5.87,	2.256027936935425,	15,	0.3
15,	1,	6,	1,	92,	uso_300ms_41.wav,	2,	256,	6.63,	3.538916826248169,	15,	0.3
15,	1,	6,	1,	93,	uso_300ms_91.wav,	7,	274,	7.23,	3.038888692855835,	15,	0.3
15,	1,	6,	1,	94,	uso_300ms_14.wav,	6,	242,	6.17,	2.2302639484405518,	15,	0.3
15,	1,	6,	1,	95,	uso_300ms_12.wav,	1,	195,	4.6,	2.2810003757476807,	15,	0.3
15,	1,	6,	1,	96,	uso_300ms_89.wav,	3,	239,	6.07,	2.2874326705932617,	15,	0.3
15,	1,	6,	1,	97,	uso_300ms_24.wav,	8,	265,	6.93,	2.2420527935028076,	15,	0.3
15,	1,	6,	1,	98,	uso_300ms_19.wav,	9,	289,	7.73,	2.144378423690796,	15,	0.3
15,	1,	6,	1,	99,	uso_300ms_24.wav,	5,	228,	5.7,	1.803575038909912,	15,	0.3
15,	1,	6,	1,	100,	uso_300ms_56.wav,	9,	289,	7.73,	2.4830210208892822,	15,	0.3
15,	1,	6,	1,	101,	uso_300ms_4.wav,	7,	276,	7.3,	2.7723095417022705,	15,	0.3
15,	1,	6,	1,	102,	uso_300ms_39.wav,	0,	167,	3.67,	3.299720048904419,	15,	0.3
15,	1,	6,	1,	103,	uso_300ms_83.wav,	10,	266,	6.97,	3.242746353149414,	15,	0.3
15,	1,	6,	1,	104,	uso_300ms_70.wav,	6,	277,	7.33,	2.1863293647766113,	15,	0.3
15,	1,	6,	1,	105,	uso_300ms_33.wav,	2,	198,	4.7,	1.9975883960723877,	15,	0.3
15,	1,	6,	1,	106,	uso_300ms_80.wav,	3,	266,	6.97,	2.644538640975952,	15,	0.3
15,	1,	6,	1,	107,	uso_300ms_22.wav,	5,	222,	5.5,	2.161531686782837,	15,	0.3
15,	1,	6,	1,	108,	uso_300ms_8.wav,	1,	166,	3.63,	2.547677516937256,	15,	0.3
15,	1,	6,	1,	109,	uso_300ms_89.wav,	8,	276,	7.3,	2.8043477535247803,	15,	0.3
15,	1,	6,	1,	110,	uso_300ms_84.wav,	4,	239,	6.07,	2.022779941558838,	15,	0.3
15,	1,	6,	1,	111,	uso_300ms_2.wav,	0,	159,	3.4,	1.9357612133026123,	15,	0.3
15,	1,	6,	1,	112,	uso_300ms_38.wav,	7,	287,	7.67,	3.4421591758728027,	15,	0.3
15,	1,	6,	1,	113,	uso_300ms_89.wav,	10,	288,	7.7,	2.6626386642456055,	15,	0.3
15,	1,	6,	1,	114,	uso_300ms_10.wav,	5,	232,	5.83,	2.1692469120025635,	15,	0.3
15,	1,	6,	1,	115,	uso_300ms_34.wav,	1,	159,	3.4,	3.1347463130950928,	15,	0.3
15,	1,	6,	1,	116,	uso_300ms_71.wav,	4,	289,	7.73,	3.9063127040863037,	15,	0.3
15,	1,	6,	1,	117,	uso_300ms_86.wav,	9,	279,	7.4,	3.5093793869018555,	15,	0.3
15,	1,	6,	1,	118,	uso_300ms_18.wav,	6,	256,	6.63,	3.2077972888946533,	15,	0.3
15,	1,	6,	1,	119,	uso_300ms_34.wav,	2,	215,	5.27,	2.069861650466919,	15,	0.3
15,	1,	6,	1,	120,	uso_300ms_80.wav,	3,	247,	6.33,	2.2647266387939453,	15,	0.3
15,	1,	6,	1,	121,	uso_300ms_57.wav,	8,	270,	7.1,	1.7427990436553955,	15,	0.3
15,	1,	6,	1,	122,	uso_300ms_31.wav,	3,	210,	5.1,	2.1242432594299316,	15,	0.3
15,	1,	6,	1,	123,	uso_300ms_42.wav,	8,	275,	7.27,	1.9928874969482422,	15,	0.3
15,	1,	6,	1,	124,	uso_300ms_94.wav,	4,	191,	4.47,	1.8936305046081543,	15,	0.3
15,	1,	6,	1,	125,	uso_300ms_76.wav,	9,	270,	7.1,	2.0905182361602783,	15,	0.3
15,	1,	6,	1,	126,	uso_300ms_38.wav,	1,	216,	5.3,	2.6535396575927734,	15,	0.3
15,	1,	6,	1,	127,	uso_300ms_47.wav,	2,	274,	7.23,	2.0933167934417725,	15,	0.3
15,	1,	6,	1,	128,	uso_300ms_91.wav,	10,	295,	7.93,	2.225640296936035,	15,	0.3
15,	1,	6,	1,	129,	uso_300ms_2.wav,	5,	174,	3.9,	2.2106785774230957,	15,	0.3
15,	1,	6,	1,	130,	uso_300ms_81.wav,	6,	279,	7.4,	3.6552703380584717,	15,	0.3
15,	1,	6,	1,	131,	uso_300ms_92.wav,	7,	228,	5.7,	1.8016433715820312,	15,	0.3
15,	1,	6,	1,	132,	uso_300ms_56.wav,	0,	163,	3.53,	2.306447744369507,	15,	0.3
15,	1,	6,	1,	133,	uso_300ms_99.wav,	7,	274,	7.23,	2.9922447204589844,	15,	0.3
15,	1,	6,	1,	134,	uso_300ms_10.wav,	9,	290,	7.77,	2.105564832687378,	15,	0.3
15,	1,	6,	1,	135,	uso_300ms_19.wav,	3,	247,	6.33,	1.7763171195983887,	15,	0.3
15,	1,	6,	1,	136,	uso_300ms_21.wav,	1,	211,	5.13,	1.7503736019134521,	15,	0.3
15,	1,	6,	1,	137,	uso_300ms_3.wav,	10,	289,	7.73,	2.407057285308838,	15,	0.3
15,	1,	6,	1,	138,	uso_300ms_93.wav,	0,	156,	3.3,	3.002627372741699,	15,	0.3
15,	1,	6,	1,	139,	uso_300ms_89.wav,	6,	284,	7.57,	2.6343019008636475,	15,	0.3
15,	1,	6,	1,	140,	uso_300ms_6.wav,	2,	200,	4.77,	3.0323739051818848,	15,	0.3
15,	1,	6,	1,	141,	uso_300ms_4.wav,	4,	243,	6.2,	4.1881067752838135,	15,	0.3
15,	1,	6,	1,	142,	uso_300ms_97.wav,	8,	275,	7.27,	2.1433653831481934,	15,	0.3
15,	1,	6,	1,	143,	uso_300ms_80.wav,	5,	259,	6.73,	2.0263218879699707,	15,	0.3
15,	1,	6,	1,	144,	uso_300ms_85.wav,	1,	224,	5.57,	2.513601779937744,	15,	0.3
15,	1,	6,	1,	145,	uso_300ms_71.wav,	7,	262,	6.83,	2.3344931602478027,	15,	0.3
15,	1,	6,	1,	146,	uso_300ms_77.wav,	8,	281,	7.47,	3.872213840484619,	15,	0.3
15,	1,	6,	1,	147,	uso_300ms_24.wav,	4,	232,	5.83,	2.1798818111419678,	15,	0.3
15,	1,	6,	1,	148,	uso_300ms_26.wav,	3,	205,	4.93,	2.294076919555664,	15,	0.3
15,	1,	6,	1,	149,	uso_300ms_8.wav,	5,	243,	6.2,	1.9925470352172852,	15,	0.3
15,	1,	6,	1,	150,	uso_300ms_19.wav,	9,	284,	7.57,	2.2425954341888428,	15,	0.3
15,	1,	6,	1,	151,	uso_300ms_97.wav,	2,	210,	5.1,	2.0955464839935303,	15,	0.3
15,	1,	6,	1,	152,	uso_300ms_86.wav,	0,	155,	3.27,	2.4111454486846924,	15,	0.3
15,	1,	6,	1,	153,	uso_300ms_27.wav,	6,	290,	7.77,	3.3197901248931885,	15,	0.3
15,	1,	6,	1,	154,	uso_300ms_40.wav,	10,	290,	7.77,	3.4618630409240723,	15,	0.3
15,	1,	6,	1,	155,	uso_300ms_100.wav,	2,	228,	5.7,	2.10250186920166,	15,	0.3
15,	1,	6,	1,	156,	uso_300ms_73.wav,	8,	288,	7.7,	2.201925277709961,	15,	0.3
15,	1,	6,	1,	157,	uso_300ms_32.wav,	7,	285,	7.6,	1.7621095180511475,	15,	0.3
15,	1,	6,	1,	158,	uso_300ms_96.wav,	9,	280,	7.43,	2.015035390853882,	15,	0.3
15,	1,	6,	1,	159,	uso_300ms_65.wav,	6,	292,	7.83,	2.0002801418304443,	15,	0.3
15,	1,	6,	1,	160,	uso_300ms_99.wav,	0,	163,	3.53,	3.947147846221924,	15,	0.3
15,	1,	6,	1,	161,	uso_300ms_30.wav,	1,	180,	4.1,	1.6586980819702148,	15,	0.3
15,	1,	6,	1,	162,	uso_300ms_58.wav,	10,	258,	6.7,	2.2559163570404053,	15,	0.3
15,	1,	6,	1,	163,	uso_300ms_83.wav,	4,	230,	5.77,	2.754415512084961,	15,	0.3
15,	1,	6,	1,	164,	uso_300ms_9.wav,	5,	216,	5.3,	2.394045114517212,	15,	0.3
15,	1,	6,	1,	165,	uso_300ms_7.wav,	3,	258,	6.7,	1.8952748775482178,	15,	0.3
