sub_id,cond_id,block_id,task_id,event_id,stim_id,speaker_id,led_id,led_distance,response_time,n_reps,isi
15,	1,	5,	2,	1,	uso_300ms_86.wav,	2,	183.360358,	4.21,	nan,	90,	2
15,	1,	5,	2,	2,	uso_300ms_91.wav,	1,	103.10430800000002,	1.54,	nan,	90,	2
15,	1,	5,	2,	3,	uso_300ms_68.wav,	1,	85.98045300000001,	0.97,	nan,	90,	2
15,	1,	5,	2,	4,	uso_300ms_57.wav,	1,	139.90456800000007,	2.76,	nan,	90,	2
15,	1,	5,	2,	5,	uso_300ms_17.wav,	1,	120.28786600000021,	2.11,	nan,	90,	2
15,	1,	5,	2,	6,	uso_300ms_100.wav,	3,	193.05059800000024,	4.54,	nan,	90,	2
15,	1,	5,	2,	7,	uso_300ms_87.wav,	2,	177.38762199999994,	4.01,	nan,	90,	2
15,	1,	5,	2,	8,	uso_300ms_8.wav,	4,	242.14170299999995,	6.17,	nan,	90,	2
15,	1,	5,	2,	9,	uso_300ms_50.wav,	5,	257.67407999999983,	6.69,	nan,	90,	2
15,	1,	5,	2,	10,	uso_300ms_13.wav,	5,	285.92444199999954,	7.63,	nan,	90,	2
15,	1,	5,	2,	11,	uso_300ms_6.wav,	5,	372.19210599999974,	10.51,	nan,	90,	2
15,	1,	5,	2,	12,	uso_300ms_70.wav,	5,	392.2631009999997,	11.18,	nan,	90,	2
15,	1,	5,	2,	13,	uso_300ms_58.wav,	5,	452.02659499999976,	13.17,	nan,	90,	2
15,	1,	5,	2,	14,	uso_300ms_19.wav,	5,	430.6163179999997,	12.45,	nan,	90,	2
15,	1,	5,	2,	15,	uso_300ms_77.wav,	5,	399.17897499999947,	11.41,	nan,	90,	2
15,	1,	5,	2,	16,	uso_300ms_49.wav,	5,	376.66030399999966,	10.66,	nan,	90,	2
15,	1,	5,	2,	17,	uso_300ms_65.wav,	5,	276.6445909999995,	7.32,	nan,	90,	2
15,	1,	5,	2,	18,	uso_300ms_28.wav,	4,	244.07069999999948,	6.24,	nan,	90,	2
15,	1,	5,	2,	19,	uso_300ms_35.wav,	2,	184.81046399999937,	4.26,	nan,	90,	2
15,	1,	5,	2,	20,	uso_300ms_96.wav,	3,	209.63174999999936,	5.09,	nan,	90,	2
15,	1,	5,	2,	21,	uso_300ms_89.wav,	2,	172.83093699999915,	3.86,	nan,	90,	2
15,	1,	5,	2,	22,	uso_300ms_53.wav,	1,	145.96399899999926,	2.97,	nan,	90,	2
15,	1,	5,	2,	23,	uso_300ms_92.wav,	1,	146.07685299999918,	2.97,	nan,	90,	2
15,	1,	5,	2,	24,	uso_300ms_58.wav,	1,	140.11558999999932,	2.77,	nan,	90,	2
15,	1,	5,	2,	25,	uso_300ms_90.wav,	2,	165.52318899999918,	3.62,	nan,	90,	2
15,	1,	5,	2,	26,	uso_300ms_35.wav,	3,	213.03185299999902,	5.2,	nan,	90,	2
15,	1,	5,	2,	27,	uso_300ms_57.wav,	4,	247.30596699999887,	6.34,	nan,	90,	2
15,	1,	5,	2,	28,	uso_300ms_36.wav,	5,	272.8939489999986,	7.2,	nan,	90,	2
15,	1,	5,	2,	29,	uso_300ms_3.wav,	5,	275.9119849999984,	7.3,	nan,	90,	2
15,	1,	5,	2,	30,	uso_300ms_22.wav,	5,	287.4399279999984,	7.68,	nan,	90,	2
15,	1,	5,	2,	31,	uso_300ms_84.wav,	5,	272.51965899999834,	7.18,	nan,	90,	2
15,	1,	5,	2,	32,	uso_300ms_83.wav,	4,	248.1560399999981,	6.37,	nan,	90,	2
15,	1,	5,	2,	33,	uso_300ms_81.wav,	4,	228.77786299999806,	5.73,	nan,	90,	2
15,	1,	5,	2,	34,	uso_300ms_85.wav,	3,	202.2383779999981,	4.84,	nan,	90,	2
15,	1,	5,	2,	35,	uso_300ms_2.wav,	2,	167.5506339999982,	3.69,	nan,	90,	2
15,	1,	5,	2,	36,	uso_300ms_98.wav,	1,	152.66906099999827,	3.19,	nan,	90,	2
15,	1,	5,	2,	37,	uso_300ms_32.wav,	1,	125.36601599999827,	2.28,	nan,	90,	2
15,	1,	5,	2,	38,	uso_300ms_89.wav,	2,	183.00734099999812,	4.2,	nan,	90,	2
15,	1,	5,	2,	39,	uso_300ms_74.wav,	3,	214.68091999999805,	5.26,	nan,	90,	2
15,	1,	5,	2,	40,	uso_300ms_35.wav,	4,	244.0579319999979,	6.24,	nan,	90,	2
15,	1,	5,	2,	41,	uso_300ms_70.wav,	5,	285.47571399999805,	7.62,	nan,	90,	2
15,	1,	5,	2,	42,	uso_300ms_28.wav,	4,	251.40208699999855,	6.48,	nan,	90,	2
15,	1,	5,	2,	43,	uso_300ms_74.wav,	4,	226.70836899999804,	5.66,	nan,	90,	2
15,	1,	5,	2,	44,	uso_300ms_44.wav,	3,	206.90136499999815,	5.0,	nan,	90,	2
15,	1,	5,	2,	45,	uso_300ms_58.wav,	2,	182.6350809999984,	4.19,	nan,	90,	2
15,	1,	5,	2,	46,	uso_300ms_18.wav,	1,	143.60744199999857,	2.89,	nan,	90,	2
15,	1,	5,	2,	47,	uso_300ms_71.wav,	2,	171.75494599999845,	3.83,	nan,	90,	2
15,	1,	5,	2,	48,	uso_300ms_70.wav,	2,	189.70767099999821,	4.42,	nan,	90,	2
15,	1,	5,	2,	49,	uso_300ms_18.wav,	3,	202.1147299999982,	4.84,	nan,	90,	2
15,	1,	5,	2,	50,	uso_300ms_78.wav,	4,	231.01420899999803,	5.8,	nan,	90,	2
15,	1,	5,	2,	51,	uso_300ms_36.wav,	5,	265.5715219999977,	6.95,	nan,	90,	2
15,	1,	5,	2,	52,	uso_300ms_51.wav,	5,	318.25661599999785,	8.71,	nan,	90,	2
15,	1,	5,	2,	53,	uso_300ms_21.wav,	5,	365.5229959999983,	10.28,	nan,	90,	2
15,	1,	5,	2,	54,	uso_300ms_30.wav,	5,	324.51091299999825,	8.92,	nan,	90,	2
15,	1,	5,	2,	55,	uso_300ms_26.wav,	5,	286.56900199999865,	7.65,	nan,	90,	2
15,	1,	5,	2,	56,	uso_300ms_34.wav,	4,	231.24270999999857,	5.81,	nan,	90,	2
15,	1,	5,	2,	57,	uso_300ms_30.wav,	3,	218.47390499999892,	5.38,	nan,	90,	2
15,	1,	5,	2,	58,	uso_300ms_1.wav,	3,	218.43351499999892,	5.38,	nan,	90,	2
15,	1,	5,	2,	59,	uso_300ms_79.wav,	3,	193.86626599999886,	4.56,	nan,	90,	2
15,	1,	5,	2,	60,	uso_300ms_39.wav,	1,	156.1069499999989,	3.3,	nan,	90,	2
15,	1,	5,	2,	61,	uso_300ms_96.wav,	3,	192.92977799999892,	4.53,	nan,	90,	2
15,	1,	5,	2,	62,	uso_300ms_92.wav,	2,	168.58231499999897,	3.72,	nan,	90,	2
15,	1,	5,	2,	63,	uso_300ms_92.wav,	2,	166.1884409999989,	3.64,	nan,	90,	2
15,	1,	5,	2,	64,	uso_300ms_51.wav,	1,	145.98982199999892,	2.97,	nan,	90,	2
15,	1,	5,	2,	65,	uso_300ms_17.wav,	3,	196.8591719999989,	4.66,	nan,	90,	2
15,	1,	5,	2,	66,	uso_300ms_73.wav,	2,	163.40916799999883,	3.55,	nan,	90,	2
15,	1,	5,	2,	67,	uso_300ms_27.wav,	3,	213.3379419999988,	5.21,	nan,	90,	2
15,	1,	5,	2,	68,	uso_300ms_18.wav,	4,	242.85326699999854,	6.2,	nan,	90,	2
15,	1,	5,	2,	69,	uso_300ms_82.wav,	5,	258.15402799999845,	6.71,	nan,	90,	2
15,	1,	5,	2,	70,	uso_300ms_62.wav,	5,	277.55795799999834,	7.35,	nan,	90,	2
15,	1,	5,	2,	71,	uso_300ms_44.wav,	4,	243.39150399999818,	6.21,	nan,	90,	2
15,	1,	5,	2,	72,	uso_300ms_42.wav,	4,	231.99099599999798,	5.83,	nan,	90,	2
15,	1,	5,	2,	73,	uso_300ms_89.wav,	4,	222.80212399999812,	5.53,	nan,	90,	2
15,	1,	5,	2,	74,	uso_300ms_31.wav,	3,	193.59404999999805,	4.55,	nan,	90,	2
15,	1,	5,	2,	75,	uso_300ms_3.wav,	2,	184.30098299999807,	4.24,	nan,	90,	2
15,	1,	5,	2,	76,	uso_300ms_19.wav,	1,	159.11848299999818,	3.4,	nan,	90,	2
15,	1,	5,	2,	77,	uso_300ms_72.wav,	2,	172.7395309999981,	3.86,	nan,	90,	2
15,	1,	5,	2,	78,	uso_300ms_89.wav,	2,	181.68203799999804,	4.16,	nan,	90,	2
15,	1,	5,	2,	79,	uso_300ms_27.wav,	4,	227.71923899999769,	5.69,	nan,	90,	2
15,	1,	5,	2,	80,	uso_300ms_67.wav,	5,	276.7098589999978,	7.32,	nan,	90,	2
15,	1,	5,	2,	81,	uso_300ms_21.wav,	4,	248.31160099999735,	6.38,	nan,	90,	2
15,	1,	5,	2,	82,	uso_300ms_100.wav,	1,	86.53091899999737,	0.98,	nan,	90,	2
15,	1,	5,	2,	83,	uso_300ms_2.wav,	1,	86.55511099999738,	0.99,	nan,	90,	2
15,	1,	5,	2,	84,	uso_300ms_98.wav,	2,	189.3627669999972,	4.41,	nan,	90,	2
15,	1,	5,	2,	85,	uso_300ms_7.wav,	4,	233.13553099999706,	5.87,	nan,	90,	2
15,	1,	5,	2,	86,	uso_300ms_12.wav,	4,	227.56577799999704,	5.69,	nan,	90,	2
15,	1,	5,	2,	87,	uso_300ms_32.wav,	3,	203.5973579999969,	4.89,	nan,	90,	2
15,	1,	5,	2,	88,	uso_300ms_43.wav,	2,	166.28363399999702,	3.64,	nan,	90,	2
15,	1,	5,	2,	89,	uso_300ms_63.wav,	1,	135.949651999997,	2.63,	nan,	90,	2
15,	1,	5,	2,	90,	uso_300ms_70.wav,	1,	149.09293599999685,	3.07,	nan,	90,	2
