sub_id,cond_id,block_id,task_id,event_id,stim_id,speaker_id,led_id,led_distance,response_time,n_reps,isi
15,	1,	4,	2,	1,	uso_300ms_19.wav,	4,	283,	7.53,	3.8591599464416504,	15,	0.3
15,	1,	4,	2,	2,	uso_300ms_75.wav,	2,	190,	4.43,	2.6920058727264404,	15,	0.3
15,	1,	4,	2,	3,	uso_300ms_63.wav,	3,	257,	6.67,	2.1889560222625732,	15,	0.3
15,	1,	4,	2,	4,	uso_300ms_57.wav,	5,	276,	7.3,	2.3766376972198486,	15,	0.3
15,	1,	4,	2,	5,	uso_300ms_20.wav,	1,	176,	3.97,	3.0069186687469482,	15,	0.3
15,	1,	4,	2,	6,	uso_300ms_85.wav,	4,	236,	5.97,	1.9626827239990234,	15,	0.3
15,	1,	4,	2,	7,	uso_300ms_63.wav,	3,	269,	7.07,	2.392836332321167,	15,	0.3
15,	1,	4,	2,	8,	uso_300ms_4.wav,	1,	177,	4.0,	2.8207340240478516,	15,	0.3
15,	1,	4,	2,	9,	uso_300ms_98.wav,	2,	218,	5.37,	2.916936159133911,	15,	0.3
15,	1,	4,	2,	10,	uso_300ms_81.wav,	5,	275,	7.27,	3.9625298976898193,	15,	0.3
15,	1,	4,	2,	11,	uso_300ms_39.wav,	2,	196,	4.63,	2.045358180999756,	15,	0.3
15,	1,	4,	2,	12,	uso_300ms_44.wav,	3,	261,	6.8,	3.1717350482940674,	15,	0.3
15,	1,	4,	2,	13,	uso_300ms_70.wav,	5,	242,	6.17,	2.4359078407287598,	15,	0.3
15,	1,	4,	2,	14,	uso_300ms_62.wav,	4,	199,	4.73,	2.637988328933716,	15,	0.3
15,	1,	4,	2,	15,	uso_300ms_39.wav,	1,	170,	3.77,	1.936753273010254,	15,	0.3
15,	1,	4,	2,	16,	uso_300ms_20.wav,	4,	270,	7.1,	2.3692171573638916,	15,	0.3
15,	1,	4,	2,	17,	uso_300ms_13.wav,	3,	186,	4.3,	2.1620266437530518,	15,	0.3
15,	1,	4,	2,	18,	uso_300ms_85.wav,	1,	262,	6.83,	2.3757991790771484,	15,	0.3
15,	1,	4,	2,	19,	uso_300ms_44.wav,	5,	278,	7.37,	1.9057939052581787,	15,	0.3
15,	1,	4,	2,	20,	uso_300ms_37.wav,	2,	161,	3.47,	2.6999964714050293,	15,	0.3
15,	1,	4,	2,	21,	uso_300ms_43.wav,	5,	214,	5.23,	1.8757572174072266,	15,	0.3
15,	1,	4,	2,	22,	uso_300ms_49.wav,	4,	239,	6.07,	2.648132562637329,	15,	0.3
15,	1,	4,	2,	23,	uso_300ms_74.wav,	3,	260,	6.77,	2.5854790210723877,	15,	0.3
15,	1,	4,	2,	24,	uso_300ms_11.wav,	2,	219,	5.4,	1.8669021129608154,	15,	0.3
15,	1,	4,	2,	25,	uso_300ms_91.wav,	1,	187,	4.33,	2.025855779647827,	15,	0.3
15,	1,	4,	2,	26,	uso_300ms_53.wav,	5,	264,	6.9,	2.063321113586426,	15,	0.3
15,	1,	4,	2,	27,	uso_300ms_45.wav,	2,	203,	4.87,	2.6849632263183594,	15,	0.3
15,	1,	4,	2,	28,	uso_300ms_33.wav,	4,	283,	7.53,	1.8532168865203857,	15,	0.3
15,	1,	4,	2,	29,	uso_300ms_25.wav,	3,	187,	4.33,	2.4444069862365723,	15,	0.3
15,	1,	4,	2,	30,	uso_300ms_92.wav,	1,	167,	3.67,	2.2893013954162598,	15,	0.3
15,	1,	4,	2,	31,	uso_300ms_6.wav,	2,	225,	5.6,	2.1338281631469727,	15,	0.3
15,	1,	4,	2,	32,	uso_300ms_76.wav,	1,	239,	6.07,	2.152923345565796,	15,	0.3
15,	1,	4,	2,	33,	uso_300ms_70.wav,	3,	253,	6.53,	2.609175205230713,	15,	0.3
15,	1,	4,	2,	34,	uso_300ms_54.wav,	4,	276,	7.3,	1.879887580871582,	15,	0.3
15,	1,	4,	2,	35,	uso_300ms_9.wav,	5,	283,	7.53,	2.1450369358062744,	15,	0.3
15,	1,	4,	2,	36,	uso_300ms_23.wav,	3,	204,	4.9,	2.1623857021331787,	15,	0.3
15,	1,	4,	2,	37,	uso_300ms_33.wav,	5,	274,	7.23,	3.0847527980804443,	15,	0.3
15,	1,	4,	2,	38,	uso_300ms_26.wav,	1,	221,	5.47,	3.2844560146331787,	15,	0.3
15,	1,	4,	2,	39,	uso_300ms_42.wav,	4,	286,	7.63,	2.027130365371704,	15,	0.3
15,	1,	4,	2,	40,	uso_300ms_42.wav,	2,	290,	7.77,	2.0465967655181885,	15,	0.3
15,	1,	4,	2,	41,	uso_300ms_2.wav,	1,	209,	5.07,	2.1975581645965576,	15,	0.3
15,	1,	4,	2,	42,	uso_300ms_99.wav,	2,	272,	7.17,	1.9288487434387207,	15,	0.3
15,	1,	4,	2,	43,	uso_300ms_90.wav,	3,	282,	7.5,	2.191333293914795,	15,	0.3
15,	1,	4,	2,	44,	uso_300ms_96.wav,	5,	257,	6.67,	2.262962579727173,	15,	0.3
15,	1,	4,	2,	45,	uso_300ms_63.wav,	4,	210,	5.1,	3.32239031791687,	15,	0.3
15,	1,	4,	2,	46,	uso_300ms_23.wav,	2,	201,	4.8,	2.4443273544311523,	15,	0.3
15,	1,	4,	2,	47,	uso_300ms_4.wav,	3,	232,	5.83,	1.9161608219146729,	15,	0.3
15,	1,	4,	2,	48,	uso_300ms_6.wav,	4,	269,	7.07,	2.260847806930542,	15,	0.3
15,	1,	4,	2,	49,	uso_300ms_95.wav,	1,	187,	4.33,	2.436253786087036,	15,	0.3
15,	1,	4,	2,	50,	uso_300ms_24.wav,	5,	187,	4.33,	0.37760305404663086,	15,	0.3
15,	1,	4,	2,	51,	uso_300ms_55.wav,	3,	280,	7.43,	4.101277112960815,	15,	0.3
15,	1,	4,	2,	52,	uso_300ms_75.wav,	1,	147,	3.0,	2.3071861267089844,	15,	0.3
15,	1,	4,	2,	53,	uso_300ms_72.wav,	4,	269,	7.07,	3.697589874267578,	15,	0.3
15,	1,	4,	2,	54,	uso_300ms_96.wav,	2,	200,	4.77,	2.4502806663513184,	15,	0.3
15,	1,	4,	2,	55,	uso_300ms_21.wav,	5,	276,	7.3,	1.907289743423462,	15,	0.3
15,	1,	4,	2,	56,	uso_300ms_5.wav,	1,	138,	2.7,	2.200843334197998,	15,	0.3
15,	1,	4,	2,	57,	uso_300ms_32.wav,	3,	277,	7.33,	2.8925678730010986,	15,	0.3
15,	1,	4,	2,	58,	uso_300ms_2.wav,	5,	222,	5.5,	1.7827060222625732,	15,	0.3
15,	1,	4,	2,	59,	uso_300ms_45.wav,	2,	279,	7.4,	2.4409823417663574,	15,	0.3
15,	1,	4,	2,	60,	uso_300ms_70.wav,	4,	226,	5.63,	2.215458393096924,	15,	0.3
15,	1,	4,	2,	61,	uso_300ms_61.wav,	3,	284,	7.57,	3.2315611839294434,	15,	0.3
15,	1,	4,	2,	62,	uso_300ms_4.wav,	2,	246,	6.3,	2.461822032928467,	15,	0.3
15,	1,	4,	2,	63,	uso_300ms_18.wav,	5,	214,	5.23,	1.9363672733306885,	15,	0.3
15,	1,	4,	2,	64,	uso_300ms_45.wav,	4,	268,	7.03,	2.09822940826416,	15,	0.3
15,	1,	4,	2,	65,	uso_300ms_24.wav,	1,	152,	3.17,	2.776604413986206,	15,	0.3
15,	1,	4,	2,	66,	uso_300ms_19.wav,	3,	277,	7.33,	2.323915481567383,	15,	0.3
15,	1,	4,	2,	67,	uso_300ms_50.wav,	5,	180,	4.1,	2.750170946121216,	15,	0.3
15,	1,	4,	2,	68,	uso_300ms_65.wav,	4,	227,	5.67,	2.768594264984131,	15,	0.3
15,	1,	4,	2,	69,	uso_300ms_65.wav,	1,	184,	4.23,	2.2896928787231445,	15,	0.3
15,	1,	4,	2,	70,	uso_300ms_1.wav,	2,	251,	6.47,	2.095817804336548,	15,	0.3
15,	1,	4,	2,	71,	uso_300ms_58.wav,	1,	170,	3.77,	1.9684724807739258,	15,	0.3
15,	1,	4,	2,	72,	uso_300ms_20.wav,	5,	279,	7.4,	2.348702907562256,	15,	0.3
15,	1,	4,	2,	73,	uso_300ms_52.wav,	3,	216,	5.3,	1.974879264831543,	15,	0.3
15,	1,	4,	2,	74,	uso_300ms_54.wav,	4,	277,	7.33,	2.024418592453003,	15,	0.3
15,	1,	4,	2,	75,	uso_300ms_17.wav,	2,	254,	6.57,	2.460129737854004,	15,	0.3
