sub_id,cond_id,block_id,task_id,event_id,stim_id,speaker_id,led_id,led_distance,response_time,n_reps,isi
15,	1,	3,	2,	1,	uso_300ms_65.wav,	1,	90,	1.1,	nan,	90,	2
15,	1,	3,	2,	2,	uso_300ms_47.wav,	1,	90,	1.1,	nan,	90,	2
15,	1,	3,	2,	3,	uso_300ms_99.wav,	1,	90,	1.1,	nan,	90,	2
15,	1,	3,	2,	4,	uso_300ms_74.wav,	1,	90,	1.1,	nan,	90,	2
15,	1,	3,	2,	5,	uso_300ms_72.wav,	1,	90,	1.1,	nan,	90,	2
15,	1,	3,	2,	6,	uso_300ms_65.wav,	1,	90,	1.1,	nan,	90,	2
15,	1,	3,	2,	7,	uso_300ms_6.wav,	1,	161.41255100000004,	3.48,	nan,	90,	2
15,	1,	3,	2,	8,	uso_300ms_49.wav,	4,	226.8475429999998,	5.66,	nan,	90,	2
15,	1,	3,	2,	9,	uso_300ms_87.wav,	5,	295.13604299999923,	7.94,	nan,	90,	2
15,	1,	3,	2,	10,	uso_300ms_46.wav,	5,	366.1461219999992,	10.3,	nan,	90,	2
15,	1,	3,	2,	11,	uso_300ms_91.wav,	5,	391.5676719999992,	11.15,	nan,	90,	2
15,	1,	3,	2,	12,	uso_300ms_44.wav,	5,	391.5963439999992,	11.15,	nan,	90,	2
15,	1,	3,	2,	13,	uso_300ms_67.wav,	5,	435.8632659999994,	12.63,	nan,	90,	2
15,	1,	3,	2,	14,	uso_300ms_40.wav,	5,	362.60438099999936,	10.19,	nan,	90,	2
15,	1,	3,	2,	15,	uso_300ms_1.wav,	5,	262.20452899999935,	6.84,	nan,	90,	2
15,	1,	3,	2,	16,	uso_300ms_70.wav,	2,	168.04939099999936,	3.7,	nan,	90,	2
15,	1,	3,	2,	17,	uso_300ms_79.wav,	1,	114.33472299999931,	1.91,	nan,	90,	2
15,	1,	3,	2,	18,	uso_300ms_35.wav,	1,	117.68596599999941,	2.02,	nan,	90,	2
15,	1,	3,	2,	19,	uso_300ms_6.wav,	2,	171.43068499999941,	3.81,	nan,	90,	2
15,	1,	3,	2,	20,	uso_300ms_4.wav,	2,	177.73180499999938,	4.02,	nan,	90,	2
15,	1,	3,	2,	21,	uso_300ms_97.wav,	2,	188.05728799999923,	4.37,	nan,	90,	2
15,	1,	3,	2,	22,	uso_300ms_49.wav,	3,	209.99894899999916,	5.1,	nan,	90,	2
15,	1,	3,	2,	23,	uso_300ms_20.wav,	4,	241.13802899999908,	6.14,	nan,	90,	2
15,	1,	3,	2,	24,	uso_300ms_100.wav,	5,	267.18068199999897,	7.01,	nan,	90,	2
15,	1,	3,	2,	25,	uso_300ms_37.wav,	5,	296.15011199999896,	7.97,	nan,	90,	2
15,	1,	3,	2,	26,	uso_300ms_54.wav,	5,	323.57000799999906,	8.89,	nan,	90,	2
15,	1,	3,	2,	27,	uso_300ms_5.wav,	5,	377.2274999999991,	10.67,	nan,	90,	2
15,	1,	3,	2,	28,	uso_300ms_60.wav,	5,	426.9479469999991,	12.33,	nan,	90,	2
15,	1,	3,	2,	29,	uso_300ms_88.wav,	5,	436.2085269999991,	12.64,	nan,	90,	2
15,	1,	3,	2,	30,	uso_300ms_20.wav,	5,	452.03456099999926,	13.17,	nan,	90,	2
15,	1,	3,	2,	31,	uso_300ms_45.wav,	5,	434.167445999999,	12.57,	nan,	90,	2
15,	1,	3,	2,	32,	uso_300ms_79.wav,	5,	395.72698099999894,	11.29,	nan,	90,	2
15,	1,	3,	2,	33,	uso_300ms_57.wav,	5,	365.7025879999988,	10.29,	nan,	90,	2
15,	1,	3,	2,	34,	uso_300ms_61.wav,	5,	297.3892729999987,	8.01,	nan,	90,	2
15,	1,	3,	2,	35,	uso_300ms_18.wav,	5,	288.9230809999988,	7.73,	nan,	90,	2
15,	1,	3,	2,	36,	uso_300ms_25.wav,	4,	224.2738179999985,	5.58,	nan,	90,	2
15,	1,	3,	2,	37,	uso_300ms_67.wav,	3,	204.14603199999854,	4.9,	nan,	90,	2
15,	1,	3,	2,	38,	uso_300ms_10.wav,	1,	150.37875899999852,	3.11,	nan,	90,	2
15,	1,	3,	2,	39,	uso_300ms_89.wav,	1,	124.81015299999858,	2.26,	nan,	90,	2
15,	1,	3,	2,	40,	uso_300ms_95.wav,	2,	189.96466899999857,	4.43,	nan,	90,	2
15,	1,	3,	2,	41,	uso_300ms_21.wav,	1,	147.1746279999985,	3.01,	nan,	90,	2
15,	1,	3,	2,	42,	uso_300ms_93.wav,	2,	190.08990599999825,	4.44,	nan,	90,	2
15,	1,	3,	2,	43,	uso_300ms_80.wav,	4,	226.6423379999981,	5.65,	nan,	90,	2
15,	1,	3,	2,	44,	uso_300ms_58.wav,	4,	235.6636299999979,	5.96,	nan,	90,	2
15,	1,	3,	2,	45,	uso_300ms_68.wav,	4,	240.71961799999784,	6.12,	nan,	90,	2
15,	1,	3,	2,	46,	uso_300ms_41.wav,	5,	277.4543999999977,	7.35,	nan,	90,	2
15,	1,	3,	2,	47,	uso_300ms_80.wav,	5,	277.4543999999977,	7.35,	nan,	90,	2
15,	1,	3,	2,	48,	uso_300ms_37.wav,	5,	328.3254929999978,	9.04,	nan,	90,	2
15,	1,	3,	2,	49,	uso_300ms_49.wav,	5,	381.9533049999979,	10.83,	nan,	90,	2
15,	1,	3,	2,	50,	uso_300ms_100.wav,	5,	450.91758499999827,	13.13,	nan,	90,	2
15,	1,	3,	2,	51,	uso_300ms_11.wav,	5,	390.3136429999983,	11.11,	nan,	90,	2
15,	1,	3,	2,	52,	uso_300ms_97.wav,	5,	338.1616829999982,	9.37,	nan,	90,	2
15,	1,	3,	2,	53,	uso_300ms_36.wav,	5,	279.85877399999805,	7.43,	nan,	90,	2
15,	1,	3,	2,	54,	uso_300ms_86.wav,	4,	237.67332999999812,	6.02,	nan,	90,	2
15,	1,	3,	2,	55,	uso_300ms_67.wav,	4,	237.27668899999816,	6.01,	nan,	90,	2
15,	1,	3,	2,	56,	uso_300ms_55.wav,	1,	151.59764099999816,	3.15,	nan,	90,	2
15,	1,	3,	2,	57,	uso_300ms_11.wav,	3,	202.1116359999982,	4.84,	nan,	90,	2
15,	1,	3,	2,	58,	uso_300ms_87.wav,	3,	195.6442729999983,	4.62,	nan,	90,	2
15,	1,	3,	2,	59,	uso_300ms_61.wav,	2,	178.62382899999838,	4.05,	nan,	90,	2
15,	1,	3,	2,	60,	uso_300ms_88.wav,	2,	166.0052579999986,	3.63,	nan,	90,	2
15,	1,	3,	2,	61,	uso_300ms_36.wav,	1,	108.49831199999859,	1.72,	nan,	90,	2
15,	1,	3,	2,	62,	uso_300ms_16.wav,	1,	94.36774799999856,	1.25,	nan,	90,	2
15,	1,	3,	2,	63,	uso_300ms_69.wav,	1,	126.81378399999863,	2.33,	nan,	90,	2
15,	1,	3,	2,	64,	uso_300ms_96.wav,	2,	177.38227399999863,	4.01,	nan,	90,	2
15,	1,	3,	2,	65,	uso_300ms_87.wav,	4,	250.2389389999985,	6.44,	nan,	90,	2
15,	1,	3,	2,	66,	uso_300ms_33.wav,	4,	224.28654399999846,	5.58,	nan,	90,	2
15,	1,	3,	2,	67,	uso_300ms_31.wav,	2,	185.0473229999985,	4.27,	nan,	90,	2
15,	1,	3,	2,	68,	uso_300ms_71.wav,	2,	185.0473229999985,	4.27,	nan,	90,	2
15,	1,	3,	2,	69,	uso_300ms_18.wav,	4,	241.83912799999842,	6.16,	nan,	90,	2
15,	1,	3,	2,	70,	uso_300ms_6.wav,	3,	212.3723899999984,	5.18,	nan,	90,	2
15,	1,	3,	2,	71,	uso_300ms_92.wav,	5,	276.48374499999824,	7.32,	nan,	90,	2
15,	1,	3,	2,	72,	uso_300ms_97.wav,	5,	301.952943999998,	8.17,	nan,	90,	2
15,	1,	3,	2,	73,	uso_300ms_54.wav,	5,	260.44940499999797,	6.78,	nan,	90,	2
15,	1,	3,	2,	74,	uso_300ms_64.wav,	4,	245.16206299999783,	6.27,	nan,	90,	2
15,	1,	3,	2,	75,	uso_300ms_86.wav,	2,	190.26788799999778,	4.44,	nan,	90,	2
15,	1,	3,	2,	76,	uso_300ms_8.wav,	4,	227.49140299999775,	5.68,	nan,	90,	2
15,	1,	3,	2,	77,	uso_300ms_28.wav,	3,	193.53131599999773,	4.55,	nan,	90,	2
15,	1,	3,	2,	78,	uso_300ms_23.wav,	2,	171.0580189999978,	3.8,	nan,	90,	2
15,	1,	3,	2,	79,	uso_300ms_35.wav,	1,	145.310373999998,	2.94,	nan,	90,	2
15,	1,	3,	2,	80,	uso_300ms_55.wav,	1,	145.36525399999798,	2.95,	nan,	90,	2
15,	1,	3,	2,	81,	uso_300ms_64.wav,	2,	172.14330599999795,	3.84,	nan,	90,	2
15,	1,	3,	2,	82,	uso_300ms_35.wav,	3,	205.8598489999979,	4.96,	nan,	90,	2
15,	1,	3,	2,	83,	uso_300ms_76.wav,	4,	238.8005399999978,	6.06,	nan,	90,	2
15,	1,	3,	2,	84,	uso_300ms_92.wav,	5,	305.1186309999977,	8.27,	nan,	90,	2
15,	1,	3,	2,	85,	uso_300ms_67.wav,	5,	277.41937199999757,	7.35,	nan,	90,	2
15,	1,	3,	2,	86,	uso_300ms_24.wav,	4,	234.16974599999702,	5.91,	nan,	90,	2
15,	1,	3,	2,	87,	uso_300ms_72.wav,	3,	215.76176899999712,	5.29,	nan,	90,	2
15,	1,	3,	2,	88,	uso_300ms_61.wav,	2,	176.3259319999971,	3.98,	nan,	90,	2
15,	1,	3,	2,	89,	uso_300ms_51.wav,	1,	154.7588689999972,	3.26,	nan,	90,	2
15,	1,	3,	2,	90,	uso_300ms_91.wav,	1,	114.70180999999718,	1.92,	nan,	90,	2
