sub_id,cond_id,block_id,task_id,event_id,stim_id,speaker_id,led_id,led_distance,response_time,n_reps,isi
15,	1,	2,	2,	1,	uso_300ms_53.wav,	5,	388,	11.03,	19.368220806121826,	15,	0.3
15,	1,	2,	2,	2,	uso_300ms_87.wav,	1,	343,	9.53,	2.4462244510650635,	15,	0.3
15,	1,	2,	2,	3,	uso_300ms_85.wav,	4,	274,	7.23,	2.046393871307373,	15,	0.3
15,	1,	2,	2,	4,	uso_300ms_16.wav,	2,	361,	10.13,	2.6653382778167725,	15,	0.3
15,	1,	2,	2,	5,	uso_300ms_82.wav,	3,	425,	12.27,	1.9237828254699707,	15,	0.3
15,	1,	2,	2,	6,	uso_300ms_42.wav,	2,	382,	10.83,	1.9136238098144531,	15,	0.3
15,	1,	2,	2,	7,	uso_300ms_86.wav,	1,	355,	9.93,	3.0141055583953857,	15,	0.3
15,	1,	2,	2,	8,	uso_300ms_69.wav,	5,	411,	11.8,	2.40466570854187,	15,	0.3
15,	1,	2,	2,	9,	uso_300ms_46.wav,	4,	428,	12.37,	1.8702735900878906,	15,	0.3
15,	1,	2,	2,	10,	uso_300ms_13.wav,	3,	353,	9.87,	2.3492472171783447,	15,	0.3
15,	1,	2,	2,	11,	uso_300ms_70.wav,	4,	413,	11.87,	3.558833122253418,	15,	0.3
15,	1,	2,	2,	12,	uso_300ms_31.wav,	2,	440,	12.77,	2.4767696857452393,	15,	0.3
15,	1,	2,	2,	13,	uso_300ms_65.wav,	1,	403,	11.53,	1.5792698860168457,	15,	0.3
15,	1,	2,	2,	14,	uso_300ms_47.wav,	5,	413,	11.87,	3.0693798065185547,	15,	0.3
15,	1,	2,	2,	15,	uso_300ms_16.wav,	3,	423,	12.2,	2.50995135307312,	15,	0.3
15,	1,	2,	2,	16,	uso_300ms_67.wav,	5,	330,	9.1,	2.53955078125,	15,	0.3
15,	1,	2,	2,	17,	uso_300ms_9.wav,	1,	273,	7.2,	2.3868649005889893,	15,	0.3
15,	1,	2,	2,	18,	uso_300ms_52.wav,	4,	354,	9.9,	2.5151736736297607,	15,	0.3
15,	1,	2,	2,	19,	uso_300ms_79.wav,	3,	422,	12.17,	3.4193427562713623,	15,	0.3
15,	1,	2,	2,	20,	uso_300ms_43.wav,	2,	404,	11.57,	2.6597278118133545,	15,	0.3
15,	1,	2,	2,	21,	uso_300ms_74.wav,	1,	428,	12.37,	2.008286952972412,	15,	0.3
15,	1,	2,	2,	22,	uso_300ms_8.wav,	4,	241,	6.13,	3.163679361343384,	15,	0.3
15,	1,	2,	2,	23,	uso_300ms_18.wav,	5,	292,	7.83,	2.47416615486145,	15,	0.3
15,	1,	2,	2,	24,	uso_300ms_55.wav,	2,	405,	11.6,	3.422055721282959,	15,	0.3
15,	1,	2,	2,	25,	uso_300ms_64.wav,	3,	366,	10.3,	3.1716933250427246,	15,	0.3
15,	1,	2,	2,	26,	uso_300ms_32.wav,	2,	430,	12.43,	3.02490496635437,	15,	0.3
15,	1,	2,	2,	27,	uso_300ms_41.wav,	5,	438,	12.7,	3.2604780197143555,	15,	0.3
15,	1,	2,	2,	28,	uso_300ms_75.wav,	1,	337,	9.33,	2.846689224243164,	15,	0.3
15,	1,	2,	2,	29,	uso_300ms_29.wav,	4,	404,	11.57,	1.976444959640503,	15,	0.3
15,	1,	2,	2,	30,	uso_300ms_35.wav,	3,	364,	10.23,	2.2499797344207764,	15,	0.3
15,	1,	2,	2,	31,	uso_300ms_84.wav,	5,	422,	12.17,	1.9195048809051514,	15,	0.3
15,	1,	2,	2,	32,	uso_300ms_98.wav,	3,	384,	10.9,	2.4106931686401367,	15,	0.3
15,	1,	2,	2,	33,	uso_300ms_50.wav,	4,	416,	11.97,	2.9873383045196533,	15,	0.3
15,	1,	2,	2,	34,	uso_300ms_80.wav,	2,	424,	12.23,	2.1247456073760986,	15,	0.3
15,	1,	2,	2,	35,	uso_300ms_96.wav,	1,	377,	10.67,	2.496397018432617,	15,	0.3
15,	1,	2,	2,	36,	uso_300ms_37.wav,	3,	283,	7.53,	2.921905040740967,	15,	0.3
15,	1,	2,	2,	37,	uso_300ms_45.wav,	4,	403,	11.53,	2.2325644493103027,	15,	0.3
15,	1,	2,	2,	38,	uso_300ms_91.wav,	5,	429,	12.4,	2.028628349304199,	15,	0.3
15,	1,	2,	2,	39,	uso_300ms_79.wav,	1,	276,	7.3,	2.6853718757629395,	15,	0.3
15,	1,	2,	2,	40,	uso_300ms_12.wav,	2,	360,	10.1,	2.1665334701538086,	15,	0.3
15,	1,	2,	2,	41,	uso_300ms_3.wav,	3,	427,	12.33,	1.692633867263794,	15,	0.3
15,	1,	2,	2,	42,	uso_300ms_27.wav,	1,	286,	7.63,	2.2439746856689453,	15,	0.3
15,	1,	2,	2,	43,	uso_300ms_52.wav,	5,	416,	11.97,	2.569960117340088,	15,	0.3
15,	1,	2,	2,	44,	uso_300ms_31.wav,	2,	338,	9.37,	1.8440425395965576,	15,	0.3
15,	1,	2,	2,	45,	uso_300ms_10.wav,	4,	239,	6.07,	2.8966152667999268,	15,	0.3
15,	1,	2,	2,	46,	uso_300ms_3.wav,	3,	410,	11.77,	2.6987602710723877,	15,	0.3
15,	1,	2,	2,	47,	uso_300ms_9.wav,	1,	270,	7.1,	2.5452628135681152,	15,	0.3
15,	1,	2,	2,	48,	uso_300ms_9.wav,	5,	240,	6.1,	2.4896464347839355,	15,	0.3
15,	1,	2,	2,	49,	uso_300ms_14.wav,	2,	323,	8.87,	2.2194836139678955,	15,	0.3
15,	1,	2,	2,	50,	uso_300ms_21.wav,	4,	425,	12.27,	2.134212017059326,	15,	0.3
15,	1,	2,	2,	51,	uso_300ms_55.wav,	3,	305,	8.27,	2.5742177963256836,	15,	0.3
15,	1,	2,	2,	52,	uso_300ms_96.wav,	4,	386,	10.97,	2.409601926803589,	15,	0.3
15,	1,	2,	2,	53,	uso_300ms_88.wav,	1,	227,	5.67,	3.6402125358581543,	15,	0.3
15,	1,	2,	2,	54,	uso_300ms_21.wav,	5,	409,	11.73,	2.486462116241455,	15,	0.3
15,	1,	2,	2,	55,	uso_300ms_22.wav,	2,	274,	7.23,	2.4848432540893555,	15,	0.3
15,	1,	2,	2,	56,	uso_300ms_22.wav,	4,	396,	11.3,	4.048344373703003,	15,	0.3
15,	1,	2,	2,	57,	uso_300ms_42.wav,	3,	265,	6.93,	3.1067802906036377,	15,	0.3
15,	1,	2,	2,	58,	uso_300ms_63.wav,	1,	359,	10.07,	2.8322081565856934,	15,	0.3
15,	1,	2,	2,	59,	uso_300ms_11.wav,	5,	434,	12.57,	2.120918035507202,	15,	0.3
15,	1,	2,	2,	60,	uso_300ms_67.wav,	2,	427,	12.33,	1.9349439144134521,	15,	0.3
15,	1,	2,	2,	61,	uso_300ms_46.wav,	1,	270,	7.1,	2.942281484603882,	15,	0.3
15,	1,	2,	2,	62,	uso_300ms_82.wav,	3,	390,	11.1,	2.777052402496338,	15,	0.3
15,	1,	2,	2,	63,	uso_300ms_1.wav,	2,	400,	11.43,	3.1894102096557617,	15,	0.3
15,	1,	2,	2,	64,	uso_300ms_71.wav,	4,	367,	10.33,	2.9186513423919678,	15,	0.3
15,	1,	2,	2,	65,	uso_300ms_22.wav,	5,	275,	7.27,	2.7462549209594727,	15,	0.3
15,	1,	2,	2,	66,	uso_300ms_93.wav,	2,	362,	10.17,	2.727339506149292,	15,	0.3
15,	1,	2,	2,	67,	uso_300ms_62.wav,	3,	335,	9.27,	2.9950382709503174,	15,	0.3
15,	1,	2,	2,	68,	uso_300ms_88.wav,	4,	409,	11.73,	2.267465829849243,	15,	0.3
15,	1,	2,	2,	69,	uso_300ms_59.wav,	5,	282,	7.5,	2.3711373805999756,	15,	0.3
15,	1,	2,	2,	70,	uso_300ms_36.wav,	1,	211,	5.13,	2.6909255981445312,	15,	0.3
15,	1,	2,	2,	71,	uso_300ms_22.wav,	4,	316,	8.63,	2.657968521118164,	15,	0.3
15,	1,	2,	2,	72,	uso_300ms_3.wav,	1,	362,	10.17,	3.2357635498046875,	15,	0.3
15,	1,	2,	2,	73,	uso_300ms_46.wav,	5,	283,	7.53,	2.555629253387451,	15,	0.3
15,	1,	2,	2,	74,	uso_300ms_42.wav,	2,	262,	6.83,	1.9734179973602295,	15,	0.3
15,	1,	2,	2,	75,	uso_300ms_72.wav,	3,	363,	10.2,	2.9266490936279297,	15,	0.3
