sub_id,cond_id,block_id,task_id,event_id,stim_id,speaker_id,led_id,led_distance,response_time,n_reps,isi
15,	1,	1,	2,	1,	uso_300ms_4.wav,	5,	279,	7.4,	0.20055270195007324,	15,	0.3
15,	1,	1,	2,	2,	uso_300ms_71.wav,	3,	280,	7.43,	4.78058385848999,	15,	0.3
15,	1,	1,	2,	3,	uso_300ms_59.wav,	1,	280,	7.43,	4.107062578201294,	15,	0.3
15,	1,	1,	2,	4,	uso_300ms_44.wav,	2,	384,	10.9,	3.695286750793457,	15,	0.3
15,	1,	1,	2,	5,	uso_300ms_58.wav,	4,	242,	6.17,	4.416747093200684,	15,	0.3
15,	1,	1,	2,	6,	uso_300ms_10.wav,	5,	425,	12.27,	4.054654598236084,	15,	0.3
15,	1,	1,	2,	7,	uso_300ms_41.wav,	2,	421,	12.13,	4.0629472732543945,	15,	0.3
15,	1,	1,	2,	8,	uso_300ms_100.wav,	4,	397,	11.33,	3.641017436981201,	15,	0.3
15,	1,	1,	2,	9,	uso_300ms_79.wav,	3,	440,	12.77,	2.389023542404175,	15,	0.3
15,	1,	1,	2,	10,	uso_300ms_78.wav,	1,	354,	9.9,	5.0735979080200195,	15,	0.3
15,	1,	1,	2,	11,	uso_300ms_21.wav,	2,	405,	11.6,	4.0026702880859375,	15,	0.3
15,	1,	1,	2,	12,	uso_300ms_51.wav,	5,	443,	12.87,	2.992250442504883,	15,	0.3
15,	1,	1,	2,	13,	uso_300ms_21.wav,	3,	443,	12.87,	2.862041711807251,	15,	0.3
15,	1,	1,	2,	14,	uso_300ms_56.wav,	4,	443,	12.87,	3.332327365875244,	15,	0.3
15,	1,	1,	2,	15,	uso_300ms_57.wav,	1,	372,	10.5,	4.064551830291748,	15,	0.3
15,	1,	1,	2,	16,	uso_300ms_17.wav,	4,	418,	12.03,	2.519707679748535,	15,	0.3
15,	1,	1,	2,	17,	uso_300ms_78.wav,	3,	435,	12.6,	2.9082908630371094,	15,	0.3
15,	1,	1,	2,	18,	uso_300ms_79.wav,	1,	419,	12.07,	3.001173973083496,	15,	0.3
15,	1,	1,	2,	19,	uso_300ms_31.wav,	2,	431,	12.47,	3.3143515586853027,	15,	0.3
15,	1,	1,	2,	20,	uso_300ms_59.wav,	5,	395,	11.27,	2.6305205821990967,	15,	0.3
15,	1,	1,	2,	21,	uso_300ms_32.wav,	2,	409,	11.73,	2.9624216556549072,	15,	0.3
15,	1,	1,	2,	22,	uso_300ms_8.wav,	1,	430,	12.43,	2.840949773788452,	15,	0.3
15,	1,	1,	2,	23,	uso_300ms_43.wav,	4,	401,	11.47,	3.431971311569214,	15,	0.3
15,	1,	1,	2,	24,	uso_300ms_11.wav,	3,	419,	12.07,	2.2190239429473877,	15,	0.3
15,	1,	1,	2,	25,	uso_300ms_98.wav,	5,	415,	11.93,	3.0853593349456787,	15,	0.3
15,	1,	1,	2,	26,	uso_300ms_36.wav,	1,	434,	12.57,	4.534308910369873,	15,	0.3
15,	1,	1,	2,	27,	uso_300ms_10.wav,	4,	438,	12.7,	5.511281490325928,	15,	0.3
15,	1,	1,	2,	28,	uso_300ms_58.wav,	2,	420,	12.1,	4.723488092422485,	15,	0.3
15,	1,	1,	2,	29,	uso_300ms_73.wav,	5,	429,	12.4,	2.998501777648926,	15,	0.3
15,	1,	1,	2,	30,	uso_300ms_29.wav,	3,	445,	12.93,	4.753294467926025,	15,	0.3
15,	1,	1,	2,	31,	uso_300ms_75.wav,	4,	423,	12.2,	4.122358560562134,	15,	0.3
15,	1,	1,	2,	32,	uso_300ms_2.wav,	1,	440,	12.77,	4.983877420425415,	15,	0.3
15,	1,	1,	2,	33,	uso_300ms_3.wav,	5,	429,	12.4,	3.837937355041504,	15,	0.3
15,	1,	1,	2,	34,	uso_300ms_37.wav,	3,	434,	12.57,	2.9175467491149902,	15,	0.3
15,	1,	1,	2,	35,	uso_300ms_64.wav,	2,	418,	12.03,	2.4092631340026855,	15,	0.3
15,	1,	1,	2,	36,	uso_300ms_22.wav,	4,	394,	11.23,	4.511228561401367,	15,	0.3
15,	1,	1,	2,	37,	uso_300ms_5.wav,	3,	430,	12.43,	2.775428295135498,	15,	0.3
15,	1,	1,	2,	38,	uso_300ms_85.wav,	2,	424,	12.23,	3.140878438949585,	15,	0.3
15,	1,	1,	2,	39,	uso_300ms_67.wav,	5,	433,	12.53,	1.8828320503234863,	15,	0.3
15,	1,	1,	2,	40,	uso_300ms_58.wav,	1,	386,	10.97,	2.6387646198272705,	15,	0.3
15,	1,	1,	2,	41,	uso_300ms_32.wav,	4,	390,	11.1,	2.6683435440063477,	15,	0.3
15,	1,	1,	2,	42,	uso_300ms_85.wav,	5,	362,	10.17,	3.137364149093628,	15,	0.3
15,	1,	1,	2,	43,	uso_300ms_7.wav,	1,	352,	9.83,	2.2550151348114014,	15,	0.3
15,	1,	1,	2,	44,	uso_300ms_15.wav,	3,	326,	8.97,	2.8441131114959717,	15,	0.3
15,	1,	1,	2,	45,	uso_300ms_31.wav,	2,	386,	10.97,	2.088224411010742,	15,	0.3
15,	1,	1,	2,	46,	uso_300ms_91.wav,	1,	405,	11.6,	2.515303134918213,	15,	0.3
15,	1,	1,	2,	47,	uso_300ms_63.wav,	2,	421,	12.13,	1.6822082996368408,	15,	0.3
15,	1,	1,	2,	48,	uso_300ms_21.wav,	3,	429,	12.4,	3.1182444095611572,	15,	0.3
15,	1,	1,	2,	49,	uso_300ms_30.wav,	5,	381,	10.8,	2.0351526737213135,	15,	0.3
15,	1,	1,	2,	50,	uso_300ms_76.wav,	4,	423,	12.2,	3.026397943496704,	15,	0.3
15,	1,	1,	2,	51,	uso_300ms_94.wav,	3,	423,	12.2,	3.033494472503662,	15,	0.3
15,	1,	1,	2,	52,	uso_300ms_98.wav,	1,	427,	12.33,	3.6578218936920166,	15,	0.3
15,	1,	1,	2,	53,	uso_300ms_11.wav,	5,	390,	11.1,	2.57847261428833,	15,	0.3
15,	1,	1,	2,	54,	uso_300ms_91.wav,	2,	417,	12.0,	2.998095989227295,	15,	0.3
15,	1,	1,	2,	55,	uso_300ms_54.wav,	4,	423,	12.2,	5.14944314956665,	15,	0.3
15,	1,	1,	2,	56,	uso_300ms_32.wav,	5,	389,	11.07,	1.9391562938690186,	15,	0.3
15,	1,	1,	2,	57,	uso_300ms_40.wav,	2,	417,	12.0,	2.316197395324707,	15,	0.3
15,	1,	1,	2,	58,	uso_300ms_16.wav,	3,	426,	12.3,	3.238947629928589,	15,	0.3
15,	1,	1,	2,	59,	uso_300ms_32.wav,	1,	394,	11.23,	2.2777185440063477,	15,	0.3
15,	1,	1,	2,	60,	uso_300ms_68.wav,	4,	428,	12.37,	2.001863479614258,	15,	0.3
15,	1,	1,	2,	61,	uso_300ms_30.wav,	1,	378,	10.7,	3.016324758529663,	15,	0.3
15,	1,	1,	2,	62,	uso_300ms_3.wav,	5,	348,	9.7,	3.4176177978515625,	15,	0.3
15,	1,	1,	2,	63,	uso_300ms_73.wav,	2,	431,	12.47,	3.067079782485962,	15,	0.3
15,	1,	1,	2,	64,	uso_300ms_18.wav,	3,	353,	9.87,	4.5088112354278564,	15,	0.3
15,	1,	1,	2,	65,	uso_300ms_20.wav,	4,	306,	8.3,	2.241946220397949,	15,	0.3
15,	1,	1,	2,	66,	uso_300ms_77.wav,	5,	361,	10.13,	2.4258201122283936,	15,	0.3
15,	1,	1,	2,	67,	uso_300ms_28.wav,	2,	408,	11.7,	3.988064765930176,	15,	0.3
15,	1,	1,	2,	68,	uso_300ms_38.wav,	3,	335,	9.27,	3.9775450229644775,	15,	0.3
15,	1,	1,	2,	69,	uso_300ms_39.wav,	1,	400,	11.43,	3.2141764163970947,	15,	0.3
15,	1,	1,	2,	70,	uso_300ms_72.wav,	4,	342,	9.5,	3.4132602214813232,	15,	0.3
15,	1,	1,	2,	71,	uso_300ms_98.wav,	5,	408,	11.7,	2.672175884246826,	15,	0.3
15,	1,	1,	2,	72,	uso_300ms_12.wav,	4,	414,	11.9,	2.654731512069702,	15,	0.3
15,	1,	1,	2,	73,	uso_300ms_69.wav,	3,	416,	11.97,	2.8872623443603516,	15,	0.3
15,	1,	1,	2,	74,	uso_300ms_1.wav,	1,	416,	11.97,	2.5519790649414062,	15,	0.3
15,	1,	1,	2,	75,	uso_300ms_86.wav,	2,	442,	12.83,	3.5387778282165527,	15,	0.3
