sub_id,cond_id,block_id,task_id,event_id,stim_id,speaker_id,led_id,led_distance,response_time,n_reps,isi
11,	1,	5,	2,	1,	uso_300ms_70.wav,	1,	121.1258920000001,	2.14,	nan,	90,	2
11,	1,	5,	2,	2,	uso_300ms_47.wav,	1,	109.48033500000008,	1.75,	nan,	90,	2
11,	1,	5,	2,	3,	uso_300ms_62.wav,	1,	86.75232900000009,	0.99,	nan,	90,	2
11,	1,	5,	2,	4,	uso_300ms_44.wav,	2,	178.6104520000001,	4.05,	nan,	90,	2
11,	1,	5,	2,	5,	uso_300ms_43.wav,	3,	217.25398700000017,	5.34,	nan,	90,	2
11,	1,	5,	2,	6,	uso_300ms_27.wav,	4,	236.40651200000013,	5.98,	nan,	90,	2
11,	1,	5,	2,	7,	uso_300ms_30.wav,	5,	263.5791540000002,	6.89,	nan,	90,	2
11,	1,	5,	2,	8,	uso_300ms_91.wav,	5,	316.7815970000002,	8.66,	nan,	90,	2
11,	1,	5,	2,	9,	uso_300ms_40.wav,	4,	242.9995320000002,	6.2,	nan,	90,	2
11,	1,	5,	2,	10,	uso_300ms_22.wav,	3,	221.59719300000023,	5.49,	nan,	90,	2
11,	1,	5,	2,	11,	uso_300ms_9.wav,	3,	221.54528800000023,	5.48,	nan,	90,	2
11,	1,	5,	2,	12,	uso_300ms_41.wav,	1,	153.34451900000022,	3.21,	nan,	90,	2
11,	1,	5,	2,	13,	uso_300ms_12.wav,	1,	106.56594100000018,	1.65,	nan,	90,	2
11,	1,	5,	2,	14,	uso_300ms_86.wav,	1,	160.39818100000016,	3.45,	nan,	90,	2
11,	1,	5,	2,	15,	uso_300ms_53.wav,	2,	174.07151200000015,	3.9,	nan,	90,	2
11,	1,	5,	2,	16,	uso_300ms_63.wav,	3,	212.08690900000016,	5.17,	nan,	90,	2
11,	1,	5,	2,	17,	uso_300ms_2.wav,	4,	238.932742,	6.06,	nan,	90,	2
11,	1,	5,	2,	18,	uso_300ms_49.wav,	5,	267.01628699999986,	7.0,	nan,	90,	2
11,	1,	5,	2,	19,	uso_300ms_82.wav,	5,	267.02082299999984,	7.0,	nan,	90,	2
11,	1,	5,	2,	20,	uso_300ms_9.wav,	5,	266.46605899999963,	6.98,	nan,	90,	2
11,	1,	5,	2,	21,	uso_300ms_27.wav,	4,	245.94312999999946,	6.3,	nan,	90,	2
11,	1,	5,	2,	22,	uso_300ms_79.wav,	3,	207.3660249999994,	5.01,	nan,	90,	2
11,	1,	5,	2,	23,	uso_300ms_58.wav,	3,	197.97244499999957,	4.7,	nan,	90,	2
11,	1,	5,	2,	24,	uso_300ms_65.wav,	2,	164.73410699999954,	3.59,	nan,	90,	2
11,	1,	5,	2,	25,	uso_300ms_53.wav,	1,	145.1638219999995,	2.94,	nan,	90,	2
11,	1,	5,	2,	26,	uso_300ms_21.wav,	1,	108.43906399999952,	1.71,	nan,	90,	2
11,	1,	5,	2,	27,	uso_300ms_18.wav,	2,	167.90047299999952,	3.7,	nan,	90,	2
11,	1,	5,	2,	28,	uso_300ms_27.wav,	5,	258.4774559999995,	6.72,	nan,	90,	2
11,	1,	5,	2,	29,	uso_300ms_38.wav,	5,	323.1438759999996,	8.87,	nan,	90,	2
11,	1,	5,	2,	30,	uso_300ms_21.wav,	4,	233.21603099999948,	5.87,	nan,	90,	2
11,	1,	5,	2,	31,	uso_300ms_30.wav,	3,	218.1284549999996,	5.37,	nan,	90,	2
11,	1,	5,	2,	32,	uso_300ms_55.wav,	2,	177.06792499999958,	4.0,	nan,	90,	2
11,	1,	5,	2,	33,	uso_300ms_87.wav,	1,	136.8711879999996,	2.66,	nan,	90,	2
11,	1,	5,	2,	34,	uso_300ms_72.wav,	2,	180.82863299999966,	4.13,	nan,	90,	2
11,	1,	5,	2,	35,	uso_300ms_97.wav,	3,	200.44170899999972,	4.78,	nan,	90,	2
11,	1,	5,	2,	36,	uso_300ms_43.wav,	3,	200.4636259999997,	4.78,	nan,	90,	2
11,	1,	5,	2,	37,	uso_300ms_92.wav,	3,	200.4636259999997,	4.78,	nan,	90,	2
11,	1,	5,	2,	38,	uso_300ms_100.wav,	4,	238.4800939999997,	6.05,	nan,	90,	2
11,	1,	5,	2,	39,	uso_300ms_2.wav,	4,	238.4800939999997,	6.05,	nan,	90,	2
11,	1,	5,	2,	40,	uso_300ms_74.wav,	4,	238.4800939999997,	6.05,	nan,	90,	2
11,	1,	5,	2,	41,	uso_300ms_15.wav,	5,	289.1070479999997,	7.74,	nan,	90,	2
11,	1,	5,	2,	42,	uso_300ms_13.wav,	5,	289.1070479999997,	7.74,	nan,	90,	2
11,	1,	5,	2,	43,	uso_300ms_30.wav,	5,	289.1070479999997,	7.74,	nan,	90,	2
11,	1,	5,	2,	44,	uso_300ms_71.wav,	5,	326.08961599999986,	8.97,	nan,	90,	2
11,	1,	5,	2,	45,	uso_300ms_44.wav,	4,	248.50887499999973,	6.38,	nan,	90,	2
11,	1,	5,	2,	46,	uso_300ms_21.wav,	4,	248.50887499999973,	6.38,	nan,	90,	2
11,	1,	5,	2,	47,	uso_300ms_44.wav,	2,	185.17768399999966,	4.27,	nan,	90,	2
11,	1,	5,	2,	48,	uso_300ms_31.wav,	3,	205.73386299999962,	4.96,	nan,	90,	2
11,	1,	5,	2,	49,	uso_300ms_53.wav,	3,	205.73386299999962,	4.96,	nan,	90,	2
11,	1,	5,	2,	50,	uso_300ms_92.wav,	3,	205.73386299999962,	4.96,	nan,	90,	2
11,	1,	5,	2,	51,	uso_300ms_91.wav,	3,	205.73083899999963,	4.96,	nan,	90,	2
11,	1,	5,	2,	52,	uso_300ms_90.wav,	2,	180.87308999999962,	4.13,	nan,	90,	2
11,	1,	5,	2,	53,	uso_300ms_20.wav,	2,	180.87308999999962,	4.13,	nan,	90,	2
11,	1,	5,	2,	54,	uso_300ms_3.wav,	2,	180.87308999999962,	4.13,	nan,	90,	2
11,	1,	5,	2,	55,	uso_300ms_92.wav,	1,	140.34422399999966,	2.78,	nan,	90,	2
11,	1,	5,	2,	56,	uso_300ms_99.wav,	1,	140.34422399999966,	2.78,	nan,	90,	2
11,	1,	5,	2,	57,	uso_300ms_53.wav,	1,	140.34422399999966,	2.78,	nan,	90,	2
11,	1,	5,	2,	58,	uso_300ms_44.wav,	3,	212.4554239999996,	5.18,	nan,	90,	2
11,	1,	5,	2,	59,	uso_300ms_28.wav,	3,	212.4554239999996,	5.18,	nan,	90,	2
11,	1,	5,	2,	60,	uso_300ms_12.wav,	3,	212.4554239999996,	5.18,	nan,	90,	2
11,	1,	5,	2,	61,	uso_300ms_52.wav,	4,	233.0365159999996,	5.87,	nan,	90,	2
11,	1,	5,	2,	62,	uso_300ms_70.wav,	4,	233.0617369999995,	5.87,	nan,	90,	2
11,	1,	5,	2,	63,	uso_300ms_58.wav,	4,	233.0617369999995,	5.87,	nan,	90,	2
11,	1,	5,	2,	64,	uso_300ms_15.wav,	5,	278.5978079999996,	7.39,	nan,	90,	2
11,	1,	5,	2,	65,	uso_300ms_68.wav,	5,	278.5978079999996,	7.39,	nan,	90,	2
11,	1,	5,	2,	66,	uso_300ms_56.wav,	5,	278.5978079999996,	7.39,	nan,	90,	2
11,	1,	5,	2,	67,	uso_300ms_89.wav,	5,	278.5978079999996,	7.39,	nan,	90,	2
11,	1,	5,	2,	68,	uso_300ms_26.wav,	5,	278.5978079999996,	7.39,	nan,	90,	2
11,	1,	5,	2,	69,	uso_300ms_7.wav,	4,	247.27137299999953,	6.34,	nan,	90,	2
11,	1,	5,	2,	70,	uso_300ms_55.wav,	4,	247.27137299999953,	6.34,	nan,	90,	2
11,	1,	5,	2,	71,	uso_300ms_47.wav,	4,	247.27137299999953,	6.34,	nan,	90,	2
11,	1,	5,	2,	72,	uso_300ms_45.wav,	4,	247.27137299999953,	6.34,	nan,	90,	2
11,	1,	5,	2,	73,	uso_300ms_98.wav,	3,	211.7091959999995,	5.16,	nan,	90,	2
11,	1,	5,	2,	74,	uso_300ms_38.wav,	3,	211.7091959999995,	5.16,	nan,	90,	2
11,	1,	5,	2,	75,	uso_300ms_61.wav,	3,	211.7091959999995,	5.16,	nan,	90,	2
11,	1,	5,	2,	76,	uso_300ms_13.wav,	2,	172.06114699999952,	3.84,	nan,	90,	2
11,	1,	5,	2,	77,	uso_300ms_46.wav,	2,	172.06114699999952,	3.84,	nan,	90,	2
11,	1,	5,	2,	78,	uso_300ms_55.wav,	2,	172.06114699999952,	3.84,	nan,	90,	2
11,	1,	5,	2,	79,	uso_300ms_63.wav,	3,	208.22507899999957,	5.04,	nan,	90,	2
11,	1,	5,	2,	80,	uso_300ms_93.wav,	3,	208.22507899999957,	5.04,	nan,	90,	2
11,	1,	5,	2,	81,	uso_300ms_51.wav,	3,	208.22507899999957,	5.04,	nan,	90,	2
11,	1,	5,	2,	82,	uso_300ms_71.wav,	4,	226.6120279999995,	5.65,	nan,	90,	2
11,	1,	5,	2,	83,	uso_300ms_46.wav,	5,	252.92797499999952,	6.53,	nan,	90,	2
11,	1,	5,	2,	84,	uso_300ms_25.wav,	5,	252.92797499999952,	6.53,	nan,	90,	2
11,	1,	5,	2,	85,	uso_300ms_21.wav,	5,	252.9567799999994,	6.53,	nan,	90,	2
11,	1,	5,	2,	86,	uso_300ms_67.wav,	5,	296.1129349999994,	7.97,	nan,	90,	2
11,	1,	5,	2,	87,	uso_300ms_54.wav,	5,	296.1129349999994,	7.97,	nan,	90,	2
11,	1,	5,	2,	88,	uso_300ms_40.wav,	5,	296.1129349999994,	7.97,	nan,	90,	2
11,	1,	5,	2,	89,	uso_300ms_60.wav,	5,	296.1129349999994,	7.97,	nan,	90,	2
11,	1,	5,	2,	90,	uso_300ms_44.wav,	4,	244.86713899999933,	6.26,	nan,	90,	2
