sub_id,cond_id,block_id,task_id,event_id,stim_id,speaker_id,led_id,led_distance,response_time,n_reps,isi
11,	1,	1,	2,	1,	uso_300ms_100.wav,	2,	168,	3.7,	0.2004413604736328,	15,	0.3
11,	1,	1,	2,	2,	uso_300ms_22.wav,	4,	334,	9.23,	5.554747581481934,	15,	0.3
11,	1,	1,	2,	3,	uso_300ms_62.wav,	3,	314,	8.57,	9.105486869812012,	15,	0.3
11,	1,	1,	2,	4,	uso_300ms_55.wav,	5,	185,	4.27,	4.049263000488281,	15,	0.3
11,	1,	1,	2,	5,	uso_300ms_100.wav,	1,	141,	2.8,	3.583538293838501,	15,	0.3
11,	1,	1,	2,	6,	uso_300ms_96.wav,	2,	392,	11.17,	3.070507526397705,	15,	0.3
11,	1,	1,	2,	7,	uso_300ms_100.wav,	4,	334,	9.23,	3.5849781036376953,	15,	0.3
11,	1,	1,	2,	8,	uso_300ms_54.wav,	5,	276,	7.3,	4.484716892242432,	15,	0.3
11,	1,	1,	2,	9,	uso_300ms_63.wav,	1,	150,	3.1,	2.7638280391693115,	15,	0.3
11,	1,	1,	2,	10,	uso_300ms_75.wav,	3,	172,	3.83,	4.500829458236694,	15,	0.3
11,	1,	1,	2,	11,	uso_300ms_62.wav,	4,	385,	10.93,	3.522446870803833,	15,	0.3
11,	1,	1,	2,	12,	uso_300ms_64.wav,	3,	191,	4.47,	4.0283098220825195,	15,	0.3
11,	1,	1,	2,	13,	uso_300ms_55.wav,	5,	286,	7.63,	3.1165645122528076,	15,	0.3
11,	1,	1,	2,	14,	uso_300ms_81.wav,	2,	173,	3.87,	4.38019061088562,	15,	0.3
11,	1,	1,	2,	15,	uso_300ms_93.wav,	1,	131,	2.47,	1.842752456665039,	15,	0.3
11,	1,	1,	2,	16,	uso_300ms_26.wav,	4,	344,	9.57,	4.265712738037109,	15,	0.3
11,	1,	1,	2,	17,	uso_300ms_45.wav,	2,	188,	4.37,	4.218044996261597,	15,	0.3
11,	1,	1,	2,	18,	uso_300ms_60.wav,	1,	127,	2.33,	2.5374834537506104,	15,	0.3
11,	1,	1,	2,	19,	uso_300ms_28.wav,	3,	343,	9.53,	3.9494736194610596,	15,	0.3
11,	1,	1,	2,	20,	uso_300ms_6.wav,	5,	246,	6.3,	3.5814247131347656,	15,	0.3
11,	1,	1,	2,	21,	uso_300ms_5.wav,	4,	389,	11.07,	3.6312289237976074,	15,	0.3
11,	1,	1,	2,	22,	uso_300ms_53.wav,	1,	133,	2.53,	4.36920952796936,	15,	0.3
11,	1,	1,	2,	23,	uso_300ms_62.wav,	2,	313,	8.53,	6.409294843673706,	15,	0.3
11,	1,	1,	2,	24,	uso_300ms_42.wav,	3,	216,	5.3,	4.049353122711182,	15,	0.3
11,	1,	1,	2,	25,	uso_300ms_61.wav,	5,	380,	10.77,	3.8738512992858887,	15,	0.3
11,	1,	1,	2,	26,	uso_300ms_18.wav,	3,	143,	2.87,	6.52388334274292,	15,	0.3
11,	1,	1,	2,	27,	uso_300ms_48.wav,	5,	319,	8.73,	4.960849285125732,	15,	0.3
11,	1,	1,	2,	28,	uso_300ms_58.wav,	4,	278,	7.37,	3.911118268966675,	15,	0.3
11,	1,	1,	2,	29,	uso_300ms_29.wav,	1,	134,	2.57,	3.513314962387085,	15,	0.3
11,	1,	1,	2,	30,	uso_300ms_78.wav,	2,	177,	4.0,	4.801912546157837,	15,	0.3
11,	1,	1,	2,	31,	uso_300ms_59.wav,	4,	223,	5.53,	3.666558265686035,	15,	0.3
11,	1,	1,	2,	32,	uso_300ms_76.wav,	1,	159,	3.4,	3.588763475418091,	15,	0.3
11,	1,	1,	2,	33,	uso_300ms_86.wav,	5,	343,	9.53,	3.0981156826019287,	15,	0.3
11,	1,	1,	2,	34,	uso_300ms_99.wav,	3,	263,	6.87,	4.507599592208862,	15,	0.3
11,	1,	1,	2,	35,	uso_300ms_83.wav,	2,	214,	5.23,	5.2481372356414795,	15,	0.3
11,	1,	1,	2,	36,	uso_300ms_5.wav,	5,	404,	11.57,	4.043561697006226,	15,	0.3
11,	1,	1,	2,	37,	uso_300ms_5.wav,	2,	159,	3.4,	4.469517230987549,	15,	0.3
11,	1,	1,	2,	38,	uso_300ms_70.wav,	4,	385,	10.93,	4.402326822280884,	15,	0.3
11,	1,	1,	2,	39,	uso_300ms_59.wav,	3,	275,	7.27,	4.543219327926636,	15,	0.3
11,	1,	1,	2,	40,	uso_300ms_66.wav,	1,	119,	2.07,	3.135456085205078,	15,	0.3
11,	1,	1,	2,	41,	uso_300ms_19.wav,	2,	201,	4.8,	3.3886852264404297,	15,	0.3
11,	1,	1,	2,	42,	uso_300ms_91.wav,	5,	400,	11.43,	3.4245898723602295,	15,	0.3
11,	1,	1,	2,	43,	uso_300ms_60.wav,	1,	128,	2.37,	4.027476787567139,	15,	0.3
11,	1,	1,	2,	44,	uso_300ms_99.wav,	4,	239,	6.07,	2.9320895671844482,	15,	0.3
11,	1,	1,	2,	45,	uso_300ms_33.wav,	3,	297,	8.0,	3.033513307571411,	15,	0.3
11,	1,	1,	2,	46,	uso_300ms_48.wav,	4,	340,	9.43,	2.025345802307129,	15,	0.3
11,	1,	1,	2,	47,	uso_300ms_66.wav,	2,	153,	3.2,	4.390774250030518,	15,	0.3
11,	1,	1,	2,	48,	uso_300ms_28.wav,	5,	383,	10.87,	3.5413992404937744,	15,	0.3
11,	1,	1,	2,	49,	uso_300ms_71.wav,	3,	279,	7.4,	4.596878528594971,	15,	0.3
11,	1,	1,	2,	50,	uso_300ms_45.wav,	1,	135,	2.6,	3.85158109664917,	15,	0.3
11,	1,	1,	2,	51,	uso_300ms_65.wav,	4,	290,	7.77,	3.860412836074829,	15,	0.3
11,	1,	1,	2,	52,	uso_300ms_24.wav,	3,	159,	3.4,	3.9597203731536865,	15,	0.3
11,	1,	1,	2,	53,	uso_300ms_65.wav,	5,	290,	7.77,	5.210381507873535,	15,	0.3
11,	1,	1,	2,	54,	uso_300ms_40.wav,	2,	130,	2.43,	3.6278562545776367,	15,	0.3
11,	1,	1,	2,	55,	uso_300ms_3.wav,	1,	109,	1.73,	4.001265287399292,	15,	0.3
11,	1,	1,	2,	56,	uso_300ms_59.wav,	2,	224,	5.57,	5.163572788238525,	15,	0.3
11,	1,	1,	2,	57,	uso_300ms_67.wav,	5,	389,	11.07,	4.061203718185425,	15,	0.3
11,	1,	1,	2,	58,	uso_300ms_3.wav,	4,	421,	12.13,	3.1978561878204346,	15,	0.3
11,	1,	1,	2,	59,	uso_300ms_67.wav,	3,	229,	5.73,	3.207352876663208,	15,	0.3
11,	1,	1,	2,	60,	uso_300ms_77.wav,	1,	151,	3.13,	3.9259629249572754,	15,	0.3
11,	1,	1,	2,	61,	uso_300ms_78.wav,	2,	183,	4.2,	4.353588581085205,	15,	0.3
11,	1,	1,	2,	62,	uso_300ms_71.wav,	5,	377,	10.67,	4.5528883934021,	15,	0.3
11,	1,	1,	2,	63,	uso_300ms_89.wav,	1,	126,	2.3,	3.680403709411621,	15,	0.3
11,	1,	1,	2,	64,	uso_300ms_42.wav,	3,	147,	3.0,	2.839928150177002,	15,	0.3
11,	1,	1,	2,	65,	uso_300ms_97.wav,	4,	230,	5.77,	2.5590596199035645,	15,	0.3
11,	1,	1,	2,	66,	uso_300ms_15.wav,	3,	197,	4.67,	1.875232458114624,	15,	0.3
11,	1,	1,	2,	67,	uso_300ms_96.wav,	5,	357,	10.0,	2.5160698890686035,	15,	0.3
11,	1,	1,	2,	68,	uso_300ms_57.wav,	4,	375,	10.6,	2.1761367321014404,	15,	0.3
11,	1,	1,	2,	69,	uso_300ms_98.wav,	1,	122,	2.17,	3.3054544925689697,	15,	0.3
11,	1,	1,	2,	70,	uso_300ms_31.wav,	2,	158,	3.37,	2.5572686195373535,	15,	0.3
11,	1,	1,	2,	71,	uso_300ms_97.wav,	1,	104,	1.57,	2.0485363006591797,	15,	0.3
11,	1,	1,	2,	72,	uso_300ms_48.wav,	4,	281,	7.47,	2.960937738418579,	15,	0.3
11,	1,	1,	2,	73,	uso_300ms_86.wav,	5,	316,	8.63,	2.771026849746704,	15,	0.3
11,	1,	1,	2,	74,	uso_300ms_61.wav,	3,	180,	4.1,	2.356685161590576,	15,	0.3
11,	1,	1,	2,	75,	uso_300ms_76.wav,	2,	160,	3.43,	3.4403579235076904,	15,	0.3
