sub_id,cond_id,block_id,task_id,event_id,stim_id,speaker_id,led_id,led_distance,response_time,n_reps,isi
11,	1,	3,	2,	1,	uso_300ms_90.wav,	1,	90,	1.1,	nan,	90,	2
11,	1,	3,	2,	2,	uso_300ms_88.wav,	2,	174.355516,	3.91,	nan,	90,	2
11,	1,	3,	2,	3,	uso_300ms_13.wav,	1,	128.41933899999998,	2.38,	nan,	90,	2
11,	1,	3,	2,	4,	uso_300ms_100.wav,	2,	168.079988,	3.7,	nan,	90,	2
11,	1,	3,	2,	5,	uso_300ms_36.wav,	5,	255.822104,	6.63,	nan,	90,	2
11,	1,	3,	2,	6,	uso_300ms_9.wav,	5,	335.80003000000016,	9.29,	nan,	90,	2
11,	1,	3,	2,	7,	uso_300ms_18.wav,	5,	313.6034990000001,	8.55,	nan,	90,	2
11,	1,	3,	2,	8,	uso_300ms_91.wav,	5,	452.2408650000001,	13.17,	nan,	90,	2
11,	1,	3,	2,	9,	uso_300ms_20.wav,	5,	279.40138,	7.41,	nan,	90,	2
11,	1,	3,	2,	10,	uso_300ms_32.wav,	4,	241.792872,	6.16,	nan,	90,	2
11,	1,	3,	2,	11,	uso_300ms_3.wav,	5,	287.401141,	7.68,	nan,	90,	2
11,	1,	3,	2,	12,	uso_300ms_28.wav,	3,	215.33284400000002,	5.28,	nan,	90,	2
11,	1,	3,	2,	13,	uso_300ms_47.wav,	2,	183.93211099999994,	4.23,	nan,	90,	2
11,	1,	3,	2,	14,	uso_300ms_91.wav,	1,	135.88371199999995,	2.63,	nan,	90,	2
11,	1,	3,	2,	15,	uso_300ms_79.wav,	1,	121.07077399999993,	2.14,	nan,	90,	2
11,	1,	3,	2,	16,	uso_300ms_7.wav,	1,	103.35673499999996,	1.55,	nan,	90,	2
11,	1,	3,	2,	17,	uso_300ms_30.wav,	3,	197.93947499999996,	4.7,	nan,	90,	2
11,	1,	3,	2,	18,	uso_300ms_11.wav,	5,	253.33342199999996,	6.54,	nan,	90,	2
11,	1,	3,	2,	19,	uso_300ms_70.wav,	5,	315.18563199999994,	8.61,	nan,	90,	2
11,	1,	3,	2,	20,	uso_300ms_19.wav,	5,	349.584346,	9.75,	nan,	90,	2
11,	1,	3,	2,	21,	uso_300ms_16.wav,	5,	396.26318100000003,	11.31,	nan,	90,	2
11,	1,	3,	2,	22,	uso_300ms_92.wav,	5,	425.466936,	12.28,	nan,	90,	2
11,	1,	3,	2,	23,	uso_300ms_12.wav,	5,	454.705509,	13.26,	nan,	90,	2
11,	1,	3,	2,	24,	uso_300ms_88.wav,	5,	262.62474599999996,	6.85,	nan,	90,	2
11,	1,	3,	2,	25,	uso_300ms_76.wav,	4,	246.06569299999992,	6.3,	nan,	90,	2
11,	1,	3,	2,	26,	uso_300ms_51.wav,	3,	192.83907199999993,	4.53,	nan,	90,	2
11,	1,	3,	2,	27,	uso_300ms_62.wav,	2,	181.55851599999994,	4.15,	nan,	90,	2
11,	1,	3,	2,	28,	uso_300ms_16.wav,	4,	224.31669999999994,	5.58,	nan,	90,	2
11,	1,	3,	2,	29,	uso_300ms_100.wav,	3,	192.63741599999994,	4.52,	nan,	90,	2
11,	1,	3,	2,	30,	uso_300ms_39.wav,	2,	181.85160599999995,	4.16,	nan,	90,	2
11,	1,	3,	2,	31,	uso_300ms_3.wav,	1,	160.91251299999988,	3.46,	nan,	90,	2
11,	1,	3,	2,	32,	uso_300ms_8.wav,	4,	224.84442999999987,	5.59,	nan,	90,	2
11,	1,	3,	2,	33,	uso_300ms_48.wav,	2,	187.62808999999984,	4.35,	nan,	90,	2
11,	1,	3,	2,	34,	uso_300ms_64.wav,	3,	201.51429799999977,	4.82,	nan,	90,	2
11,	1,	3,	2,	35,	uso_300ms_99.wav,	4,	234.15778299999977,	5.91,	nan,	90,	2
11,	1,	3,	2,	36,	uso_300ms_87.wav,	4,	249.86569199999977,	6.43,	nan,	90,	2
11,	1,	3,	2,	37,	uso_300ms_69.wav,	5,	295.8222459999997,	7.96,	nan,	90,	2
11,	1,	3,	2,	38,	uso_300ms_31.wav,	4,	226.30942499999972,	5.64,	nan,	90,	2
11,	1,	3,	2,	39,	uso_300ms_48.wav,	5,	272.73240999999973,	7.19,	nan,	90,	2
11,	1,	3,	2,	40,	uso_300ms_53.wav,	5,	318.7016689999998,	8.72,	nan,	90,	2
11,	1,	3,	2,	41,	uso_300ms_41.wav,	5,	282.6268049999997,	7.52,	nan,	90,	2
11,	1,	3,	2,	42,	uso_300ms_4.wav,	4,	244.77772099999956,	6.26,	nan,	90,	2
11,	1,	3,	2,	43,	uso_300ms_97.wav,	4,	223.4041519999995,	5.55,	nan,	90,	2
11,	1,	3,	2,	44,	uso_300ms_2.wav,	3,	209.0709239999995,	5.07,	nan,	90,	2
11,	1,	3,	2,	45,	uso_300ms_74.wav,	2,	178.78301599999946,	4.06,	nan,	90,	2
11,	1,	3,	2,	46,	uso_300ms_67.wav,	3,	206.92608899999954,	5.0,	nan,	90,	2
11,	1,	3,	2,	47,	uso_300ms_56.wav,	4,	248.02530099999953,	6.37,	nan,	90,	2
11,	1,	3,	2,	48,	uso_300ms_18.wav,	1,	147.84728599999954,	3.03,	nan,	90,	2
11,	1,	3,	2,	49,	uso_300ms_12.wav,	1,	129.89314699999954,	2.43,	nan,	90,	2
11,	1,	3,	2,	50,	uso_300ms_72.wav,	1,	88.09977299999954,	1.04,	nan,	90,	2
11,	1,	3,	2,	51,	uso_300ms_9.wav,	2,	173.5330159999995,	3.88,	nan,	90,	2
11,	1,	3,	2,	52,	uso_300ms_44.wav,	3,	220.59165699999946,	5.45,	nan,	90,	2
11,	1,	3,	2,	53,	uso_300ms_75.wav,	4,	246.36354299999948,	6.31,	nan,	90,	2
11,	1,	3,	2,	54,	uso_300ms_14.wav,	5,	267.3947069999995,	7.01,	nan,	90,	2
11,	1,	3,	2,	55,	uso_300ms_28.wav,	5,	294.3015379999995,	7.91,	nan,	90,	2
11,	1,	3,	2,	56,	uso_300ms_27.wav,	5,	307.95669699999945,	8.37,	nan,	90,	2
11,	1,	3,	2,	57,	uso_300ms_49.wav,	5,	337.63328799999937,	9.35,	nan,	90,	2
11,	1,	3,	2,	58,	uso_300ms_19.wav,	4,	240.59739099999933,	6.12,	nan,	90,	2
11,	1,	3,	2,	59,	uso_300ms_6.wav,	5,	265.21559299999933,	6.94,	nan,	90,	2
11,	1,	3,	2,	60,	uso_300ms_86.wav,	4,	242.3826499999993,	6.18,	nan,	90,	2
11,	1,	3,	2,	61,	uso_300ms_8.wav,	5,	267.8588699999994,	7.03,	nan,	90,	2
11,	1,	3,	2,	62,	uso_300ms_33.wav,	3,	213.32395599999938,	5.21,	nan,	90,	2
11,	1,	3,	2,	63,	uso_300ms_48.wav,	2,	172.55628499999943,	3.85,	nan,	90,	2
11,	1,	3,	2,	64,	uso_300ms_66.wav,	4,	229.07184899999947,	5.74,	nan,	90,	2
11,	1,	3,	2,	65,	uso_300ms_57.wav,	5,	260.9413019999995,	6.8,	nan,	90,	2
11,	1,	3,	2,	66,	uso_300ms_70.wav,	5,	299.51888299999956,	8.08,	nan,	90,	2
11,	1,	3,	2,	67,	uso_300ms_20.wav,	4,	232.6327839999995,	5.85,	nan,	90,	2
11,	1,	3,	2,	68,	uso_300ms_72.wav,	2,	186.9940859999995,	4.33,	nan,	90,	2
11,	1,	3,	2,	69,	uso_300ms_75.wav,	3,	203.35270799999952,	4.88,	nan,	90,	2
11,	1,	3,	2,	70,	uso_300ms_90.wav,	2,	188.9251899999995,	4.4,	nan,	90,	2
11,	1,	3,	2,	71,	uso_300ms_75.wav,	4,	225.93364399999948,	5.63,	nan,	90,	2
11,	1,	3,	2,	72,	uso_300ms_58.wav,	2,	177.81555999999946,	4.03,	nan,	90,	2
11,	1,	3,	2,	73,	uso_300ms_63.wav,	1,	157.77399299999945,	3.36,	nan,	90,	2
11,	1,	3,	2,	74,	uso_300ms_27.wav,	3,	217.52056799999949,	5.35,	nan,	90,	2
11,	1,	3,	2,	75,	uso_300ms_86.wav,	3,	195.46079599999945,	4.62,	nan,	90,	2
11,	1,	3,	2,	76,	uso_300ms_3.wav,	2,	162.94748999999945,	3.53,	nan,	90,	2
11,	1,	3,	2,	77,	uso_300ms_1.wav,	4,	222.47251499999948,	5.52,	nan,	90,	2
11,	1,	3,	2,	78,	uso_300ms_14.wav,	5,	261.69502699999947,	6.82,	nan,	90,	2
11,	1,	3,	2,	79,	uso_300ms_81.wav,	4,	229.01211799999942,	5.73,	nan,	90,	2
11,	1,	3,	2,	80,	uso_300ms_85.wav,	5,	266.68676899999946,	6.99,	nan,	90,	2
11,	1,	3,	2,	81,	uso_300ms_54.wav,	5,	286.13266399999947,	7.64,	nan,	90,	2
11,	1,	3,	2,	82,	uso_300ms_48.wav,	5,	322.3086779999995,	8.84,	nan,	90,	2
11,	1,	3,	2,	83,	uso_300ms_29.wav,	4,	243.16377299999942,	6.21,	nan,	90,	2
11,	1,	3,	2,	84,	uso_300ms_56.wav,	3,	203.6598819999994,	4.89,	nan,	90,	2
11,	1,	3,	2,	85,	uso_300ms_8.wav,	1,	161.5518369999994,	3.49,	nan,	90,	2
11,	1,	3,	2,	86,	uso_300ms_11.wav,	1,	127.88963499999943,	2.36,	nan,	90,	2
11,	1,	3,	2,	87,	uso_300ms_61.wav,	3,	193.03283199999947,	4.53,	nan,	90,	2
11,	1,	3,	2,	88,	uso_300ms_53.wav,	2,	181.39072599999957,	4.15,	nan,	90,	2
11,	1,	3,	2,	89,	uso_300ms_49.wav,	1,	147.7533669999996,	3.03,	nan,	90,	2
11,	1,	3,	2,	90,	uso_300ms_92.wav,	2,	166.25650899999962,	3.64,	nan,	90,	2
