sub_id,cond_id,block_id,task_id,event_id,stim_id,speaker_id,led_id,led_distance,response_time,n_reps,isi
11,	1,	2,	2,	1,	uso_300ms_80.wav,	1,	100,	1.43,	2.6402688026428223,	15,	0.3
11,	1,	2,	2,	2,	uso_300ms_54.wav,	2,	180,	4.1,	2.6855945587158203,	15,	0.3
11,	1,	2,	2,	3,	uso_300ms_21.wav,	5,	268,	7.03,	2.578507661819458,	15,	0.3
11,	1,	2,	2,	4,	uso_300ms_68.wav,	3,	195,	4.6,	2.7130141258239746,	15,	0.3
11,	1,	2,	2,	5,	uso_300ms_47.wav,	4,	207,	5.0,	2.974438428878784,	15,	0.3
11,	1,	2,	2,	6,	uso_300ms_9.wav,	2,	148,	3.03,	2.669919013977051,	15,	0.3
11,	1,	2,	2,	7,	uso_300ms_78.wav,	1,	122,	2.17,	1.964343786239624,	15,	0.3
11,	1,	2,	2,	8,	uso_300ms_37.wav,	3,	123,	2.2,	2.1249234676361084,	15,	0.3
11,	1,	2,	2,	9,	uso_300ms_17.wav,	4,	202,	4.83,	1.8116281032562256,	15,	0.3
11,	1,	2,	2,	10,	uso_300ms_1.wav,	5,	226,	5.63,	1.6145734786987305,	15,	0.3
11,	1,	2,	2,	11,	uso_300ms_27.wav,	3,	176,	3.97,	1.417222261428833,	15,	0.3
11,	1,	2,	2,	12,	uso_300ms_26.wav,	4,	185,	4.27,	3.3571786880493164,	15,	0.3
11,	1,	2,	2,	13,	uso_300ms_3.wav,	2,	159,	3.4,	2.470216989517212,	15,	0.3
11,	1,	2,	2,	14,	uso_300ms_27.wav,	1,	134,	2.57,	1.990868091583252,	15,	0.3
11,	1,	2,	2,	15,	uso_300ms_28.wav,	5,	260,	6.77,	1.8786170482635498,	15,	0.3
11,	1,	2,	2,	16,	uso_300ms_73.wav,	3,	201,	4.8,	3.921281337738037,	15,	0.3
11,	1,	2,	2,	17,	uso_300ms_25.wav,	4,	270,	7.1,	1.6906287670135498,	15,	0.3
11,	1,	2,	2,	18,	uso_300ms_65.wav,	2,	198,	4.7,	2.1505277156829834,	15,	0.3
11,	1,	2,	2,	19,	uso_300ms_51.wav,	1,	156,	3.3,	2.824953079223633,	15,	0.3
11,	1,	2,	2,	20,	uso_300ms_22.wav,	5,	294,	7.9,	2.3959665298461914,	15,	0.3
11,	1,	2,	2,	21,	uso_300ms_42.wav,	2,	186,	4.3,	2.33758544921875,	15,	0.3
11,	1,	2,	2,	22,	uso_300ms_29.wav,	3,	233,	5.87,	1.9118235111236572,	15,	0.3
11,	1,	2,	2,	23,	uso_300ms_13.wav,	4,	274,	7.23,	2.8541364669799805,	15,	0.3
11,	1,	2,	2,	24,	uso_300ms_3.wav,	5,	349,	9.73,	2.651942491531372,	15,	0.3
11,	1,	2,	2,	25,	uso_300ms_4.wav,	1,	150,	3.1,	2.6945955753326416,	15,	0.3
11,	1,	2,	2,	26,	uso_300ms_62.wav,	5,	290,	7.77,	2.152279853820801,	15,	0.3
11,	1,	2,	2,	27,	uso_300ms_64.wav,	1,	161,	3.47,	2.0162317752838135,	15,	0.3
11,	1,	2,	2,	28,	uso_300ms_2.wav,	3,	224,	5.57,	2.764411211013794,	15,	0.3
11,	1,	2,	2,	29,	uso_300ms_89.wav,	4,	272,	7.17,	2.7416086196899414,	15,	0.3
11,	1,	2,	2,	30,	uso_300ms_10.wav,	2,	213,	5.2,	3.562403440475464,	15,	0.3
11,	1,	2,	2,	31,	uso_300ms_2.wav,	3,	176,	3.97,	2.9158904552459717,	15,	0.3
11,	1,	2,	2,	32,	uso_300ms_37.wav,	2,	145,	2.93,	3.8223907947540283,	15,	0.3
11,	1,	2,	2,	33,	uso_300ms_58.wav,	4,	273,	7.2,	2.4156270027160645,	15,	0.3
11,	1,	2,	2,	34,	uso_300ms_35.wav,	5,	376,	10.63,	2.503465175628662,	15,	0.3
11,	1,	2,	2,	35,	uso_300ms_29.wav,	1,	155,	3.27,	4.123270750045776,	15,	0.3
11,	1,	2,	2,	36,	uso_300ms_68.wav,	4,	240,	6.1,	2.2684073448181152,	15,	0.3
11,	1,	2,	2,	37,	uso_300ms_36.wav,	5,	295,	7.93,	1.9433181285858154,	15,	0.3
11,	1,	2,	2,	38,	uso_300ms_83.wav,	3,	331,	9.13,	2.8570311069488525,	15,	0.3
11,	1,	2,	2,	39,	uso_300ms_41.wav,	2,	229,	5.73,	2.771355628967285,	15,	0.3
11,	1,	2,	2,	40,	uso_300ms_1.wav,	1,	170,	3.77,	2.4611666202545166,	15,	0.3
11,	1,	2,	2,	41,	uso_300ms_54.wav,	3,	253,	6.53,	2.280210256576538,	15,	0.3
11,	1,	2,	2,	42,	uso_300ms_81.wav,	4,	291,	7.8,	2.0983524322509766,	15,	0.3
11,	1,	2,	2,	43,	uso_300ms_17.wav,	2,	233,	5.87,	3.1623647212982178,	15,	0.3
11,	1,	2,	2,	44,	uso_300ms_64.wav,	1,	162,	3.5,	1.7205274105072021,	15,	0.3
11,	1,	2,	2,	45,	uso_300ms_54.wav,	5,	372,	10.5,	3.086230754852295,	15,	0.3
11,	1,	2,	2,	46,	uso_300ms_74.wav,	1,	133,	2.53,	3.0266425609588623,	15,	0.3
11,	1,	2,	2,	47,	uso_300ms_70.wav,	4,	270,	7.1,	2.527956485748291,	15,	0.3
11,	1,	2,	2,	48,	uso_300ms_43.wav,	3,	200,	4.77,	2.033979892730713,	15,	0.3
11,	1,	2,	2,	49,	uso_300ms_87.wav,	2,	156,	3.3,	1.6971468925476074,	15,	0.3
11,	1,	2,	2,	50,	uso_300ms_49.wav,	5,	325,	8.93,	3.69916033744812,	15,	0.3
11,	1,	2,	2,	51,	uso_300ms_81.wav,	4,	358,	10.03,	1.8779449462890625,	15,	0.3
11,	1,	2,	2,	52,	uso_300ms_54.wav,	5,	381,	10.8,	1.7305381298065186,	15,	0.3
11,	1,	2,	2,	53,	uso_300ms_87.wav,	2,	154,	3.23,	5.790181636810303,	15,	0.3
11,	1,	2,	2,	54,	uso_300ms_6.wav,	1,	127,	2.33,	1.943962812423706,	15,	0.3
11,	1,	2,	2,	55,	uso_300ms_25.wav,	3,	172,	3.83,	2.3872666358947754,	15,	0.3
11,	1,	2,	2,	56,	uso_300ms_76.wav,	4,	264,	6.9,	2.7695939540863037,	15,	0.3
11,	1,	2,	2,	57,	uso_300ms_30.wav,	3,	172,	3.83,	4.178031921386719,	15,	0.3
11,	1,	2,	2,	58,	uso_300ms_46.wav,	5,	323,	8.87,	2.2433576583862305,	15,	0.3
11,	1,	2,	2,	59,	uso_300ms_10.wav,	2,	191,	4.47,	2.512403964996338,	15,	0.3
11,	1,	2,	2,	60,	uso_300ms_74.wav,	1,	119,	2.07,	2.0921523571014404,	15,	0.3
11,	1,	2,	2,	61,	uso_300ms_3.wav,	3,	186,	4.3,	3.6106255054473877,	15,	0.3
11,	1,	2,	2,	62,	uso_300ms_74.wav,	5,	310,	8.43,	2.7573611736297607,	15,	0.3
11,	1,	2,	2,	63,	uso_300ms_20.wav,	4,	334,	9.23,	2.711979389190674,	15,	0.3
11,	1,	2,	2,	64,	uso_300ms_96.wav,	2,	164,	3.57,	4.197975397109985,	15,	0.3
11,	1,	2,	2,	65,	uso_300ms_22.wav,	1,	120,	2.1,	2.314195156097412,	15,	0.3
11,	1,	2,	2,	66,	uso_300ms_33.wav,	2,	150,	3.1,	1.6582870483398438,	15,	0.3
11,	1,	2,	2,	67,	uso_300ms_66.wav,	5,	293,	7.87,	4.202601194381714,	15,	0.3
11,	1,	2,	2,	68,	uso_300ms_28.wav,	3,	236,	5.97,	2.1666488647460938,	15,	0.3
11,	1,	2,	2,	69,	uso_300ms_16.wav,	1,	114,	1.9,	2.1439666748046875,	15,	0.3
11,	1,	2,	2,	70,	uso_300ms_91.wav,	4,	239,	6.07,	3.7435734272003174,	15,	0.3
11,	1,	2,	2,	71,	uso_300ms_21.wav,	3,	325,	8.93,	4.214378118515015,	15,	0.3
11,	1,	2,	2,	72,	uso_300ms_82.wav,	4,	361,	10.13,	2.5452024936676025,	15,	0.3
11,	1,	2,	2,	73,	uso_300ms_37.wav,	5,	387,	11.0,	2.7300972938537598,	15,	0.3
11,	1,	2,	2,	74,	uso_300ms_18.wav,	1,	114,	1.9,	3.0948238372802734,	15,	0.3
11,	1,	2,	2,	75,	uso_300ms_53.wav,	2,	172,	3.83,	2.744938850402832,	15,	0.3
