sub_id,cond_id,block_id,task_id,event_id,stim_id,speaker_id,led_id,led_distance,response_time,n_reps,isi
11,	1,	6,	1,	1,	uso_300ms_48.wav,	1,	90,	1.1,	0.2005598545074463,	15,	0.3
11,	1,	6,	1,	2,	uso_300ms_67.wav,	2,	141,	2.8,	3.651106595993042,	15,	0.3
11,	1,	6,	1,	3,	uso_300ms_5.wav,	7,	301,	8.13,	3.5366315841674805,	15,	0.3
11,	1,	6,	1,	4,	uso_300ms_98.wav,	8,	357,	10.0,	1.9368653297424316,	15,	0.3
11,	1,	6,	1,	5,	uso_300ms_97.wav,	4,	232,	5.83,	2.85315203666687,	15,	0.3
11,	1,	6,	1,	6,	uso_300ms_43.wav,	5,	210,	5.1,	2.4461493492126465,	15,	0.3
11,	1,	6,	1,	7,	uso_300ms_46.wav,	10,	360,	10.1,	2.5494909286499023,	15,	0.3
11,	1,	6,	1,	8,	uso_300ms_28.wav,	9,	401,	11.47,	1.559849500656128,	15,	0.3
11,	1,	6,	1,	9,	uso_300ms_76.wav,	3,	251,	6.47,	2.181919574737549,	15,	0.3
11,	1,	6,	1,	10,	uso_300ms_15.wav,	6,	283,	7.53,	2.358898639678955,	15,	0.3
11,	1,	6,	1,	11,	uso_300ms_88.wav,	0,	123,	2.2,	2.988497257232666,	15,	0.3
11,	1,	6,	1,	12,	uso_300ms_93.wav,	6,	238,	6.03,	2.0372626781463623,	15,	0.3
11,	1,	6,	1,	13,	uso_300ms_34.wav,	10,	366,	10.3,	2.2123398780822754,	15,	0.3
11,	1,	6,	1,	14,	uso_300ms_56.wav,	7,	341,	9.47,	2.4263229370117188,	15,	0.3
11,	1,	6,	1,	15,	uso_300ms_89.wav,	3,	171,	3.8,	2.0686068534851074,	15,	0.3
11,	1,	6,	1,	16,	uso_300ms_58.wav,	1,	142,	2.83,	1.9954357147216797,	15,	0.3
11,	1,	6,	1,	17,	uso_300ms_15.wav,	0,	106,	1.63,	1.6875274181365967,	15,	0.3
11,	1,	6,	1,	18,	uso_300ms_95.wav,	4,	197,	4.67,	2.154320478439331,	15,	0.3
11,	1,	6,	1,	19,	uso_300ms_12.wav,	8,	327,	9.0,	2.202432155609131,	15,	0.3
11,	1,	6,	1,	20,	uso_300ms_94.wav,	9,	423,	12.2,	1.733597755432129,	15,	0.3
11,	1,	6,	1,	21,	uso_300ms_69.wav,	5,	335,	9.27,	2.753148317337036,	15,	0.3
11,	1,	6,	1,	22,	uso_300ms_50.wav,	2,	202,	4.83,	2.228864908218384,	15,	0.3
11,	1,	6,	1,	23,	uso_300ms_87.wav,	10,	357,	10.0,	2.0962843894958496,	15,	0.3
11,	1,	6,	1,	24,	uso_300ms_63.wav,	9,	331,	9.13,	1.5347344875335693,	15,	0.3
11,	1,	6,	1,	25,	uso_300ms_28.wav,	7,	331,	9.13,	1.7640397548675537,	15,	0.3
11,	1,	6,	1,	26,	uso_300ms_39.wav,	2,	182,	4.17,	2.541469097137451,	15,	0.3
11,	1,	6,	1,	27,	uso_300ms_43.wav,	6,	247,	6.33,	2.431089401245117,	15,	0.3
11,	1,	6,	1,	28,	uso_300ms_15.wav,	5,	247,	6.33,	1.3925011157989502,	15,	0.3
11,	1,	6,	1,	29,	uso_300ms_12.wav,	4,	200,	4.77,	2.278010606765747,	15,	0.3
11,	1,	6,	1,	30,	uso_300ms_76.wav,	0,	112,	1.83,	2.478086471557617,	15,	0.3
11,	1,	6,	1,	31,	uso_300ms_12.wav,	8,	336,	9.3,	2.8313465118408203,	15,	0.3
11,	1,	6,	1,	32,	uso_300ms_82.wav,	1,	143,	2.87,	2.5879831314086914,	15,	0.3
11,	1,	6,	1,	33,	uso_300ms_39.wav,	3,	170,	3.77,	1.8939721584320068,	15,	0.3
11,	1,	6,	1,	34,	uso_300ms_18.wav,	2,	136,	2.63,	2.563530921936035,	15,	0.3
11,	1,	6,	1,	35,	uso_300ms_96.wav,	7,	283,	7.53,	2.831197500228882,	15,	0.3
11,	1,	6,	1,	36,	uso_300ms_2.wav,	0,	120,	2.1,	2.6883544921875,	15,	0.3
11,	1,	6,	1,	37,	uso_300ms_85.wav,	10,	398,	11.37,	3.004661798477173,	15,	0.3
11,	1,	6,	1,	38,	uso_300ms_89.wav,	6,	336,	9.3,	1.9716615676879883,	15,	0.3
11,	1,	6,	1,	39,	uso_300ms_45.wav,	3,	193,	4.53,	2.542340040206909,	15,	0.3
11,	1,	6,	1,	40,	uso_300ms_13.wav,	1,	137,	2.67,	1.7385504245758057,	15,	0.3
11,	1,	6,	1,	41,	uso_300ms_24.wav,	4,	213,	5.2,	2.564063549041748,	15,	0.3
11,	1,	6,	1,	42,	uso_300ms_89.wav,	8,	370,	10.43,	2.3899900913238525,	15,	0.3
11,	1,	6,	1,	43,	uso_300ms_53.wav,	5,	228,	5.7,	2.2682502269744873,	15,	0.3
11,	1,	6,	1,	44,	uso_300ms_72.wav,	9,	389,	11.07,	2.4913132190704346,	15,	0.3
11,	1,	6,	1,	45,	uso_300ms_49.wav,	4,	254,	6.57,	2.031724452972412,	15,	0.3
11,	1,	6,	1,	46,	uso_300ms_82.wav,	8,	422,	12.17,	1.977470874786377,	15,	0.3
11,	1,	6,	1,	47,	uso_300ms_30.wav,	10,	339,	9.4,	2.1270382404327393,	15,	0.3
11,	1,	6,	1,	48,	uso_300ms_21.wav,	6,	264,	6.9,	1.544616937637329,	15,	0.3
11,	1,	6,	1,	49,	uso_300ms_20.wav,	2,	170,	3.77,	2.149482011795044,	15,	0.3
11,	1,	6,	1,	50,	uso_300ms_53.wav,	1,	128,	2.37,	1.7594764232635498,	15,	0.3
11,	1,	6,	1,	51,	uso_300ms_28.wav,	5,	186,	4.3,	2.0459418296813965,	15,	0.3
11,	1,	6,	1,	52,	uso_300ms_84.wav,	9,	322,	8.83,	2.5822958946228027,	15,	0.3
11,	1,	6,	1,	53,	uso_300ms_94.wav,	3,	242,	6.17,	1.6375460624694824,	15,	0.3
11,	1,	6,	1,	54,	uso_300ms_29.wav,	0,	126,	2.3,	1.9468185901641846,	15,	0.3
11,	1,	6,	1,	55,	uso_300ms_60.wav,	7,	221,	5.47,	1.6848723888397217,	15,	0.3
11,	1,	6,	1,	56,	uso_300ms_7.wav,	3,	174,	3.9,	1.743187427520752,	15,	0.3
11,	1,	6,	1,	57,	uso_300ms_21.wav,	9,	344,	9.57,	2.2566025257110596,	15,	0.3
11,	1,	6,	1,	58,	uso_300ms_62.wav,	4,	279,	7.4,	2.3501174449920654,	15,	0.3
11,	1,	6,	1,	59,	uso_300ms_71.wav,	7,	423,	12.2,	2.018791913986206,	15,	0.3
11,	1,	6,	1,	60,	uso_300ms_27.wav,	8,	349,	9.73,	1.8546409606933594,	15,	0.3
11,	1,	6,	1,	61,	uso_300ms_79.wav,	6,	300,	8.1,	2.282766342163086,	15,	0.3
11,	1,	6,	1,	62,	uso_300ms_31.wav,	0,	121,	2.13,	2.597048759460449,	15,	0.3
11,	1,	6,	1,	63,	uso_300ms_66.wav,	1,	160,	3.43,	1.3660004138946533,	15,	0.3
11,	1,	6,	1,	64,	uso_300ms_87.wav,	5,	205,	4.93,	1.283876895904541,	15,	0.3
11,	1,	6,	1,	65,	uso_300ms_7.wav,	10,	350,	9.77,	3.2224507331848145,	15,	0.3
11,	1,	6,	1,	66,	uso_300ms_58.wav,	2,	173,	3.87,	2.1159846782684326,	15,	0.3
11,	1,	6,	1,	67,	uso_300ms_75.wav,	8,	229,	5.73,	2.626713991165161,	15,	0.3
11,	1,	6,	1,	68,	uso_300ms_83.wav,	10,	332,	9.17,	1.9140150547027588,	15,	0.3
11,	1,	6,	1,	69,	uso_300ms_24.wav,	2,	150,	3.1,	2.2705469131469727,	15,	0.3
11,	1,	6,	1,	70,	uso_300ms_77.wav,	0,	119,	2.07,	1.8595075607299805,	15,	0.3
11,	1,	6,	1,	71,	uso_300ms_26.wav,	5,	188,	4.37,	2.069312334060669,	15,	0.3
11,	1,	6,	1,	72,	uso_300ms_7.wav,	7,	256,	6.63,	2.5235540866851807,	15,	0.3
11,	1,	6,	1,	73,	uso_300ms_42.wav,	9,	326,	8.97,	1.6060223579406738,	15,	0.3
11,	1,	6,	1,	74,	uso_300ms_52.wav,	1,	141,	2.8,	2.6523609161376953,	15,	0.3
11,	1,	6,	1,	75,	uso_300ms_66.wav,	6,	268,	7.03,	2.591634750366211,	15,	0.3
11,	1,	6,	1,	76,	uso_300ms_83.wav,	4,	222,	5.5,	2.3331432342529297,	15,	0.3
11,	1,	6,	1,	77,	uso_300ms_15.wav,	3,	185,	4.27,	2.26214861869812,	15,	0.3
11,	1,	6,	1,	78,	uso_300ms_12.wav,	7,	317,	8.67,	2.015052318572998,	15,	0.3
11,	1,	6,	1,	79,	uso_300ms_51.wav,	8,	411,	11.8,	1.8952810764312744,	15,	0.3
11,	1,	6,	1,	80,	uso_300ms_84.wav,	9,	388,	11.03,	1.969853162765503,	15,	0.3
11,	1,	6,	1,	81,	uso_300ms_100.wav,	6,	343,	9.53,	1.9144620895385742,	15,	0.3
11,	1,	6,	1,	82,	uso_300ms_38.wav,	4,	249,	6.4,	1.7423326969146729,	15,	0.3
11,	1,	6,	1,	83,	uso_300ms_18.wav,	3,	197,	4.67,	1.8599154949188232,	15,	0.3
11,	1,	6,	1,	84,	uso_300ms_13.wav,	10,	327,	9.0,	2.5502965450286865,	15,	0.3
11,	1,	6,	1,	85,	uso_300ms_15.wav,	5,	291,	7.8,	2.0160958766937256,	15,	0.3
11,	1,	6,	1,	86,	uso_300ms_39.wav,	2,	191,	4.47,	2.0146756172180176,	15,	0.3
11,	1,	6,	1,	87,	uso_300ms_72.wav,	1,	132,	2.5,	2.334404230117798,	15,	0.3
11,	1,	6,	1,	88,	uso_300ms_68.wav,	0,	117,	2.0,	1.9020273685455322,	15,	0.3
11,	1,	6,	1,	89,	uso_300ms_1.wav,	2,	151,	3.13,	1.9736683368682861,	15,	0.3
11,	1,	6,	1,	90,	uso_300ms_89.wav,	10,	280,	7.43,	2.4859204292297363,	15,	0.3
11,	1,	6,	1,	91,	uso_300ms_54.wav,	5,	236,	5.97,	2.623666524887085,	15,	0.3
11,	1,	6,	1,	92,	uso_300ms_55.wav,	8,	335,	9.27,	2.3098363876342773,	15,	0.3
11,	1,	6,	1,	93,	uso_300ms_36.wav,	3,	287,	7.67,	2.787522792816162,	15,	0.3
11,	1,	6,	1,	94,	uso_300ms_97.wav,	6,	262,	6.83,	3.007065773010254,	15,	0.3
11,	1,	6,	1,	95,	uso_300ms_10.wav,	9,	374,	10.57,	2.9038782119750977,	15,	0.3
11,	1,	6,	1,	96,	uso_300ms_43.wav,	7,	330,	9.1,	1.886934518814087,	15,	0.3
11,	1,	6,	1,	97,	uso_300ms_9.wav,	1,	135,	2.6,	3.7335007190704346,	15,	0.3
11,	1,	6,	1,	98,	uso_300ms_94.wav,	0,	114,	1.9,	2.7672271728515625,	15,	0.3
11,	1,	6,	1,	99,	uso_300ms_89.wav,	4,	151,	3.13,	2.0461230278015137,	15,	0.3
11,	1,	6,	1,	100,	uso_300ms_63.wav,	2,	157,	3.33,	2.502939462661743,	15,	0.3
11,	1,	6,	1,	101,	uso_300ms_74.wav,	9,	269,	7.07,	3.5301499366760254,	15,	0.3
11,	1,	6,	1,	102,	uso_300ms_62.wav,	4,	243,	6.2,	2.738973617553711,	15,	0.3
11,	1,	6,	1,	103,	uso_300ms_94.wav,	10,	360,	10.1,	2.444880723953247,	15,	0.3
11,	1,	6,	1,	104,	uso_300ms_51.wav,	1,	150,	3.1,	2.6963050365448,	15,	0.3
11,	1,	6,	1,	105,	uso_300ms_78.wav,	5,	210,	5.1,	2.2778282165527344,	15,	0.3
11,	1,	6,	1,	106,	uso_300ms_86.wav,	7,	240,	6.1,	2.529839515686035,	15,	0.3
11,	1,	6,	1,	107,	uso_300ms_97.wav,	0,	124,	2.23,	2.8492064476013184,	15,	0.3
11,	1,	6,	1,	108,	uso_300ms_69.wav,	8,	265,	6.93,	2.530893087387085,	15,	0.3
11,	1,	6,	1,	109,	uso_300ms_90.wav,	3,	179,	4.07,	2.132293462753296,	15,	0.3
11,	1,	6,	1,	110,	uso_300ms_2.wav,	6,	271,	7.13,	2.7523727416992188,	15,	0.3
11,	1,	6,	1,	111,	uso_300ms_75.wav,	0,	120,	2.1,	3.040003538131714,	15,	0.3
11,	1,	6,	1,	112,	uso_300ms_86.wav,	9,	323,	8.87,	2.392838954925537,	15,	0.3
11,	1,	6,	1,	113,	uso_300ms_14.wav,	2,	170,	3.77,	2.3442394733428955,	15,	0.3
11,	1,	6,	1,	114,	uso_300ms_85.wav,	6,	252,	6.5,	2.2557742595672607,	15,	0.3
11,	1,	6,	1,	115,	uso_300ms_38.wav,	8,	329,	9.07,	2.476638078689575,	15,	0.3
11,	1,	6,	1,	116,	uso_300ms_96.wav,	7,	369,	10.4,	1.7699880599975586,	15,	0.3
11,	1,	6,	1,	117,	uso_300ms_68.wav,	3,	184,	4.23,	2.8189990520477295,	15,	0.3
11,	1,	6,	1,	118,	uso_300ms_73.wav,	10,	417,	12.0,	3.189941883087158,	15,	0.3
11,	1,	6,	1,	119,	uso_300ms_5.wav,	5,	368,	10.37,	2.3233604431152344,	15,	0.3
11,	1,	6,	1,	120,	uso_300ms_86.wav,	4,	204,	4.9,	2.160924196243286,	15,	0.3
11,	1,	6,	1,	121,	uso_300ms_62.wav,	1,	121,	2.13,	3.310417890548706,	15,	0.3
11,	1,	6,	1,	122,	uso_300ms_55.wav,	3,	183,	4.2,	2.617074728012085,	15,	0.3
11,	1,	6,	1,	123,	uso_300ms_94.wav,	2,	138,	2.7,	1.6342449188232422,	15,	0.3
11,	1,	6,	1,	124,	uso_300ms_65.wav,	0,	115,	1.93,	2.1013829708099365,	15,	0.3
11,	1,	6,	1,	125,	uso_300ms_24.wav,	4,	184,	4.23,	1.843311071395874,	15,	0.3
11,	1,	6,	1,	126,	uso_300ms_44.wav,	5,	248,	6.37,	1.6385512351989746,	15,	0.3
11,	1,	6,	1,	127,	uso_300ms_70.wav,	1,	136,	2.63,	2.0184733867645264,	15,	0.3
11,	1,	6,	1,	128,	uso_300ms_39.wav,	9,	346,	9.63,	2.445449113845825,	15,	0.3
11,	1,	6,	1,	129,	uso_300ms_71.wav,	10,	331,	9.13,	2.0127196311950684,	15,	0.3
11,	1,	6,	1,	130,	uso_300ms_91.wav,	7,	368,	10.37,	1.8937137126922607,	15,	0.3
11,	1,	6,	1,	131,	uso_300ms_7.wav,	8,	394,	11.23,	2.596825361251831,	15,	0.3
11,	1,	6,	1,	132,	uso_300ms_23.wav,	6,	297,	8.0,	3.3862645626068115,	15,	0.3
11,	1,	6,	1,	133,	uso_300ms_22.wav,	1,	160,	3.43,	2.356160879135132,	15,	0.3
11,	1,	6,	1,	134,	uso_300ms_55.wav,	0,	119,	2.07,	2.239224672317505,	15,	0.3
11,	1,	6,	1,	135,	uso_300ms_96.wav,	8,	209,	5.07,	1.8088350296020508,	15,	0.3
11,	1,	6,	1,	136,	uso_300ms_7.wav,	7,	246,	6.3,	1.9218180179595947,	15,	0.3
11,	1,	6,	1,	137,	uso_300ms_54.wav,	10,	330,	9.1,	2.717690944671631,	15,	0.3
11,	1,	6,	1,	138,	uso_300ms_87.wav,	6,	286,	7.63,	1.8848819732666016,	15,	0.3
11,	1,	6,	1,	139,	uso_300ms_30.wav,	3,	183,	4.2,	1.858525276184082,	15,	0.3
11,	1,	6,	1,	140,	uso_300ms_65.wav,	9,	275,	7.27,	1.6992416381835938,	15,	0.3
11,	1,	6,	1,	141,	uso_300ms_90.wav,	4,	318,	8.7,	2.024385452270508,	15,	0.3
11,	1,	6,	1,	142,	uso_300ms_78.wav,	5,	235,	5.93,	2.6860151290893555,	15,	0.3
11,	1,	6,	1,	143,	uso_300ms_13.wav,	2,	159,	3.4,	2.257192850112915,	15,	0.3
11,	1,	6,	1,	144,	uso_300ms_53.wav,	6,	255,	6.6,	1.6106789112091064,	15,	0.3
11,	1,	6,	1,	145,	uso_300ms_37.wav,	4,	187,	4.33,	2.4149346351623535,	15,	0.3
11,	1,	6,	1,	146,	uso_300ms_1.wav,	10,	328,	9.03,	1.7535099983215332,	15,	0.3
11,	1,	6,	1,	147,	uso_300ms_51.wav,	9,	386,	10.97,	1.8854656219482422,	15,	0.3
11,	1,	6,	1,	148,	uso_300ms_85.wav,	0,	107,	1.67,	4.183792591094971,	15,	0.3
11,	1,	6,	1,	149,	uso_300ms_55.wav,	7,	188,	4.37,	1.6731102466583252,	15,	0.3
11,	1,	6,	1,	150,	uso_300ms_29.wav,	1,	142,	2.83,	1.6486101150512695,	15,	0.3
11,	1,	6,	1,	151,	uso_300ms_84.wav,	5,	201,	4.8,	2.4262771606445312,	15,	0.3
11,	1,	6,	1,	152,	uso_300ms_47.wav,	3,	151,	3.13,	1.5372867584228516,	15,	0.3
11,	1,	6,	1,	153,	uso_300ms_18.wav,	8,	257,	6.67,	2.0246684551239014,	15,	0.3
11,	1,	6,	1,	154,	uso_300ms_72.wav,	2,	148,	3.03,	2.98641300201416,	15,	0.3
11,	1,	6,	1,	155,	uso_300ms_15.wav,	7,	212,	5.17,	2.8034701347351074,	15,	0.3
11,	1,	6,	1,	156,	uso_300ms_71.wav,	6,	262,	6.83,	1.9542696475982666,	15,	0.3
11,	1,	6,	1,	157,	uso_300ms_35.wav,	0,	123,	2.2,	2.853755235671997,	15,	0.3
11,	1,	6,	1,	158,	uso_300ms_58.wav,	10,	359,	10.07,	2.7473385334014893,	15,	0.3
11,	1,	6,	1,	159,	uso_300ms_13.wav,	2,	191,	4.47,	3.0263702869415283,	15,	0.3
11,	1,	6,	1,	160,	uso_300ms_95.wav,	1,	148,	3.03,	1.6027300357818604,	15,	0.3
11,	1,	6,	1,	161,	uso_300ms_86.wav,	4,	177,	4.0,	1.6651771068572998,	15,	0.3
11,	1,	6,	1,	162,	uso_300ms_1.wav,	8,	270,	7.1,	1.6600351333618164,	15,	0.3
11,	1,	6,	1,	163,	uso_300ms_8.wav,	3,	330,	9.1,	2.849438428878784,	15,	0.3
11,	1,	6,	1,	164,	uso_300ms_52.wav,	9,	409,	11.73,	1.9198060035705566,	15,	0.3
11,	1,	6,	1,	165,	uso_300ms_85.wav,	5,	292,	7.83,	3.1316769123077393,	15,	0.3
