sub_id,cond_id,block_id,task_id,event_id,stim_id,speaker_id,led_id,led_distance,response_time,n_reps,isi
11,	1,	4,	2,	1,	uso_300ms_21.wav,	1,	90,	1.1,	0.20080804824829102,	15,	0.3
11,	1,	4,	2,	2,	uso_300ms_64.wav,	3,	124,	2.23,	1.9081459045410156,	15,	0.3
11,	1,	4,	2,	3,	uso_300ms_61.wav,	4,	186,	4.3,	2.573486089706421,	15,	0.3
11,	1,	4,	2,	4,	uso_300ms_6.wav,	2,	174,	3.9,	2.250826120376587,	15,	0.3
11,	1,	4,	2,	5,	uso_300ms_42.wav,	5,	239,	6.07,	3.585298776626587,	15,	0.3
11,	1,	4,	2,	6,	uso_300ms_62.wav,	3,	256,	6.63,	1.7988088130950928,	15,	0.3
11,	1,	4,	2,	7,	uso_300ms_76.wav,	1,	175,	3.93,	1.9881372451782227,	15,	0.3
11,	1,	4,	2,	8,	uso_300ms_100.wav,	4,	258,	6.7,	2.871220350265503,	15,	0.3
11,	1,	4,	2,	9,	uso_300ms_23.wav,	2,	156,	3.3,	2.3298709392547607,	15,	0.3
11,	1,	4,	2,	10,	uso_300ms_6.wav,	5,	249,	6.4,	2.63140869140625,	15,	0.3
11,	1,	4,	2,	11,	uso_300ms_87.wav,	2,	206,	4.97,	2.2734923362731934,	15,	0.3
11,	1,	4,	2,	12,	uso_300ms_88.wav,	4,	181,	4.13,	2.254178762435913,	15,	0.3
11,	1,	4,	2,	13,	uso_300ms_68.wav,	1,	125,	2.27,	1.7660858631134033,	15,	0.3
11,	1,	4,	2,	14,	uso_300ms_77.wav,	3,	168,	3.7,	1.8776907920837402,	15,	0.3
11,	1,	4,	2,	15,	uso_300ms_56.wav,	5,	275,	7.27,	2.432257890701294,	15,	0.3
11,	1,	4,	2,	16,	uso_300ms_6.wav,	1,	153,	3.2,	2.170595407485962,	15,	0.3
11,	1,	4,	2,	17,	uso_300ms_51.wav,	5,	323,	8.87,	2.6823556423187256,	15,	0.3
11,	1,	4,	2,	18,	uso_300ms_97.wav,	4,	278,	7.37,	1.813913345336914,	15,	0.3
11,	1,	4,	2,	19,	uso_300ms_3.wav,	2,	222,	5.5,	1.434662103652954,	15,	0.3
11,	1,	4,	2,	20,	uso_300ms_97.wav,	3,	177,	4.0,	1.5298843383789062,	15,	0.3
11,	1,	4,	2,	21,	uso_300ms_59.wav,	4,	241,	6.13,	1.8994498252868652,	15,	0.3
11,	1,	4,	2,	22,	uso_300ms_93.wav,	1,	132,	2.5,	2.5746121406555176,	15,	0.3
11,	1,	4,	2,	23,	uso_300ms_99.wav,	2,	157,	3.33,	2.148162364959717,	15,	0.3
11,	1,	4,	2,	24,	uso_300ms_5.wav,	3,	179,	4.07,	1.5365605354309082,	15,	0.3
11,	1,	4,	2,	25,	uso_300ms_10.wav,	5,	228,	5.7,	2.374572515487671,	15,	0.3
11,	1,	4,	2,	26,	uso_300ms_52.wav,	3,	265,	6.93,	1.8772680759429932,	15,	0.3
11,	1,	4,	2,	27,	uso_300ms_93.wav,	4,	322,	8.83,	3.1537539958953857,	15,	0.3
11,	1,	4,	2,	28,	uso_300ms_23.wav,	1,	144,	2.9,	2.494704246520996,	15,	0.3
11,	1,	4,	2,	29,	uso_300ms_80.wav,	2,	189,	4.4,	1.6505591869354248,	15,	0.3
11,	1,	4,	2,	30,	uso_300ms_25.wav,	5,	339,	9.4,	2.5483505725860596,	15,	0.3
11,	1,	4,	2,	31,	uso_300ms_87.wav,	4,	314,	8.57,	2.492616891860962,	15,	0.3
11,	1,	4,	2,	32,	uso_300ms_28.wav,	3,	236,	5.97,	2.2893970012664795,	15,	0.3
11,	1,	4,	2,	33,	uso_300ms_4.wav,	1,	122,	2.17,	1.9203295707702637,	15,	0.3
11,	1,	4,	2,	34,	uso_300ms_100.wav,	5,	282,	7.5,	2.3026247024536133,	15,	0.3
11,	1,	4,	2,	35,	uso_300ms_61.wav,	2,	167,	3.67,	2.8464107513427734,	15,	0.3
11,	1,	4,	2,	36,	uso_300ms_72.wav,	4,	273,	7.2,	1.8683531284332275,	15,	0.3
11,	1,	4,	2,	37,	uso_300ms_1.wav,	1,	150,	3.1,	2.4916462898254395,	15,	0.3
11,	1,	4,	2,	38,	uso_300ms_61.wav,	2,	207,	5.0,	3.1926586627960205,	15,	0.3
11,	1,	4,	2,	39,	uso_300ms_6.wav,	5,	304,	8.23,	2.168302536010742,	15,	0.3
11,	1,	4,	2,	40,	uso_300ms_76.wav,	3,	360,	10.1,	2.821526050567627,	15,	0.3
11,	1,	4,	2,	41,	uso_300ms_100.wav,	4,	321,	8.8,	2.353128671646118,	15,	0.3
11,	1,	4,	2,	42,	uso_300ms_12.wav,	2,	243,	6.2,	2.0769460201263428,	15,	0.3
11,	1,	4,	2,	43,	uso_300ms_88.wav,	1,	139,	2.73,	1.9677495956420898,	15,	0.3
11,	1,	4,	2,	44,	uso_300ms_50.wav,	5,	221,	5.47,	1.8687283992767334,	15,	0.3
11,	1,	4,	2,	45,	uso_300ms_71.wav,	3,	200,	4.77,	3.151576042175293,	15,	0.3
11,	1,	4,	2,	46,	uso_300ms_20.wav,	1,	147,	3.0,	1.9915711879730225,	15,	0.3
11,	1,	4,	2,	47,	uso_300ms_18.wav,	2,	126,	2.3,	2.5505294799804688,	15,	0.3
11,	1,	4,	2,	48,	uso_300ms_86.wav,	3,	186,	4.3,	1.5556914806365967,	15,	0.3
11,	1,	4,	2,	49,	uso_300ms_56.wav,	4,	228,	5.7,	1.554555892944336,	15,	0.3
11,	1,	4,	2,	50,	uso_300ms_83.wav,	5,	325,	8.93,	3.357304096221924,	15,	0.3
11,	1,	4,	2,	51,	uso_300ms_54.wav,	1,	167,	3.67,	2.0733609199523926,	15,	0.3
11,	1,	4,	2,	52,	uso_300ms_56.wav,	5,	238,	6.03,	1.6068801879882812,	15,	0.3
11,	1,	4,	2,	53,	uso_300ms_29.wav,	3,	337,	9.33,	2.744753122329712,	15,	0.3
11,	1,	4,	2,	54,	uso_300ms_81.wav,	2,	200,	4.77,	2.9898335933685303,	15,	0.3
11,	1,	4,	2,	55,	uso_300ms_34.wav,	4,	271,	7.13,	2.631164312362671,	15,	0.3
11,	1,	4,	2,	56,	uso_300ms_93.wav,	2,	271,	7.13,	2.1181249618530273,	15,	0.3
11,	1,	4,	2,	57,	uso_300ms_59.wav,	3,	221,	5.47,	2.725956678390503,	15,	0.3
11,	1,	4,	2,	58,	uso_300ms_41.wav,	5,	321,	8.8,	2.1203153133392334,	15,	0.3
11,	1,	4,	2,	59,	uso_300ms_83.wav,	1,	151,	3.13,	2.284572124481201,	15,	0.3
11,	1,	4,	2,	60,	uso_300ms_70.wav,	4,	241,	6.13,	3.7772254943847656,	15,	0.3
11,	1,	4,	2,	61,	uso_300ms_57.wav,	3,	170,	3.77,	2.4963319301605225,	15,	0.3
11,	1,	4,	2,	62,	uso_300ms_19.wav,	1,	140,	2.77,	2.6792025566101074,	15,	0.3
11,	1,	4,	2,	63,	uso_300ms_15.wav,	4,	196,	4.63,	2.152228593826294,	15,	0.3
11,	1,	4,	2,	64,	uso_300ms_67.wav,	5,	281,	7.47,	3.4178671836853027,	15,	0.3
11,	1,	4,	2,	65,	uso_300ms_1.wav,	2,	180,	4.1,	2.0674943923950195,	15,	0.3
11,	1,	4,	2,	66,	uso_300ms_76.wav,	5,	316,	8.63,	1.9095125198364258,	15,	0.3
11,	1,	4,	2,	67,	uso_300ms_5.wav,	4,	352,	9.83,	2.6254420280456543,	15,	0.3
11,	1,	4,	2,	68,	uso_300ms_27.wav,	1,	164,	3.57,	2.0758628845214844,	15,	0.3
11,	1,	4,	2,	69,	uso_300ms_67.wav,	2,	200,	4.77,	2.0507149696350098,	15,	0.3
11,	1,	4,	2,	70,	uso_300ms_59.wav,	3,	264,	6.9,	3.8095717430114746,	15,	0.3
11,	1,	4,	2,	71,	uso_300ms_8.wav,	1,	129,	2.4,	3.1098251342773438,	15,	0.3
11,	1,	4,	2,	72,	uso_300ms_80.wav,	4,	269,	7.07,	2.617888927459717,	15,	0.3
11,	1,	4,	2,	73,	uso_300ms_62.wav,	3,	244,	6.23,	2.4081642627716064,	15,	0.3
11,	1,	4,	2,	74,	uso_300ms_43.wav,	5,	335,	9.27,	2.6759612560272217,	15,	0.3
11,	1,	4,	2,	75,	uso_300ms_100.wav,	2,	146,	2.97,	2.771503448486328,	15,	0.3
