sub_id,cond_id,block_id,task_id,event_id,stim_id,speaker_id,led_id,led_distance,response_time,n_reps,isi
09,	1,	3,	2,	1,	uso_300ms_35.wav,	4,	251.7814660000003,	6.49,	nan,	90,	2
09,	1,	3,	2,	2,	uso_300ms_69.wav,	4,	251.7814660000003,	6.49,	nan,	90,	2
09,	1,	3,	2,	3,	uso_300ms_33.wav,	5,	309.7633690000003,	8.43,	nan,	90,	2
09,	1,	3,	2,	4,	uso_300ms_90.wav,	5,	411.4710730000003,	11.82,	nan,	90,	2
09,	1,	3,	2,	5,	uso_300ms_91.wav,	5,	436.8420760000003,	12.66,	nan,	90,	2
09,	1,	3,	2,	6,	uso_300ms_39.wav,	5,	349.75996200000026,	9.76,	nan,	90,	2
09,	1,	3,	2,	7,	uso_300ms_25.wav,	5,	253.33453500000024,	6.54,	nan,	90,	2
09,	1,	3,	2,	8,	uso_300ms_30.wav,	2,	170.08355600000024,	3.77,	nan,	90,	2
09,	1,	3,	2,	9,	uso_300ms_18.wav,	1,	117.54964800000025,	2.02,	nan,	90,	2
09,	1,	3,	2,	10,	uso_300ms_92.wav,	1,	148.82601900000031,	3.06,	nan,	90,	2
09,	1,	3,	2,	11,	uso_300ms_99.wav,	2,	175.8170810000003,	3.96,	nan,	90,	2
09,	1,	3,	2,	12,	uso_300ms_22.wav,	3,	213.55725900000024,	5.22,	nan,	90,	2
09,	1,	3,	2,	13,	uso_300ms_21.wav,	4,	228.1274720000001,	5.7,	nan,	90,	2
09,	1,	3,	2,	14,	uso_300ms_43.wav,	5,	263.69049599999977,	6.89,	nan,	90,	2
09,	1,	3,	2,	15,	uso_300ms_35.wav,	5,	311.45639599999964,	8.48,	nan,	90,	2
09,	1,	3,	2,	16,	uso_300ms_93.wav,	3,	196.68108499999963,	4.66,	nan,	90,	2
09,	1,	3,	2,	17,	uso_300ms_56.wav,	1,	147.47127399999962,	3.02,	nan,	90,	2
09,	1,	3,	2,	18,	uso_300ms_3.wav,	2,	173.17608599999963,	3.87,	nan,	90,	2
09,	1,	3,	2,	19,	uso_300ms_11.wav,	4,	240.51053499999963,	6.12,	nan,	90,	2
09,	1,	3,	2,	20,	uso_300ms_58.wav,	3,	194.63245799999953,	4.59,	nan,	90,	2
09,	1,	3,	2,	21,	uso_300ms_65.wav,	2,	165.04410199999947,	3.6,	nan,	90,	2
09,	1,	3,	2,	22,	uso_300ms_41.wav,	1,	102.80963599999946,	1.53,	nan,	90,	2
09,	1,	3,	2,	23,	uso_300ms_36.wav,	2,	167.10037999999946,	3.67,	nan,	90,	2
09,	1,	3,	2,	24,	uso_300ms_13.wav,	3,	200.60593599999945,	4.79,	nan,	90,	2
09,	1,	3,	2,	25,	uso_300ms_42.wav,	5,	256.2974179999994,	6.64,	nan,	90,	2
09,	1,	3,	2,	26,	uso_300ms_92.wav,	5,	279.8369759999998,	7.43,	nan,	90,	2
09,	1,	3,	2,	27,	uso_300ms_91.wav,	5,	305.80663299999975,	8.29,	nan,	90,	2
09,	1,	3,	2,	28,	uso_300ms_82.wav,	5,	305.83989699999955,	8.29,	nan,	90,	2
09,	1,	3,	2,	29,	uso_300ms_82.wav,	4,	239.4420689999996,	6.08,	nan,	90,	2
09,	1,	3,	2,	30,	uso_300ms_26.wav,	5,	329.2941109999996,	9.08,	nan,	90,	2
09,	1,	3,	2,	31,	uso_300ms_63.wav,	4,	242.13530499999962,	6.17,	nan,	90,	2
09,	1,	3,	2,	32,	uso_300ms_68.wav,	5,	276.2422659999996,	7.31,	nan,	90,	2
09,	1,	3,	2,	33,	uso_300ms_56.wav,	4,	248.49776599999956,	6.38,	nan,	90,	2
09,	1,	3,	2,	34,	uso_300ms_93.wav,	3,	199.22900799999957,	4.74,	nan,	90,	2
09,	1,	3,	2,	35,	uso_300ms_37.wav,	1,	148.00244099999972,	3.03,	nan,	90,	2
09,	1,	3,	2,	36,	uso_300ms_27.wav,	3,	193.28385899999978,	4.54,	nan,	90,	2
09,	1,	3,	2,	37,	uso_300ms_20.wav,	2,	170.93637999999987,	3.8,	nan,	90,	2
09,	1,	3,	2,	38,	uso_300ms_49.wav,	4,	237.90141799999992,	6.03,	nan,	90,	2
09,	1,	3,	2,	39,	uso_300ms_16.wav,	5,	284.1994529999998,	7.57,	nan,	90,	2
09,	1,	3,	2,	40,	uso_300ms_47.wav,	5,	324.088092,	8.9,	nan,	90,	2
09,	1,	3,	2,	41,	uso_300ms_52.wav,	5,	259.97588999999994,	6.77,	nan,	90,	2
09,	1,	3,	2,	42,	uso_300ms_70.wav,	4,	235.7460969999999,	5.96,	nan,	90,	2
09,	1,	3,	2,	43,	uso_300ms_67.wav,	5,	258.50178800000003,	6.72,	nan,	90,	2
09,	1,	3,	2,	44,	uso_300ms_22.wav,	3,	210.60725600000004,	5.12,	nan,	90,	2
09,	1,	3,	2,	45,	uso_300ms_78.wav,	1,	156.66804899999997,	3.32,	nan,	90,	2
09,	1,	3,	2,	46,	uso_300ms_46.wav,	2,	184.680733,	4.26,	nan,	90,	2
09,	1,	3,	2,	47,	uso_300ms_20.wav,	3,	206.5857909999999,	4.99,	nan,	90,	2
09,	1,	3,	2,	48,	uso_300ms_89.wav,	5,	259.43457300000017,	6.75,	nan,	90,	2
09,	1,	3,	2,	49,	uso_300ms_91.wav,	4,	245.23954600000042,	6.27,	nan,	90,	2
09,	1,	3,	2,	50,	uso_300ms_93.wav,	3,	218.37211100000044,	5.38,	nan,	90,	2
09,	1,	3,	2,	51,	uso_300ms_23.wav,	4,	251.85927100000032,	6.5,	nan,	90,	2
09,	1,	3,	2,	52,	uso_300ms_2.wav,	2,	184.64648200000028,	4.25,	nan,	90,	2
09,	1,	3,	2,	53,	uso_300ms_32.wav,	2,	188.19498500000023,	4.37,	nan,	90,	2
09,	1,	3,	2,	54,	uso_300ms_46.wav,	1,	147.06025500000007,	3.0,	nan,	90,	2
09,	1,	3,	2,	55,	uso_300ms_55.wav,	1,	147.06025500000007,	3.0,	nan,	90,	2
09,	1,	3,	2,	56,	uso_300ms_28.wav,	2,	171.59678100000005,	3.82,	nan,	90,	2
09,	1,	3,	2,	57,	uso_300ms_73.wav,	4,	227.28764000000004,	5.68,	nan,	90,	2
09,	1,	3,	2,	58,	uso_300ms_53.wav,	3,	203.67542200000017,	4.89,	nan,	90,	2
09,	1,	3,	2,	59,	uso_300ms_81.wav,	5,	293.116914,	7.87,	nan,	90,	2
09,	1,	3,	2,	60,	uso_300ms_8.wav,	5,	284.583186,	7.59,	nan,	90,	2
09,	1,	3,	2,	61,	uso_300ms_46.wav,	4,	236.23156100000006,	5.97,	nan,	90,	2
09,	1,	3,	2,	62,	uso_300ms_9.wav,	3,	199.51980900000018,	4.75,	nan,	90,	2
09,	1,	3,	2,	63,	uso_300ms_96.wav,	2,	172.3486160000002,	3.84,	nan,	90,	2
09,	1,	3,	2,	64,	uso_300ms_37.wav,	1,	131.7301710000001,	2.49,	nan,	90,	2
09,	1,	3,	2,	65,	uso_300ms_21.wav,	2,	176.5424980000001,	3.98,	nan,	90,	2
09,	1,	3,	2,	66,	uso_300ms_71.wav,	3,	192.52990999999997,	4.52,	nan,	90,	2
09,	1,	3,	2,	67,	uso_300ms_15.wav,	4,	250.39143399999995,	6.45,	nan,	90,	2
09,	1,	3,	2,	68,	uso_300ms_9.wav,	5,	274.78742099999994,	7.26,	nan,	90,	2
09,	1,	3,	2,	69,	uso_300ms_41.wav,	4,	224.287356,	5.58,	nan,	90,	2
09,	1,	3,	2,	70,	uso_300ms_35.wav,	3,	196.09457599999988,	4.64,	nan,	90,	2
09,	1,	3,	2,	71,	uso_300ms_37.wav,	2,	173.8881609999995,	3.9,	nan,	90,	2
09,	1,	3,	2,	72,	uso_300ms_79.wav,	2,	163.2336639999993,	3.54,	nan,	90,	2
09,	1,	3,	2,	73,	uso_300ms_65.wav,	1,	151.41894499999933,	3.15,	nan,	90,	2
09,	1,	3,	2,	74,	uso_300ms_3.wav,	3,	203.67427399999934,	4.89,	nan,	90,	2
09,	1,	3,	2,	75,	uso_300ms_77.wav,	3,	209.5915699999991,	5.09,	nan,	90,	2
09,	1,	3,	2,	76,	uso_300ms_49.wav,	4,	244.09069199999868,	6.24,	nan,	90,	2
09,	1,	3,	2,	77,	uso_300ms_53.wav,	5,	272.9665739999986,	7.2,	nan,	90,	2
09,	1,	3,	2,	78,	uso_300ms_64.wav,	4,	242.30713399999843,	6.18,	nan,	90,	2
09,	1,	3,	2,	79,	uso_300ms_49.wav,	3,	221.2247859999985,	5.47,	nan,	90,	2
09,	1,	3,	2,	80,	uso_300ms_24.wav,	2,	185.2470749999984,	4.27,	nan,	90,	2
09,	1,	3,	2,	81,	uso_300ms_14.wav,	1,	150.66126499999834,	3.12,	nan,	90,	2
09,	1,	3,	2,	82,	uso_300ms_85.wav,	3,	194.13820899999828,	4.57,	nan,	90,	2
09,	1,	3,	2,	83,	uso_300ms_22.wav,	4,	250.66679299999825,	6.46,	nan,	90,	2
09,	1,	3,	2,	84,	uso_300ms_95.wav,	5,	283.03453399999813,	7.53,	nan,	90,	2
09,	1,	3,	2,	85,	uso_300ms_68.wav,	4,	247.89647299999828,	6.36,	nan,	90,	2
09,	1,	3,	2,	86,	uso_300ms_20.wav,	3,	197.289041999998,	4.68,	nan,	90,	2
09,	1,	3,	2,	87,	uso_300ms_39.wav,	2,	176.983546999998,	4.0,	nan,	90,	2
09,	1,	3,	2,	88,	uso_300ms_30.wav,	1,	138.34398099999797,	2.71,	nan,	90,	2
09,	1,	3,	2,	89,	uso_300ms_11.wav,	2,	191.10879099999806,	4.47,	nan,	90,	2
09,	1,	3,	2,	90,	uso_300ms_55.wav,	4,	226.269412999998,	5.64,	nan,	90,	2
