sub_id,cond_id,block_id,task_id,event_id,stim_id,speaker_id,led_id,led_distance,response_time,n_reps,isi
09,	1,	2,	2,	1,	uso_300ms_57.wav,	3,	189,	4.4,	7.2765045166015625,	15,	0.3
09,	1,	2,	2,	2,	uso_300ms_40.wav,	2,	156,	3.3,	1.4350008964538574,	15,	0.3
09,	1,	2,	2,	3,	uso_300ms_58.wav,	1,	154,	3.23,	2.379612445831299,	15,	0.3
09,	1,	2,	2,	4,	uso_300ms_7.wav,	4,	232,	5.83,	1.8412415981292725,	15,	0.3
09,	1,	2,	2,	5,	uso_300ms_44.wav,	5,	260,	6.77,	1.5905170440673828,	15,	0.3
09,	1,	2,	2,	6,	uso_300ms_99.wav,	4,	262,	6.83,	1.9169042110443115,	15,	0.3
09,	1,	2,	2,	7,	uso_300ms_76.wav,	5,	286,	7.63,	1.7531185150146484,	15,	0.3
09,	1,	2,	2,	8,	uso_300ms_7.wav,	1,	185,	4.27,	3.0335168838500977,	15,	0.3
09,	1,	2,	2,	9,	uso_300ms_39.wav,	2,	251,	6.47,	1.865546703338623,	15,	0.3
09,	1,	2,	2,	10,	uso_300ms_29.wav,	3,	275,	7.27,	1.5535321235656738,	15,	0.3
09,	1,	2,	2,	11,	uso_300ms_87.wav,	5,	298,	8.03,	1.4434819221496582,	15,	0.3
09,	1,	2,	2,	12,	uso_300ms_34.wav,	3,	189,	4.4,	1.8455946445465088,	15,	0.3
09,	1,	2,	2,	13,	uso_300ms_31.wav,	4,	212,	5.17,	1.1830694675445557,	15,	0.3
09,	1,	2,	2,	14,	uso_300ms_15.wav,	2,	183,	4.2,	1.4599103927612305,	15,	0.3
09,	1,	2,	2,	15,	uso_300ms_23.wav,	1,	155,	3.27,	6.932568550109863,	15,	0.3
09,	1,	2,	2,	16,	uso_300ms_14.wav,	3,	144,	2.9,	3.105825424194336,	15,	0.3
09,	1,	2,	2,	17,	uso_300ms_21.wav,	2,	175,	3.93,	2.892054319381714,	15,	0.3
09,	1,	2,	2,	18,	uso_300ms_42.wav,	5,	244,	6.23,	1.81455659866333,	15,	0.3
09,	1,	2,	2,	19,	uso_300ms_96.wav,	1,	147,	3.0,	2.2492969036102295,	15,	0.3
09,	1,	2,	2,	20,	uso_300ms_63.wav,	4,	162,	3.5,	3.0491626262664795,	15,	0.3
09,	1,	2,	2,	21,	uso_300ms_91.wav,	1,	155,	3.27,	1.198293685913086,	15,	0.3
09,	1,	2,	2,	22,	uso_300ms_41.wav,	2,	167,	3.67,	1.9697043895721436,	15,	0.3
09,	1,	2,	2,	23,	uso_300ms_97.wav,	4,	195,	4.6,	1.7608788013458252,	15,	0.3
09,	1,	2,	2,	24,	uso_300ms_53.wav,	5,	229,	5.73,	1.8246769905090332,	15,	0.3
09,	1,	2,	2,	25,	uso_300ms_34.wav,	3,	203,	4.87,	1.4367811679840088,	15,	0.3
09,	1,	2,	2,	26,	uso_300ms_10.wav,	5,	263,	6.87,	2.3976263999938965,	15,	0.3
09,	1,	2,	2,	27,	uso_300ms_51.wav,	2,	236,	5.97,	1.4977071285247803,	15,	0.3
09,	1,	2,	2,	28,	uso_300ms_40.wav,	1,	158,	3.37,	2.023233652114868,	15,	0.3
09,	1,	2,	2,	29,	uso_300ms_65.wav,	3,	204,	4.9,	1.6666417121887207,	15,	0.3
09,	1,	2,	2,	30,	uso_300ms_76.wav,	4,	253,	6.53,	1.3925950527191162,	15,	0.3
09,	1,	2,	2,	31,	uso_300ms_25.wav,	2,	226,	5.63,	1.4381444454193115,	15,	0.3
09,	1,	2,	2,	32,	uso_300ms_27.wav,	4,	192,	4.5,	1.9272675514221191,	15,	0.3
09,	1,	2,	2,	33,	uso_300ms_85.wav,	5,	264,	6.9,	2.36954402923584,	15,	0.3
09,	1,	2,	2,	34,	uso_300ms_97.wav,	3,	191,	4.47,	1.527733564376831,	15,	0.3
09,	1,	2,	2,	35,	uso_300ms_93.wav,	1,	168,	3.7,	2.408931255340576,	15,	0.3
09,	1,	2,	2,	36,	uso_300ms_28.wav,	3,	177,	4.0,	3.4478938579559326,	15,	0.3
09,	1,	2,	2,	37,	uso_300ms_50.wav,	5,	193,	4.53,	2.492011070251465,	15,	0.3
09,	1,	2,	2,	38,	uso_300ms_43.wav,	2,	162,	3.5,	1.3320491313934326,	15,	0.3
09,	1,	2,	2,	39,	uso_300ms_98.wav,	1,	151,	3.13,	4.3843913078308105,	15,	0.3
09,	1,	2,	2,	40,	uso_300ms_81.wav,	4,	213,	5.2,	1.727365255355835,	15,	0.3
09,	1,	2,	2,	41,	uso_300ms_68.wav,	3,	197,	4.67,	5.234286785125732,	15,	0.3
09,	1,	2,	2,	42,	uso_300ms_50.wav,	2,	183,	4.2,	3.048034191131592,	15,	0.3
09,	1,	2,	2,	43,	uso_300ms_91.wav,	5,	246,	6.3,	1.54093599319458,	15,	0.3
09,	1,	2,	2,	44,	uso_300ms_52.wav,	4,	246,	6.3,	1.4028596878051758,	15,	0.3
09,	1,	2,	2,	45,	uso_300ms_28.wav,	1,	219,	5.4,	1.1837632656097412,	15,	0.3
09,	1,	2,	2,	46,	uso_300ms_26.wav,	2,	214,	5.23,	2.8705570697784424,	15,	0.3
09,	1,	2,	2,	47,	uso_300ms_22.wav,	4,	250,	6.43,	2.002108335494995,	15,	0.3
09,	1,	2,	2,	48,	uso_300ms_57.wav,	5,	282,	7.5,	1.3900158405303955,	15,	0.3
09,	1,	2,	2,	49,	uso_300ms_92.wav,	1,	213,	5.2,	1.836613655090332,	15,	0.3
09,	1,	2,	2,	50,	uso_300ms_93.wav,	3,	250,	6.43,	3.28853440284729,	15,	0.3
09,	1,	2,	2,	51,	uso_300ms_38.wav,	4,	279,	7.4,	1.4972546100616455,	15,	0.3
09,	1,	2,	2,	52,	uso_300ms_54.wav,	1,	192,	4.5,	2.082545042037964,	15,	0.3
09,	1,	2,	2,	53,	uso_300ms_100.wav,	2,	155,	3.27,	1.452477216720581,	15,	0.3
09,	1,	2,	2,	54,	uso_300ms_21.wav,	3,	189,	4.4,	1.9256870746612549,	15,	0.3
09,	1,	2,	2,	55,	uso_300ms_32.wav,	5,	276,	7.3,	2.0978891849517822,	15,	0.3
09,	1,	2,	2,	56,	uso_300ms_22.wav,	2,	211,	5.13,	1.890587568283081,	15,	0.3
09,	1,	2,	2,	57,	uso_300ms_50.wav,	5,	234,	5.9,	2.4695382118225098,	15,	0.3
09,	1,	2,	2,	58,	uso_300ms_40.wav,	1,	156,	3.3,	1.8393888473510742,	15,	0.3
09,	1,	2,	2,	59,	uso_300ms_36.wav,	4,	232,	5.83,	1.4848196506500244,	15,	0.3
09,	1,	2,	2,	60,	uso_300ms_42.wav,	3,	204,	4.9,	2.5912797451019287,	15,	0.3
09,	1,	2,	2,	61,	uso_300ms_26.wav,	5,	178,	4.03,	2.5682389736175537,	15,	0.3
09,	1,	2,	2,	62,	uso_300ms_11.wav,	3,	178,	4.03,	1.4916658401489258,	15,	0.3
09,	1,	2,	2,	63,	uso_300ms_61.wav,	4,	205,	4.93,	1.4120988845825195,	15,	0.3
09,	1,	2,	2,	64,	uso_300ms_41.wav,	1,	159,	3.4,	4.043080806732178,	15,	0.3
09,	1,	2,	2,	65,	uso_300ms_55.wav,	2,	144,	2.9,	1.3362843990325928,	15,	0.3
09,	1,	2,	2,	66,	uso_300ms_64.wav,	4,	199,	4.73,	1.5959131717681885,	15,	0.3
09,	1,	2,	2,	67,	uso_300ms_83.wav,	5,	236,	5.97,	1.2442681789398193,	15,	0.3
09,	1,	2,	2,	68,	uso_300ms_76.wav,	2,	213,	5.2,	1.3704619407653809,	15,	0.3
09,	1,	2,	2,	69,	uso_300ms_41.wav,	3,	199,	4.73,	1.238542079925537,	15,	0.3
09,	1,	2,	2,	70,	uso_300ms_17.wav,	1,	153,	3.2,	1.4282314777374268,	15,	0.3
09,	1,	2,	2,	71,	uso_300ms_81.wav,	4,	211,	5.13,	1.4808027744293213,	15,	0.3
09,	1,	2,	2,	72,	uso_300ms_77.wav,	3,	244,	6.23,	2.2198076248168945,	15,	0.3
09,	1,	2,	2,	73,	uso_300ms_73.wav,	1,	209,	5.07,	1.74692702293396,	15,	0.3
09,	1,	2,	2,	74,	uso_300ms_45.wav,	2,	181,	4.13,	1.671893835067749,	15,	0.3
09,	1,	2,	2,	75,	uso_300ms_63.wav,	5,	238,	6.03,	1.4266746044158936,	15,	0.3
