sub_id,cond_id,block_id,task_id,event_id,stim_id,speaker_id,led_id,led_distance,response_time,n_reps,isi
09,	1,	1,	2,	1,	uso_300ms_57.wav,	2,	153,	3.2,	34.15722584724426,	15,	0.3
09,	1,	1,	2,	2,	uso_300ms_96.wav,	5,	153,	3.2,	2.921238422393799,	15,	0.3
09,	1,	1,	2,	3,	uso_300ms_26.wav,	3,	204,	4.9,	2.8603875637054443,	15,	0.3
09,	1,	1,	2,	4,	uso_300ms_96.wav,	4,	220,	5.43,	4.683727502822876,	15,	0.3
09,	1,	1,	2,	5,	uso_300ms_56.wav,	1,	183,	4.2,	3.6319844722747803,	15,	0.3
09,	1,	1,	2,	6,	uso_300ms_97.wav,	3,	176,	3.97,	2.057173490524292,	15,	0.3
09,	1,	1,	2,	7,	uso_300ms_7.wav,	4,	188,	4.37,	3.2645976543426514,	15,	0.3
09,	1,	1,	2,	8,	uso_300ms_78.wav,	5,	225,	5.6,	3.8537797927856445,	15,	0.3
09,	1,	1,	2,	9,	uso_300ms_81.wav,	2,	301,	8.13,	2.6772048473358154,	15,	0.3
09,	1,	1,	2,	10,	uso_300ms_73.wav,	1,	235,	5.93,	2.131377696990967,	15,	0.3
09,	1,	1,	2,	11,	uso_300ms_46.wav,	5,	263,	6.87,	2.9525179862976074,	15,	0.3
09,	1,	1,	2,	12,	uso_300ms_40.wav,	2,	251,	6.47,	2.608090877532959,	15,	0.3
09,	1,	1,	2,	13,	uso_300ms_79.wav,	4,	251,	6.47,	1.2159059047698975,	15,	0.3
09,	1,	1,	2,	14,	uso_300ms_100.wav,	3,	251,	6.47,	2.091625213623047,	15,	0.3
09,	1,	1,	2,	15,	uso_300ms_17.wav,	1,	226,	5.63,	2.704824924468994,	15,	0.3
09,	1,	1,	2,	16,	uso_300ms_94.wav,	3,	243,	6.2,	2.38238525390625,	15,	0.3
09,	1,	1,	2,	17,	uso_300ms_32.wav,	5,	243,	6.2,	2.1087944507598877,	15,	0.3
09,	1,	1,	2,	18,	uso_300ms_9.wav,	4,	243,	6.2,	1.6799962520599365,	15,	0.3
09,	1,	1,	2,	19,	uso_300ms_73.wav,	1,	243,	6.2,	1.4804120063781738,	15,	0.3
09,	1,	1,	2,	20,	uso_300ms_42.wav,	2,	243,	6.2,	2.7505042552948,	15,	0.3
09,	1,	1,	2,	21,	uso_300ms_28.wav,	3,	270,	7.1,	2.6137783527374268,	15,	0.3
09,	1,	1,	2,	22,	uso_300ms_71.wav,	2,	270,	7.1,	1.8121616840362549,	15,	0.3
09,	1,	1,	2,	23,	uso_300ms_86.wav,	4,	270,	7.1,	1.971442461013794,	15,	0.3
09,	1,	1,	2,	24,	uso_300ms_50.wav,	1,	246,	6.3,	2.3991036415100098,	15,	0.3
09,	1,	1,	2,	25,	uso_300ms_83.wav,	5,	261,	6.8,	2.9620418548583984,	15,	0.3
09,	1,	1,	2,	26,	uso_300ms_59.wav,	4,	261,	6.8,	1.5555925369262695,	15,	0.3
09,	1,	1,	2,	27,	uso_300ms_86.wav,	1,	199,	4.73,	3.3479788303375244,	15,	0.3
09,	1,	1,	2,	28,	uso_300ms_74.wav,	5,	291,	7.8,	2.3542869091033936,	15,	0.3
09,	1,	1,	2,	29,	uso_300ms_47.wav,	2,	265,	6.93,	2.5275955200195312,	15,	0.3
09,	1,	1,	2,	30,	uso_300ms_29.wav,	3,	265,	6.93,	2.1389973163604736,	15,	0.3
09,	1,	1,	2,	31,	uso_300ms_78.wav,	5,	292,	7.83,	2.452371120452881,	15,	0.3
09,	1,	1,	2,	32,	uso_300ms_92.wav,	3,	230,	5.77,	1.8573675155639648,	15,	0.3
09,	1,	1,	2,	33,	uso_300ms_56.wav,	2,	254,	6.57,	2.4998161792755127,	15,	0.3
09,	1,	1,	2,	34,	uso_300ms_55.wav,	4,	254,	6.57,	1.4377515316009521,	15,	0.3
09,	1,	1,	2,	35,	uso_300ms_78.wav,	1,	254,	6.57,	1.9854331016540527,	15,	0.3
09,	1,	1,	2,	36,	uso_300ms_30.wav,	3,	254,	6.57,	2.2762467861175537,	15,	0.3
09,	1,	1,	2,	37,	uso_300ms_5.wav,	1,	217,	5.33,	1.6877126693725586,	15,	0.3
09,	1,	1,	2,	38,	uso_300ms_74.wav,	5,	281,	7.47,	2.195117473602295,	15,	0.3
09,	1,	1,	2,	39,	uso_300ms_90.wav,	4,	281,	7.47,	1.8124337196350098,	15,	0.3
09,	1,	1,	2,	40,	uso_300ms_43.wav,	2,	238,	6.03,	2.027146577835083,	15,	0.3
09,	1,	1,	2,	41,	uso_300ms_19.wav,	5,	270,	7.1,	1.9266624450683594,	15,	0.3
09,	1,	1,	2,	42,	uso_300ms_81.wav,	4,	270,	7.1,	1.4462318420410156,	15,	0.3
09,	1,	1,	2,	43,	uso_300ms_53.wav,	3,	299,	8.07,	2.2970635890960693,	15,	0.3
09,	1,	1,	2,	44,	uso_300ms_81.wav,	2,	270,	7.1,	2.376603841781616,	15,	0.3
09,	1,	1,	2,	45,	uso_300ms_20.wav,	1,	270,	7.1,	1.7965505123138428,	15,	0.3
09,	1,	1,	2,	46,	uso_300ms_20.wav,	2,	270,	7.1,	1.0536017417907715,	15,	0.3
09,	1,	1,	2,	47,	uso_300ms_40.wav,	1,	246,	6.3,	1.6140098571777344,	15,	0.3
09,	1,	1,	2,	48,	uso_300ms_34.wav,	4,	252,	6.5,	1.9384088516235352,	15,	0.3
09,	1,	1,	2,	49,	uso_300ms_4.wav,	5,	252,	6.5,	1.1051440238952637,	15,	0.3
09,	1,	1,	2,	50,	uso_300ms_54.wav,	3,	252,	6.5,	1.581960678100586,	15,	0.3
09,	1,	1,	2,	51,	uso_300ms_74.wav,	1,	220,	5.43,	1.6391346454620361,	15,	0.3
09,	1,	1,	2,	52,	uso_300ms_83.wav,	3,	220,	5.43,	1.4365475177764893,	15,	0.3
09,	1,	1,	2,	53,	uso_300ms_76.wav,	4,	256,	6.63,	1.8158702850341797,	15,	0.3
09,	1,	1,	2,	54,	uso_300ms_84.wav,	5,	256,	6.63,	2.311866283416748,	15,	0.3
09,	1,	1,	2,	55,	uso_300ms_94.wav,	2,	256,	6.63,	1.6913609504699707,	15,	0.3
09,	1,	1,	2,	56,	uso_300ms_4.wav,	1,	227,	5.67,	1.740466833114624,	15,	0.3
09,	1,	1,	2,	57,	uso_300ms_50.wav,	3,	247,	6.33,	1.6112728118896484,	15,	0.3
09,	1,	1,	2,	58,	uso_300ms_3.wav,	5,	325,	8.93,	2.0442631244659424,	15,	0.3
09,	1,	1,	2,	59,	uso_300ms_15.wav,	4,	290,	7.77,	3.4689393043518066,	15,	0.3
09,	1,	1,	2,	60,	uso_300ms_28.wav,	2,	290,	7.77,	1.2559337615966797,	15,	0.3
09,	1,	1,	2,	61,	uso_300ms_59.wav,	3,	262,	6.83,	2.574270486831665,	15,	0.3
09,	1,	1,	2,	62,	uso_300ms_2.wav,	4,	299,	8.07,	1.72159743309021,	15,	0.3
09,	1,	1,	2,	63,	uso_300ms_39.wav,	2,	280,	7.43,	1.621168613433838,	15,	0.3
09,	1,	1,	2,	64,	uso_300ms_39.wav,	1,	280,	7.43,	0.9887681007385254,	15,	0.3
09,	1,	1,	2,	65,	uso_300ms_15.wav,	5,	297,	8.0,	1.4302363395690918,	15,	0.3
09,	1,	1,	2,	66,	uso_300ms_3.wav,	4,	324,	8.9,	1.8013737201690674,	15,	0.3
09,	1,	1,	2,	67,	uso_300ms_2.wav,	1,	262,	6.83,	1.8840689659118652,	15,	0.3
09,	1,	1,	2,	68,	uso_300ms_59.wav,	2,	262,	6.83,	2.0187835693359375,	15,	0.3
09,	1,	1,	2,	69,	uso_300ms_97.wav,	3,	262,	6.83,	1.0021519660949707,	15,	0.3
09,	1,	1,	2,	70,	uso_300ms_38.wav,	5,	262,	6.83,	0.9958646297454834,	15,	0.3
09,	1,	1,	2,	71,	uso_300ms_67.wav,	2,	267,	7.0,	1.6305906772613525,	15,	0.3
09,	1,	1,	2,	72,	uso_300ms_51.wav,	3,	267,	7.0,	0.9988398551940918,	15,	0.3
09,	1,	1,	2,	73,	uso_300ms_55.wav,	1,	238,	6.03,	1.7674462795257568,	15,	0.3
09,	1,	1,	2,	74,	uso_300ms_97.wav,	4,	238,	6.03,	1.0778558254241943,	15,	0.3
09,	1,	1,	2,	75,	uso_300ms_63.wav,	5,	267,	7.0,	1.315469741821289,	15,	0.3
