sub_id,cond_id,block_id,task_id,event_id,stim_id,speaker_id,led_id,led_distance,response_time,n_reps,isi
09,	1,	5,	2,	1,	uso_300ms_23.wav,	1,	90,	1.1,	nan,	90,	2
09,	1,	5,	2,	2,	uso_300ms_17.wav,	2,	168.00986899999995,	3.7,	nan,	90,	2
09,	1,	5,	2,	3,	uso_300ms_20.wav,	1,	143.38972099999998,	2.88,	nan,	90,	2
09,	1,	5,	2,	4,	uso_300ms_59.wav,	2,	176.16115900000005,	3.97,	nan,	90,	2
09,	1,	5,	2,	5,	uso_300ms_25.wav,	4,	244.47859000000008,	6.25,	nan,	90,	2
09,	1,	5,	2,	6,	uso_300ms_47.wav,	3,	218.52780500000003,	5.38,	nan,	90,	2
09,	1,	5,	2,	7,	uso_300ms_23.wav,	5,	252.53048700000005,	6.52,	nan,	90,	2
09,	1,	5,	2,	8,	uso_300ms_46.wav,	4,	232.7788460000001,	5.86,	nan,	90,	2
09,	1,	5,	2,	9,	uso_300ms_40.wav,	5,	294.56571800000006,	7.92,	nan,	90,	2
09,	1,	5,	2,	10,	uso_300ms_81.wav,	5,	286.28482999999994,	7.64,	nan,	90,	2
09,	1,	5,	2,	11,	uso_300ms_52.wav,	4,	249.80178199999992,	6.43,	nan,	90,	2
09,	1,	5,	2,	12,	uso_300ms_58.wav,	3,	192.15526999999986,	4.51,	nan,	90,	2
09,	1,	5,	2,	13,	uso_300ms_8.wav,	2,	186.4620089999998,	4.32,	nan,	90,	2
09,	1,	5,	2,	14,	uso_300ms_65.wav,	1,	152.5313569999999,	3.18,	nan,	90,	2
09,	1,	5,	2,	15,	uso_300ms_19.wav,	2,	171.3687349999999,	3.81,	nan,	90,	2
09,	1,	5,	2,	16,	uso_300ms_97.wav,	1,	136.92333799999986,	2.66,	nan,	90,	2
09,	1,	5,	2,	17,	uso_300ms_49.wav,	1,	149.54145399999993,	3.08,	nan,	90,	2
09,	1,	5,	2,	18,	uso_300ms_57.wav,	4,	227.11444599999993,	5.67,	nan,	90,	2
09,	1,	5,	2,	19,	uso_300ms_29.wav,	2,	183.5226669999999,	4.22,	nan,	90,	2
09,	1,	5,	2,	20,	uso_300ms_39.wav,	3,	211.05726499999992,	5.14,	nan,	90,	2
09,	1,	5,	2,	21,	uso_300ms_39.wav,	4,	246.731666,	6.32,	nan,	90,	2
09,	1,	5,	2,	22,	uso_300ms_27.wav,	5,	283.280402,	7.54,	nan,	90,	2
09,	1,	5,	2,	23,	uso_300ms_65.wav,	4,	247.65345399999984,	6.36,	nan,	90,	2
09,	1,	5,	2,	24,	uso_300ms_29.wav,	3,	213.26073199999982,	5.21,	nan,	90,	2
09,	1,	5,	2,	25,	uso_300ms_8.wav,	2,	178.51985099999976,	4.05,	nan,	90,	2
09,	1,	5,	2,	26,	uso_300ms_4.wav,	1,	154.97117199999968,	3.27,	nan,	90,	2
09,	1,	5,	2,	27,	uso_300ms_62.wav,	2,	185.41590799999966,	4.28,	nan,	90,	2
09,	1,	5,	2,	28,	uso_300ms_69.wav,	3,	207.74633499999968,	5.02,	nan,	90,	2
09,	1,	5,	2,	29,	uso_300ms_94.wav,	4,	236.22274099999967,	5.97,	nan,	90,	2
09,	1,	5,	2,	30,	uso_300ms_57.wav,	5,	294.0822349999995,	7.9,	nan,	90,	2
09,	1,	5,	2,	31,	uso_300ms_65.wav,	4,	238.61732899999944,	6.05,	nan,	90,	2
09,	1,	5,	2,	32,	uso_300ms_33.wav,	3,	204.92472599999948,	4.93,	nan,	90,	2
09,	1,	5,	2,	33,	uso_300ms_92.wav,	2,	184.64695099999952,	4.25,	nan,	90,	2
09,	1,	5,	2,	34,	uso_300ms_47.wav,	1,	151.72861099999955,	3.16,	nan,	90,	2
09,	1,	5,	2,	35,	uso_300ms_53.wav,	3,	197.4722459999996,	4.68,	nan,	90,	2
09,	1,	5,	2,	36,	uso_300ms_47.wav,	4,	248.02653999999967,	6.37,	nan,	90,	2
09,	1,	5,	2,	37,	uso_300ms_28.wav,	5,	292.2697599999996,	7.84,	nan,	90,	2
09,	1,	5,	2,	38,	uso_300ms_52.wav,	5,	253.65304199999972,	6.56,	nan,	90,	2
09,	1,	5,	2,	39,	uso_300ms_86.wav,	5,	279.9065419999998,	7.43,	nan,	90,	2
09,	1,	5,	2,	40,	uso_300ms_9.wav,	4,	235.51738599999985,	5.95,	nan,	90,	2
09,	1,	5,	2,	41,	uso_300ms_89.wav,	3,	199.99533999999986,	4.77,	nan,	90,	2
09,	1,	5,	2,	42,	uso_300ms_78.wav,	2,	182.2154379999999,	4.17,	nan,	90,	2
09,	1,	5,	2,	43,	uso_300ms_73.wav,	2,	168.9171949999998,	3.73,	nan,	90,	2
09,	1,	5,	2,	44,	uso_300ms_88.wav,	1,	152.18450699999974,	3.17,	nan,	90,	2
09,	1,	5,	2,	45,	uso_300ms_34.wav,	3,	197.56416299999972,	4.69,	nan,	90,	2
09,	1,	5,	2,	46,	uso_300ms_94.wav,	2,	181.27557599999966,	4.14,	nan,	90,	2
09,	1,	5,	2,	47,	uso_300ms_28.wav,	3,	210.66957699999966,	5.12,	nan,	90,	2
09,	1,	5,	2,	48,	uso_300ms_36.wav,	4,	228.65256299999967,	5.72,	nan,	90,	2
09,	1,	5,	2,	49,	uso_300ms_48.wav,	5,	280.81076699999943,	7.46,	nan,	90,	2
09,	1,	5,	2,	50,	uso_300ms_7.wav,	5,	302.3267369999995,	8.18,	nan,	90,	2
09,	1,	5,	2,	51,	uso_300ms_51.wav,	4,	248.43233699999945,	6.38,	nan,	90,	2
09,	1,	5,	2,	52,	uso_300ms_89.wav,	3,	205.43586599999963,	4.95,	nan,	90,	2
09,	1,	5,	2,	53,	uso_300ms_57.wav,	2,	178.96351799999997,	4.07,	nan,	90,	2
09,	1,	5,	2,	54,	uso_300ms_30.wav,	1,	152.85774600000002,	3.2,	nan,	90,	2
09,	1,	5,	2,	55,	uso_300ms_18.wav,	2,	186.3897760000002,	4.31,	nan,	90,	2
09,	1,	5,	2,	56,	uso_300ms_67.wav,	3,	204.0241200000002,	4.9,	nan,	90,	2
09,	1,	5,	2,	57,	uso_300ms_39.wav,	5,	258.38428600000015,	6.71,	nan,	90,	2
09,	1,	5,	2,	58,	uso_300ms_86.wav,	5,	289.32857700000017,	7.74,	nan,	90,	2
09,	1,	5,	2,	59,	uso_300ms_23.wav,	4,	241.05165600000018,	6.14,	nan,	90,	2
09,	1,	5,	2,	60,	uso_300ms_74.wav,	3,	208.24533700000012,	5.04,	nan,	90,	2
09,	1,	5,	2,	61,	uso_300ms_41.wav,	2,	177.2920580000001,	4.01,	nan,	90,	2
09,	1,	5,	2,	62,	uso_300ms_96.wav,	1,	156.561005,	3.32,	nan,	90,	2
09,	1,	5,	2,	63,	uso_300ms_43.wav,	2,	184.617544,	4.25,	nan,	90,	2
09,	1,	5,	2,	64,	uso_300ms_20.wav,	3,	218.9841840000001,	5.4,	nan,	90,	2
09,	1,	5,	2,	65,	uso_300ms_22.wav,	4,	244.87578400000018,	6.26,	nan,	90,	2
09,	1,	5,	2,	66,	uso_300ms_70.wav,	5,	276.0861380000002,	7.3,	nan,	90,	2
09,	1,	5,	2,	67,	uso_300ms_27.wav,	4,	241.79761100000022,	6.16,	nan,	90,	2
09,	1,	5,	2,	68,	uso_300ms_49.wav,	3,	219.13000800000023,	5.4,	nan,	90,	2
09,	1,	5,	2,	69,	uso_300ms_10.wav,	2,	180.88013900000033,	4.13,	nan,	90,	2
09,	1,	5,	2,	70,	uso_300ms_85.wav,	1,	154.1326560000002,	3.24,	nan,	90,	2
09,	1,	5,	2,	71,	uso_300ms_43.wav,	1,	161.4197400000002,	3.48,	nan,	90,	2
09,	1,	5,	2,	72,	uso_300ms_73.wav,	2,	181.5463360000001,	4.15,	nan,	90,	2
09,	1,	5,	2,	73,	uso_300ms_9.wav,	4,	224.6764160000001,	5.59,	nan,	90,	2
09,	1,	5,	2,	74,	uso_300ms_91.wav,	3,	221.77839500000013,	5.49,	nan,	90,	2
09,	1,	5,	2,	75,	uso_300ms_62.wav,	4,	242.36792200000016,	6.18,	nan,	90,	2
09,	1,	5,	2,	76,	uso_300ms_61.wav,	5,	277.7603490000003,	7.36,	nan,	90,	2
09,	1,	5,	2,	77,	uso_300ms_8.wav,	4,	235.48102100000028,	5.95,	nan,	90,	2
09,	1,	5,	2,	78,	uso_300ms_5.wav,	4,	238.28804200000013,	6.04,	nan,	90,	2
09,	1,	5,	2,	79,	uso_300ms_54.wav,	5,	283.25152700000035,	7.54,	nan,	90,	2
09,	1,	5,	2,	80,	uso_300ms_2.wav,	4,	244.41913200000033,	6.25,	nan,	90,	2
09,	1,	5,	2,	81,	uso_300ms_52.wav,	3,	208.60567600000036,	5.05,	nan,	90,	2
09,	1,	5,	2,	82,	uso_300ms_76.wav,	2,	177.42407800000035,	4.01,	nan,	90,	2
09,	1,	5,	2,	83,	uso_300ms_6.wav,	3,	216.92204700000036,	5.33,	nan,	90,	2
09,	1,	5,	2,	84,	uso_300ms_61.wav,	4,	250.16924000000057,	6.44,	nan,	90,	2
09,	1,	5,	2,	85,	uso_300ms_45.wav,	5,	295.89083200000044,	7.96,	nan,	90,	2
09,	1,	5,	2,	86,	uso_300ms_70.wav,	4,	233.5225050000006,	5.88,	nan,	90,	2
09,	1,	5,	2,	87,	uso_300ms_34.wav,	3,	198.5115570000006,	4.72,	nan,	90,	2
09,	1,	5,	2,	88,	uso_300ms_13.wav,	1,	159.68334100000058,	3.42,	nan,	90,	2
09,	1,	5,	2,	89,	uso_300ms_10.wav,	2,	189.4767200000006,	4.42,	nan,	90,	2
09,	1,	5,	2,	90,	uso_300ms_94.wav,	4,	249.06895200000068,	6.4,	nan,	90,	2
