sub_id,cond_id,block_id,task_id,event_id,stim_id,speaker_id,led_id,led_distance,response_time,n_reps,isi
09,	1,	4,	2,	1,	uso_300ms_9.wav,	2,	175,	3.93,	3.145636558532715,	15,	0.3
09,	1,	4,	2,	2,	uso_300ms_30.wav,	1,	146,	2.97,	1.2303595542907715,	15,	0.3
09,	1,	4,	2,	3,	uso_300ms_100.wav,	3,	185,	4.27,	1.3093032836914062,	15,	0.3
09,	1,	4,	2,	4,	uso_300ms_19.wav,	5,	262,	6.83,	2.1343817710876465,	15,	0.3
09,	1,	4,	2,	5,	uso_300ms_91.wav,	4,	268,	7.03,	1.5547008514404297,	15,	0.3
09,	1,	4,	2,	6,	uso_300ms_95.wav,	5,	246,	6.3,	1.0578038692474365,	15,	0.3
09,	1,	4,	2,	7,	uso_300ms_37.wav,	3,	217,	5.33,	1.0054161548614502,	15,	0.3
09,	1,	4,	2,	8,	uso_300ms_49.wav,	4,	192,	4.5,	2.3347835540771484,	15,	0.3
09,	1,	4,	2,	9,	uso_300ms_74.wav,	2,	162,	3.5,	1.8838365077972412,	15,	0.3
09,	1,	4,	2,	10,	uso_300ms_42.wav,	1,	152,	3.17,	1.7831149101257324,	15,	0.3
09,	1,	4,	2,	11,	uso_300ms_13.wav,	2,	168,	3.7,	1.242295265197754,	15,	0.3
09,	1,	4,	2,	12,	uso_300ms_84.wav,	4,	197,	4.67,	1.1636364459991455,	15,	0.3
09,	1,	4,	2,	13,	uso_300ms_53.wav,	5,	283,	7.53,	2.539771795272827,	15,	0.3
09,	1,	4,	2,	14,	uso_300ms_49.wav,	3,	205,	4.93,	1.7779276371002197,	15,	0.3
09,	1,	4,	2,	15,	uso_300ms_94.wav,	1,	159,	3.4,	1.7263374328613281,	15,	0.3
09,	1,	4,	2,	16,	uso_300ms_98.wav,	5,	241,	6.13,	2.6602783203125,	15,	0.3
09,	1,	4,	2,	17,	uso_300ms_69.wav,	1,	186,	4.3,	1.618478536605835,	15,	0.3
09,	1,	4,	2,	18,	uso_300ms_75.wav,	3,	153,	3.2,	1.558884620666504,	15,	0.3
09,	1,	4,	2,	19,	uso_300ms_36.wav,	4,	268,	7.03,	2.3018441200256348,	15,	0.3
09,	1,	4,	2,	20,	uso_300ms_51.wav,	2,	216,	5.3,	1.6102914810180664,	15,	0.3
09,	1,	4,	2,	21,	uso_300ms_64.wav,	1,	175,	3.93,	1.9610490798950195,	15,	0.3
09,	1,	4,	2,	22,	uso_300ms_24.wav,	4,	211,	5.13,	1.4578728675842285,	15,	0.3
09,	1,	4,	2,	23,	uso_300ms_54.wav,	2,	191,	4.47,	1.971069574356079,	15,	0.3
09,	1,	4,	2,	24,	uso_300ms_7.wav,	5,	261,	6.8,	1.8776469230651855,	15,	0.3
09,	1,	4,	2,	25,	uso_300ms_99.wav,	3,	261,	6.8,	1.086463212966919,	15,	0.3
09,	1,	4,	2,	26,	uso_300ms_71.wav,	1,	200,	4.77,	1.5387322902679443,	15,	0.3
09,	1,	4,	2,	27,	uso_300ms_100.wav,	2,	165,	3.6,	1.2729806900024414,	15,	0.3
09,	1,	4,	2,	28,	uso_300ms_1.wav,	5,	266,	6.97,	2.2732737064361572,	15,	0.3
09,	1,	4,	2,	29,	uso_300ms_94.wav,	3,	214,	5.23,	2.116825819015503,	15,	0.3
09,	1,	4,	2,	30,	uso_300ms_20.wav,	4,	214,	5.23,	0.9683613777160645,	15,	0.3
09,	1,	4,	2,	31,	uso_300ms_17.wav,	1,	165,	3.6,	1.682837724685669,	15,	0.3
09,	1,	4,	2,	32,	uso_300ms_8.wav,	5,	240,	6.1,	2.0251097679138184,	15,	0.3
09,	1,	4,	2,	33,	uso_300ms_75.wav,	3,	201,	4.8,	1.6120083332061768,	15,	0.3
09,	1,	4,	2,	34,	uso_300ms_86.wav,	2,	164,	3.57,	1.2689411640167236,	15,	0.3
09,	1,	4,	2,	35,	uso_300ms_39.wav,	4,	276,	7.3,	2.0511889457702637,	15,	0.3
09,	1,	4,	2,	36,	uso_300ms_52.wav,	2,	232,	5.83,	1.2483668327331543,	15,	0.3
09,	1,	4,	2,	37,	uso_300ms_84.wav,	1,	179,	4.07,	1.2971150875091553,	15,	0.3
09,	1,	4,	2,	38,	uso_300ms_97.wav,	5,	215,	5.27,	1.429396390914917,	15,	0.3
09,	1,	4,	2,	39,	uso_300ms_21.wav,	4,	250,	6.43,	1.3779988288879395,	15,	0.3
09,	1,	4,	2,	40,	uso_300ms_39.wav,	3,	281,	7.47,	2.2932534217834473,	15,	0.3
09,	1,	4,	2,	41,	uso_300ms_30.wav,	2,	188,	4.37,	1.5943646430969238,	15,	0.3
09,	1,	4,	2,	42,	uso_300ms_52.wav,	5,	241,	6.13,	1.3993170261383057,	15,	0.3
09,	1,	4,	2,	43,	uso_300ms_38.wav,	4,	199,	4.73,	1.9533770084381104,	15,	0.3
09,	1,	4,	2,	44,	uso_300ms_44.wav,	1,	153,	3.2,	1.474381685256958,	15,	0.3
09,	1,	4,	2,	45,	uso_300ms_44.wav,	3,	153,	3.2,	0.8835384845733643,	15,	0.3
09,	1,	4,	2,	46,	uso_300ms_64.wav,	4,	230,	5.77,	1.5385065078735352,	15,	0.3
09,	1,	4,	2,	47,	uso_300ms_75.wav,	1,	149,	3.07,	3.749791145324707,	15,	0.3
09,	1,	4,	2,	48,	uso_300ms_3.wav,	3,	187,	4.33,	1.2523705959320068,	15,	0.3
09,	1,	4,	2,	49,	uso_300ms_62.wav,	2,	188,	4.37,	1.32077956199646,	15,	0.3
09,	1,	4,	2,	50,	uso_300ms_70.wav,	5,	226,	5.63,	1.5159103870391846,	15,	0.3
09,	1,	4,	2,	51,	uso_300ms_83.wav,	2,	197,	4.67,	1.5119757652282715,	15,	0.3
09,	1,	4,	2,	52,	uso_300ms_51.wav,	4,	240,	6.1,	1.3576619625091553,	15,	0.3
09,	1,	4,	2,	53,	uso_300ms_11.wav,	3,	240,	6.1,	2.045710563659668,	15,	0.3
09,	1,	4,	2,	54,	uso_300ms_95.wav,	5,	266,	6.97,	1.476083755493164,	15,	0.3
09,	1,	4,	2,	55,	uso_300ms_39.wav,	1,	230,	5.77,	1.216169834136963,	15,	0.3
09,	1,	4,	2,	56,	uso_300ms_28.wav,	5,	230,	5.77,	1.0301339626312256,	15,	0.3
09,	1,	4,	2,	57,	uso_300ms_37.wav,	1,	176,	3.97,	1.3405227661132812,	15,	0.3
09,	1,	4,	2,	58,	uso_300ms_20.wav,	3,	176,	3.97,	1.1333940029144287,	15,	0.3
09,	1,	4,	2,	59,	uso_300ms_15.wav,	4,	208,	5.03,	2.049285650253296,	15,	0.3
09,	1,	4,	2,	60,	uso_300ms_54.wav,	2,	169,	3.73,	1.4115958213806152,	15,	0.3
09,	1,	4,	2,	61,	uso_300ms_59.wav,	1,	150,	3.1,	2.958144187927246,	15,	0.3
09,	1,	4,	2,	62,	uso_300ms_67.wav,	5,	190,	4.43,	1.4135448932647705,	15,	0.3
09,	1,	4,	2,	63,	uso_300ms_59.wav,	3,	173,	3.87,	2.0363669395446777,	15,	0.3
09,	1,	4,	2,	64,	uso_300ms_44.wav,	4,	208,	5.03,	2.868281602859497,	15,	0.3
09,	1,	4,	2,	65,	uso_300ms_32.wav,	2,	155,	3.27,	2.131526470184326,	15,	0.3
09,	1,	4,	2,	66,	uso_300ms_8.wav,	4,	229,	5.73,	2.3956899642944336,	15,	0.3
09,	1,	4,	2,	67,	uso_300ms_62.wav,	3,	205,	4.93,	2.3895556926727295,	15,	0.3
09,	1,	4,	2,	68,	uso_300ms_65.wav,	1,	179,	4.07,	1.8537540435791016,	15,	0.3
09,	1,	4,	2,	69,	uso_300ms_68.wav,	2,	154,	3.23,	3.688781499862671,	15,	0.3
09,	1,	4,	2,	70,	uso_300ms_4.wav,	5,	201,	4.8,	1.2731242179870605,	15,	0.3
09,	1,	4,	2,	71,	uso_300ms_83.wav,	3,	201,	4.8,	0.9009342193603516,	15,	0.3
09,	1,	4,	2,	72,	uso_300ms_32.wav,	2,	201,	4.8,	1.41139554977417,	15,	0.3
09,	1,	4,	2,	73,	uso_300ms_20.wav,	4,	201,	4.8,	1.491868495941162,	15,	0.3
09,	1,	4,	2,	74,	uso_300ms_73.wav,	1,	154,	3.23,	1.8841891288757324,	15,	0.3
09,	1,	4,	2,	75,	uso_300ms_31.wav,	5,	234,	5.9,	1.8676519393920898,	15,	0.3
