sub_id,cond_id,block_id,task_id,event_id,stim_id,speaker_id,led_id,led_distance,response_time,n_reps,isi
09,	1,	6,	1,	1,	uso_300ms_84.wav,	4,	90,	1.1,	0.20038795471191406,	15,	0.3
09,	1,	6,	1,	2,	uso_300ms_56.wav,	5,	210,	5.1,	3.44435453414917,	15,	0.3
09,	1,	6,	1,	3,	uso_300ms_97.wav,	7,	215,	5.27,	2.5235748291015625,	15,	0.3
09,	1,	6,	1,	4,	uso_300ms_15.wav,	1,	159,	3.4,	3.0987555980682373,	15,	0.3
09,	1,	6,	1,	5,	uso_300ms_36.wav,	3,	250,	6.43,	2.979055881500244,	15,	0.3
09,	1,	6,	1,	6,	uso_300ms_27.wav,	8,	281,	7.47,	2.1450657844543457,	15,	0.3
09,	1,	6,	1,	7,	uso_300ms_87.wav,	0,	161,	3.47,	6.888181924819946,	15,	0.3
09,	1,	6,	1,	8,	uso_300ms_15.wav,	10,	292,	7.83,	2.7586758136749268,	15,	0.3
09,	1,	6,	1,	9,	uso_300ms_21.wav,	2,	213,	5.2,	2.477797746658325,	15,	0.3
09,	1,	6,	1,	10,	uso_300ms_21.wav,	9,	286,	7.63,	2.005457878112793,	15,	0.3
09,	1,	6,	1,	11,	uso_300ms_72.wav,	6,	260,	6.77,	2.3040473461151123,	15,	0.3
09,	1,	6,	1,	12,	uso_300ms_24.wav,	9,	282,	7.5,	1.8933987617492676,	15,	0.3
09,	1,	6,	1,	13,	uso_300ms_58.wav,	5,	253,	6.53,	3.826711416244507,	15,	0.3
09,	1,	6,	1,	14,	uso_300ms_53.wav,	4,	241,	6.13,	3.0708167552948,	15,	0.3
09,	1,	6,	1,	15,	uso_300ms_89.wav,	1,	186,	4.3,	2.435502052307129,	15,	0.3
09,	1,	6,	1,	16,	uso_300ms_21.wav,	2,	184,	4.23,	2.228703498840332,	15,	0.3
09,	1,	6,	1,	17,	uso_300ms_6.wav,	6,	207,	5.0,	1.6198229789733887,	15,	0.3
09,	1,	6,	1,	18,	uso_300ms_3.wav,	8,	249,	6.4,	4.860199213027954,	15,	0.3
09,	1,	6,	1,	19,	uso_300ms_16.wav,	7,	282,	7.5,	1.5521812438964844,	15,	0.3
09,	1,	6,	1,	20,	uso_300ms_28.wav,	0,	160,	3.43,	3.6515488624572754,	15,	0.3
09,	1,	6,	1,	21,	uso_300ms_20.wav,	10,	293,	7.87,	2.840043067932129,	15,	0.3
09,	1,	6,	1,	22,	uso_300ms_89.wav,	3,	191,	4.47,	3.654207944869995,	15,	0.3
09,	1,	6,	1,	23,	uso_300ms_46.wav,	8,	251,	6.47,	3.6067416667938232,	15,	0.3
09,	1,	6,	1,	24,	uso_300ms_46.wav,	9,	282,	7.5,	2.314535140991211,	15,	0.3
09,	1,	6,	1,	25,	uso_300ms_31.wav,	7,	282,	7.5,	1.3319745063781738,	15,	0.3
09,	1,	6,	1,	26,	uso_300ms_63.wav,	4,	219,	5.4,	3.03705096244812,	15,	0.3
09,	1,	6,	1,	27,	uso_300ms_70.wav,	10,	250,	6.43,	1.9401464462280273,	15,	0.3
09,	1,	6,	1,	28,	uso_300ms_33.wav,	5,	250,	6.43,	1.5258939266204834,	15,	0.3
09,	1,	6,	1,	29,	uso_300ms_68.wav,	0,	152,	3.17,	2.827155590057373,	15,	0.3
09,	1,	6,	1,	30,	uso_300ms_74.wav,	1,	176,	3.97,	2.000173330307007,	15,	0.3
09,	1,	6,	1,	31,	uso_300ms_81.wav,	2,	211,	5.13,	1.7221591472625732,	15,	0.3
09,	1,	6,	1,	32,	uso_300ms_55.wav,	3,	218,	5.37,	2.815403699874878,	15,	0.3
09,	1,	6,	1,	33,	uso_300ms_43.wav,	6,	255,	6.6,	1.5241308212280273,	15,	0.3
09,	1,	6,	1,	34,	uso_300ms_67.wav,	8,	289,	7.73,	2.404155969619751,	15,	0.3
09,	1,	6,	1,	35,	uso_300ms_61.wav,	1,	172,	3.83,	2.3277957439422607,	15,	0.3
09,	1,	6,	1,	36,	uso_300ms_37.wav,	4,	205,	4.93,	2.9023592472076416,	15,	0.3
09,	1,	6,	1,	37,	uso_300ms_72.wav,	3,	211,	5.13,	5.954923868179321,	15,	0.3
09,	1,	6,	1,	38,	uso_300ms_39.wav,	9,	252,	6.5,	2.2193541526794434,	15,	0.3
09,	1,	6,	1,	39,	uso_300ms_23.wav,	0,	156,	3.3,	3.1869516372680664,	15,	0.3
09,	1,	6,	1,	40,	uso_300ms_71.wav,	2,	187,	4.33,	4.031479120254517,	15,	0.3
09,	1,	6,	1,	41,	uso_300ms_39.wav,	10,	287,	7.67,	2.600750684738159,	15,	0.3
09,	1,	6,	1,	42,	uso_300ms_2.wav,	7,	255,	6.6,	1.7083301544189453,	15,	0.3
09,	1,	6,	1,	43,	uso_300ms_46.wav,	5,	252,	6.5,	1.2274417877197266,	15,	0.3
09,	1,	6,	1,	44,	uso_300ms_39.wav,	6,	252,	6.5,	0.857698917388916,	15,	0.3
09,	1,	6,	1,	45,	uso_300ms_2.wav,	8,	286,	7.63,	2.146688222885132,	15,	0.3
09,	1,	6,	1,	46,	uso_300ms_81.wav,	4,	248,	6.37,	3.445108413696289,	15,	0.3
09,	1,	6,	1,	47,	uso_300ms_57.wav,	10,	283,	7.53,	1.4655697345733643,	15,	0.3
09,	1,	6,	1,	48,	uso_300ms_81.wav,	5,	283,	7.53,	1.3687303066253662,	15,	0.3
09,	1,	6,	1,	49,	uso_300ms_84.wav,	2,	213,	5.2,	4.492589712142944,	15,	0.3
09,	1,	6,	1,	50,	uso_300ms_68.wav,	6,	251,	6.47,	1.823049783706665,	15,	0.3
09,	1,	6,	1,	51,	uso_300ms_89.wav,	1,	160,	3.43,	4.034377813339233,	15,	0.3
09,	1,	6,	1,	52,	uso_300ms_76.wav,	9,	285,	7.6,	2.9830892086029053,	15,	0.3
09,	1,	6,	1,	53,	uso_300ms_57.wav,	3,	253,	6.53,	1.7883234024047852,	15,	0.3
09,	1,	6,	1,	54,	uso_300ms_60.wav,	0,	155,	3.27,	2.2940239906311035,	15,	0.3
09,	1,	6,	1,	55,	uso_300ms_33.wav,	7,	256,	6.63,	2.2843217849731445,	15,	0.3
09,	1,	6,	1,	56,	uso_300ms_14.wav,	8,	287,	7.67,	1.5529932975769043,	15,	0.3
09,	1,	6,	1,	57,	uso_300ms_93.wav,	0,	185,	4.27,	4.380748748779297,	15,	0.3
09,	1,	6,	1,	58,	uso_300ms_54.wav,	7,	242,	6.17,	4.199635028839111,	15,	0.3
09,	1,	6,	1,	59,	uso_300ms_91.wav,	9,	290,	7.77,	1.4804296493530273,	15,	0.3
09,	1,	6,	1,	60,	uso_300ms_52.wav,	6,	246,	6.3,	1.6619484424591064,	15,	0.3
09,	1,	6,	1,	61,	uso_300ms_38.wav,	2,	218,	5.37,	1.4811506271362305,	15,	0.3
09,	1,	6,	1,	62,	uso_300ms_34.wav,	3,	218,	5.37,	1.7577271461486816,	15,	0.3
09,	1,	6,	1,	63,	uso_300ms_33.wav,	1,	160,	3.43,	3.5907516479492188,	15,	0.3
09,	1,	6,	1,	64,	uso_300ms_48.wav,	10,	290,	7.77,	2.4731264114379883,	15,	0.3
09,	1,	6,	1,	65,	uso_300ms_98.wav,	5,	255,	6.6,	1.7587602138519287,	15,	0.3
09,	1,	6,	1,	66,	uso_300ms_88.wav,	4,	255,	6.6,	1.225463628768921,	15,	0.3
09,	1,	6,	1,	67,	uso_300ms_16.wav,	1,	184,	4.23,	2.1459157466888428,	15,	0.3
09,	1,	6,	1,	68,	uso_300ms_96.wav,	4,	220,	5.43,	1.9216201305389404,	15,	0.3
09,	1,	6,	1,	69,	uso_300ms_12.wav,	9,	284,	7.57,	1.9127655029296875,	15,	0.3
09,	1,	6,	1,	70,	uso_300ms_42.wav,	8,	284,	7.57,	1.3131914138793945,	15,	0.3
09,	1,	6,	1,	71,	uso_300ms_65.wav,	10,	284,	7.57,	0.9778151512145996,	15,	0.3
09,	1,	6,	1,	72,	uso_300ms_30.wav,	2,	187,	4.33,	2.850353956222534,	15,	0.3
09,	1,	6,	1,	73,	uso_300ms_83.wav,	7,	215,	5.27,	2.0257623195648193,	15,	0.3
09,	1,	6,	1,	74,	uso_300ms_80.wav,	0,	157,	3.33,	3.3494274616241455,	15,	0.3
09,	1,	6,	1,	75,	uso_300ms_87.wav,	6,	225,	5.6,	3.3546414375305176,	15,	0.3
09,	1,	6,	1,	76,	uso_300ms_79.wav,	3,	213,	5.2,	2.673288106918335,	15,	0.3
09,	1,	6,	1,	77,	uso_300ms_16.wav,	5,	213,	5.2,	1.3202548027038574,	15,	0.3
09,	1,	6,	1,	78,	uso_300ms_34.wav,	2,	183,	4.2,	2.0186548233032227,	15,	0.3
09,	1,	6,	1,	79,	uso_300ms_24.wav,	0,	152,	3.17,	2.146632432937622,	15,	0.3
09,	1,	6,	1,	80,	uso_300ms_41.wav,	5,	215,	5.27,	2.9879531860351562,	15,	0.3
09,	1,	6,	1,	81,	uso_300ms_68.wav,	1,	185,	4.27,	2.320296287536621,	15,	0.3
09,	1,	6,	1,	82,	uso_300ms_17.wav,	8,	281,	7.47,	2.8948590755462646,	15,	0.3
09,	1,	6,	1,	83,	uso_300ms_1.wav,	4,	252,	6.5,	1.901458501815796,	15,	0.3
09,	1,	6,	1,	84,	uso_300ms_80.wav,	3,	252,	6.5,	1.4385299682617188,	15,	0.3
09,	1,	6,	1,	85,	uso_300ms_98.wav,	7,	291,	7.8,	1.8796145915985107,	15,	0.3
09,	1,	6,	1,	86,	uso_300ms_88.wav,	6,	290,	7.77,	1.3691205978393555,	15,	0.3
09,	1,	6,	1,	87,	uso_300ms_11.wav,	9,	290,	7.77,	0.8447175025939941,	15,	0.3
09,	1,	6,	1,	88,	uso_300ms_90.wav,	10,	290,	7.77,	0.9723572731018066,	15,	0.3
09,	1,	6,	1,	89,	uso_300ms_37.wav,	2,	238,	6.03,	1.8971548080444336,	15,	0.3
09,	1,	6,	1,	90,	uso_300ms_5.wav,	10,	287,	7.67,	1.3920667171478271,	15,	0.3
09,	1,	6,	1,	91,	uso_300ms_84.wav,	6,	287,	7.67,	1.0668303966522217,	15,	0.3
09,	1,	6,	1,	92,	uso_300ms_49.wav,	1,	185,	4.27,	4.028982162475586,	15,	0.3
09,	1,	6,	1,	93,	uso_300ms_92.wav,	8,	287,	7.67,	3.0771710872650146,	15,	0.3
09,	1,	6,	1,	94,	uso_300ms_85.wav,	5,	293,	7.87,	1.2425775527954102,	15,	0.3
09,	1,	6,	1,	95,	uso_300ms_22.wav,	3,	221,	5.47,	2.991520881652832,	15,	0.3
09,	1,	6,	1,	96,	uso_300ms_6.wav,	0,	151,	3.13,	2.683145523071289,	15,	0.3
09,	1,	6,	1,	97,	uso_300ms_48.wav,	4,	249,	6.4,	1.9744186401367188,	15,	0.3
09,	1,	6,	1,	98,	uso_300ms_81.wav,	9,	288,	7.7,	1.99873948097229,	15,	0.3
09,	1,	6,	1,	99,	uso_300ms_72.wav,	7,	288,	7.7,	1.0371739864349365,	15,	0.3
09,	1,	6,	1,	100,	uso_300ms_40.wav,	10,	288,	7.7,	0.908515214920044,	15,	0.3
09,	1,	6,	1,	101,	uso_300ms_37.wav,	7,	288,	7.7,	0.9541022777557373,	15,	0.3
09,	1,	6,	1,	102,	uso_300ms_63.wav,	4,	218,	5.37,	2.988020896911621,	15,	0.3
09,	1,	6,	1,	103,	uso_300ms_3.wav,	1,	186,	4.3,	1.8273146152496338,	15,	0.3
09,	1,	6,	1,	104,	uso_300ms_31.wav,	6,	275,	7.27,	2.35325026512146,	15,	0.3
09,	1,	6,	1,	105,	uso_300ms_54.wav,	5,	293,	7.87,	1.2348954677581787,	15,	0.3
09,	1,	6,	1,	106,	uso_300ms_54.wav,	3,	293,	7.87,	0.7828152179718018,	15,	0.3
09,	1,	6,	1,	107,	uso_300ms_36.wav,	0,	153,	3.2,	2.551983118057251,	15,	0.3
09,	1,	6,	1,	108,	uso_300ms_86.wav,	2,	181,	4.13,	2.5085721015930176,	15,	0.3
09,	1,	6,	1,	109,	uso_300ms_9.wav,	9,	289,	7.73,	2.2502763271331787,	15,	0.3
09,	1,	6,	1,	110,	uso_300ms_74.wav,	8,	289,	7.73,	0.9010672569274902,	15,	0.3
09,	1,	6,	1,	111,	uso_300ms_5.wav,	3,	255,	6.6,	2.4324326515197754,	15,	0.3
09,	1,	6,	1,	112,	uso_300ms_77.wav,	0,	153,	3.2,	5.216540336608887,	15,	0.3
09,	1,	6,	1,	113,	uso_300ms_55.wav,	4,	211,	5.13,	1.8424108028411865,	15,	0.3
09,	1,	6,	1,	114,	uso_300ms_58.wav,	2,	211,	5.13,	0.9302048683166504,	15,	0.3
09,	1,	6,	1,	115,	uso_300ms_11.wav,	10,	292,	7.83,	2.111546754837036,	15,	0.3
09,	1,	6,	1,	116,	uso_300ms_52.wav,	5,	292,	7.83,	1.0882744789123535,	15,	0.3
09,	1,	6,	1,	117,	uso_300ms_98.wav,	6,	292,	7.83,	1.052504539489746,	15,	0.3
09,	1,	6,	1,	118,	uso_300ms_67.wav,	1,	188,	4.37,	4.127665996551514,	15,	0.3
09,	1,	6,	1,	119,	uso_300ms_37.wav,	7,	256,	6.63,	4.065839529037476,	15,	0.3
09,	1,	6,	1,	120,	uso_300ms_32.wav,	9,	295,	7.93,	1.4965863227844238,	15,	0.3
09,	1,	6,	1,	121,	uso_300ms_45.wav,	8,	295,	7.93,	0.8196148872375488,	15,	0.3
09,	1,	6,	1,	122,	uso_300ms_23.wav,	3,	211,	5.13,	2.307047128677368,	15,	0.3
09,	1,	6,	1,	123,	uso_300ms_75.wav,	5,	211,	5.13,	1.0247571468353271,	15,	0.3
09,	1,	6,	1,	124,	uso_300ms_72.wav,	1,	183,	4.2,	2.8948986530303955,	15,	0.3
09,	1,	6,	1,	125,	uso_300ms_36.wav,	2,	155,	3.27,	1.4830965995788574,	15,	0.3
09,	1,	6,	1,	126,	uso_300ms_3.wav,	7,	266,	6.97,	2.5934464931488037,	15,	0.3
09,	1,	6,	1,	127,	uso_300ms_4.wav,	4,	267,	7.0,	1.4312827587127686,	15,	0.3
09,	1,	6,	1,	128,	uso_300ms_57.wav,	8,	291,	7.8,	1.3525428771972656,	15,	0.3
09,	1,	6,	1,	129,	uso_300ms_40.wav,	0,	153,	3.2,	4.080936908721924,	15,	0.3
09,	1,	6,	1,	130,	uso_300ms_63.wav,	9,	252,	6.5,	3.7536394596099854,	15,	0.3
09,	1,	6,	1,	131,	uso_300ms_19.wav,	10,	290,	7.77,	1.8138437271118164,	15,	0.3
09,	1,	6,	1,	132,	uso_300ms_44.wav,	6,	290,	7.77,	0.7306239604949951,	15,	0.3
09,	1,	6,	1,	133,	uso_300ms_32.wav,	0,	153,	3.2,	3.812046766281128,	15,	0.3
09,	1,	6,	1,	134,	uso_300ms_66.wav,	3,	215,	5.27,	2.2926454544067383,	15,	0.3
09,	1,	6,	1,	135,	uso_300ms_19.wav,	4,	215,	5.27,	1.9648916721343994,	15,	0.3
09,	1,	6,	1,	136,	uso_300ms_50.wav,	9,	295,	7.93,	2.1527152061462402,	15,	0.3
09,	1,	6,	1,	137,	uso_300ms_48.wav,	8,	295,	7.93,	0.9880731105804443,	15,	0.3
09,	1,	6,	1,	138,	uso_300ms_13.wav,	7,	254,	6.57,	1.7369275093078613,	15,	0.3
09,	1,	6,	1,	139,	uso_300ms_2.wav,	2,	218,	5.37,	3.3109967708587646,	15,	0.3
09,	1,	6,	1,	140,	uso_300ms_69.wav,	10,	290,	7.77,	2.171733856201172,	15,	0.3
09,	1,	6,	1,	141,	uso_300ms_71.wav,	6,	261,	6.8,	1.6790153980255127,	15,	0.3
09,	1,	6,	1,	142,	uso_300ms_78.wav,	5,	261,	6.8,	1.0043766498565674,	15,	0.3
09,	1,	6,	1,	143,	uso_300ms_64.wav,	1,	213,	5.2,	2.3459267616271973,	15,	0.3
09,	1,	6,	1,	144,	uso_300ms_10.wav,	5,	213,	5.2,	1.9011778831481934,	15,	0.3
09,	1,	6,	1,	145,	uso_300ms_49.wav,	6,	213,	5.2,	1.702829122543335,	15,	0.3
09,	1,	6,	1,	146,	uso_300ms_48.wav,	0,	153,	3.2,	2.2497780323028564,	15,	0.3
09,	1,	6,	1,	147,	uso_300ms_64.wav,	8,	258,	6.7,	2.464242696762085,	15,	0.3
09,	1,	6,	1,	148,	uso_300ms_40.wav,	1,	187,	4.33,	4.022879123687744,	15,	0.3
09,	1,	6,	1,	149,	uso_300ms_80.wav,	10,	255,	6.6,	2.9657015800476074,	15,	0.3
09,	1,	6,	1,	150,	uso_300ms_61.wav,	3,	219,	5.4,	1.923034906387329,	15,	0.3
09,	1,	6,	1,	151,	uso_300ms_52.wav,	4,	257,	6.67,	1.4720127582550049,	15,	0.3
09,	1,	6,	1,	152,	uso_300ms_94.wav,	9,	287,	7.67,	1.4869956970214844,	15,	0.3
09,	1,	6,	1,	153,	uso_300ms_92.wav,	2,	192,	4.5,	5.3082146644592285,	15,	0.3
09,	1,	6,	1,	154,	uso_300ms_63.wav,	7,	220,	5.43,	2.3627421855926514,	15,	0.3
09,	1,	6,	1,	155,	uso_300ms_53.wav,	1,	181,	4.13,	3.369647264480591,	15,	0.3
09,	1,	6,	1,	156,	uso_300ms_63.wav,	0,	153,	3.2,	1.5220000743865967,	15,	0.3
09,	1,	6,	1,	157,	uso_300ms_25.wav,	5,	260,	6.77,	1.8622090816497803,	15,	0.3
09,	1,	6,	1,	158,	uso_300ms_42.wav,	2,	260,	6.77,	1.3774759769439697,	15,	0.3
09,	1,	6,	1,	159,	uso_300ms_41.wav,	3,	214,	5.23,	3.1608381271362305,	15,	0.3
09,	1,	6,	1,	160,	uso_300ms_25.wav,	10,	294,	7.9,	2.608076810836792,	15,	0.3
09,	1,	6,	1,	161,	uso_300ms_87.wav,	9,	294,	7.9,	0.9619355201721191,	15,	0.3
09,	1,	6,	1,	162,	uso_300ms_86.wav,	4,	247,	6.33,	2.3742921352386475,	15,	0.3
09,	1,	6,	1,	163,	uso_300ms_100.wav,	7,	247,	6.33,	0.9483721256256104,	15,	0.3
09,	1,	6,	1,	164,	uso_300ms_68.wav,	8,	289,	7.73,	1.9452669620513916,	15,	0.3
09,	1,	6,	1,	165,	uso_300ms_81.wav,	6,	289,	7.73,	0.8943183422088623,	15,	0.3
