sub_id,cond_id,block_id,task_id,event_id,stim_id,speaker_id,led_id,led_distance,response_time,n_reps,isi
17,	1,	2,	2,	1,	uso_300ms_81.wav,	3,	234,	5.9,	4.328963041305542,	15,	0.3
17,	1,	2,	2,	2,	uso_300ms_14.wav,	5,	289,	7.73,	4.161847114562988,	15,	0.3
17,	1,	2,	2,	3,	uso_300ms_46.wav,	4,	259,	6.73,	5.939999580383301,	15,	0.3
17,	1,	2,	2,	4,	uso_300ms_18.wav,	2,	184,	4.23,	3.6463449001312256,	15,	0.3
17,	1,	2,	2,	5,	uso_300ms_73.wav,	1,	206,	4.97,	4.689068078994751,	15,	0.3
17,	1,	2,	2,	6,	uso_300ms_16.wav,	4,	254,	6.57,	4.929738759994507,	15,	0.3
17,	1,	2,	2,	7,	uso_300ms_99.wav,	1,	183,	4.2,	4.879576921463013,	15,	0.3
17,	1,	2,	2,	8,	uso_300ms_87.wav,	5,	338,	9.37,	5.060255765914917,	15,	0.3
17,	1,	2,	2,	9,	uso_300ms_87.wav,	3,	294,	7.9,	4.080763101577759,	15,	0.3
17,	1,	2,	2,	10,	uso_300ms_43.wav,	2,	201,	4.8,	4.899318695068359,	15,	0.3
17,	1,	2,	2,	11,	uso_300ms_81.wav,	4,	260,	6.77,	5.278642177581787,	15,	0.3
17,	1,	2,	2,	12,	uso_300ms_100.wav,	3,	230,	5.77,	7.428190231323242,	15,	0.3
17,	1,	2,	2,	13,	uso_300ms_61.wav,	5,	350,	9.77,	6.448834419250488,	15,	0.3
17,	1,	2,	2,	14,	uso_300ms_36.wav,	2,	263,	6.87,	5.876077651977539,	15,	0.3
17,	1,	2,	2,	15,	uso_300ms_87.wav,	1,	169,	3.73,	6.0347185134887695,	15,	0.3
17,	1,	2,	2,	16,	uso_300ms_68.wav,	2,	219,	5.4,	5.135466575622559,	15,	0.3
17,	1,	2,	2,	17,	uso_300ms_47.wav,	4,	277,	7.33,	4.742513418197632,	15,	0.3
17,	1,	2,	2,	18,	uso_300ms_94.wav,	5,	343,	9.53,	5.029385566711426,	15,	0.3
17,	1,	2,	2,	19,	uso_300ms_3.wav,	1,	148,	3.03,	7.777213096618652,	15,	0.3
17,	1,	2,	2,	20,	uso_300ms_32.wav,	3,	259,	6.73,	5.324870586395264,	15,	0.3
17,	1,	2,	2,	21,	uso_300ms_60.wav,	5,	323,	8.87,	3.825371026992798,	15,	0.3
17,	1,	2,	2,	22,	uso_300ms_84.wav,	1,	154,	3.23,	8.504598140716553,	15,	0.3
17,	1,	2,	2,	23,	uso_300ms_23.wav,	2,	211,	5.13,	5.142908811569214,	15,	0.3
17,	1,	2,	2,	24,	uso_300ms_5.wav,	3,	255,	6.6,	5.284139633178711,	15,	0.3
17,	1,	2,	2,	25,	uso_300ms_100.wav,	4,	295,	7.93,	5.641208648681641,	15,	0.3
17,	1,	2,	2,	26,	uso_300ms_55.wav,	2,	194,	4.57,	5.273864269256592,	15,	0.3
17,	1,	2,	2,	27,	uso_300ms_80.wav,	5,	334,	9.23,	6.6982996463775635,	15,	0.3
17,	1,	2,	2,	28,	uso_300ms_36.wav,	1,	179,	4.07,	4.166593551635742,	15,	0.3
17,	1,	2,	2,	29,	uso_300ms_96.wav,	4,	246,	6.3,	6.1042091846466064,	15,	0.3
17,	1,	2,	2,	30,	uso_300ms_82.wav,	3,	246,	6.3,	4.898981332778931,	15,	0.3
17,	1,	2,	2,	31,	uso_300ms_28.wav,	4,	292,	7.83,	6.62094783782959,	15,	0.3
17,	1,	2,	2,	32,	uso_300ms_43.wav,	1,	160,	3.43,	5.349254608154297,	15,	0.3
17,	1,	2,	2,	33,	uso_300ms_48.wav,	2,	198,	4.7,	4.282991886138916,	15,	0.3
17,	1,	2,	2,	34,	uso_300ms_64.wav,	3,	241,	6.13,	6.862322092056274,	15,	0.3
17,	1,	2,	2,	35,	uso_300ms_15.wav,	5,	290,	7.77,	4.969622611999512,	15,	0.3
17,	1,	2,	2,	36,	uso_300ms_98.wav,	1,	166,	3.63,	5.098198175430298,	15,	0.3
17,	1,	2,	2,	37,	uso_300ms_96.wav,	4,	221,	5.47,	5.299499988555908,	15,	0.3
17,	1,	2,	2,	38,	uso_300ms_12.wav,	5,	296,	7.97,	5.302993535995483,	15,	0.3
17,	1,	2,	2,	39,	uso_300ms_39.wav,	2,	238,	6.03,	5.385177373886108,	15,	0.3
17,	1,	2,	2,	40,	uso_300ms_43.wav,	3,	267,	7.0,	6.475369215011597,	15,	0.3
17,	1,	2,	2,	41,	uso_300ms_46.wav,	5,	313,	8.53,	5.532490968704224,	15,	0.3
17,	1,	2,	2,	42,	uso_300ms_9.wav,	4,	229,	5.73,	5.696176290512085,	15,	0.3
17,	1,	2,	2,	43,	uso_300ms_10.wav,	1,	158,	3.37,	5.170377969741821,	15,	0.3
17,	1,	2,	2,	44,	uso_300ms_74.wav,	3,	320,	8.77,	5.856194734573364,	15,	0.3
17,	1,	2,	2,	45,	uso_300ms_14.wav,	2,	179,	4.07,	4.583410263061523,	15,	0.3
17,	1,	2,	2,	46,	uso_300ms_62.wav,	4,	262,	6.83,	4.996816158294678,	15,	0.3
17,	1,	2,	2,	47,	uso_300ms_40.wav,	5,	350,	9.77,	4.517549276351929,	15,	0.3
17,	1,	2,	2,	48,	uso_300ms_44.wav,	1,	162,	3.5,	5.616741180419922,	15,	0.3
17,	1,	2,	2,	49,	uso_300ms_54.wav,	2,	212,	5.17,	6.215970516204834,	15,	0.3
17,	1,	2,	2,	50,	uso_300ms_23.wav,	3,	284,	7.57,	5.722830772399902,	15,	0.3
17,	1,	2,	2,	51,	uso_300ms_23.wav,	2,	252,	6.5,	6.874084949493408,	15,	0.3
17,	1,	2,	2,	52,	uso_300ms_58.wav,	3,	250,	6.43,	5.924891471862793,	15,	0.3
17,	1,	2,	2,	53,	uso_300ms_93.wav,	5,	326,	8.97,	4.389145851135254,	15,	0.3
17,	1,	2,	2,	54,	uso_300ms_32.wav,	1,	185,	4.27,	6.459806442260742,	15,	0.3
17,	1,	2,	2,	55,	uso_300ms_28.wav,	4,	254,	6.57,	6.2616682052612305,	15,	0.3
17,	1,	2,	2,	56,	uso_300ms_84.wav,	2,	187,	4.33,	4.14337682723999,	15,	0.3
17,	1,	2,	2,	57,	uso_300ms_6.wav,	4,	275,	7.27,	6.19320011138916,	15,	0.3
17,	1,	2,	2,	58,	uso_300ms_99.wav,	3,	322,	8.83,	3.910672664642334,	15,	0.3
17,	1,	2,	2,	59,	uso_300ms_19.wav,	1,	176,	3.97,	3.7818329334259033,	15,	0.3
17,	1,	2,	2,	60,	uso_300ms_71.wav,	5,	282,	7.5,	6.1037797927856445,	15,	0.3
17,	1,	2,	2,	61,	uso_300ms_45.wav,	1,	192,	4.5,	8.47419810295105,	15,	0.3
17,	1,	2,	2,	62,	uso_300ms_30.wav,	4,	247,	6.33,	4.326646089553833,	15,	0.3
17,	1,	2,	2,	63,	uso_300ms_69.wav,	5,	329,	9.07,	3.7543883323669434,	15,	0.3
17,	1,	2,	2,	64,	uso_300ms_50.wav,	2,	223,	5.53,	6.141630172729492,	15,	0.3
17,	1,	2,	2,	65,	uso_300ms_31.wav,	3,	283,	7.53,	5.13067364692688,	15,	0.3
17,	1,	2,	2,	66,	uso_300ms_22.wav,	1,	158,	3.37,	5.3194191455841064,	15,	0.3
17,	1,	2,	2,	67,	uso_300ms_11.wav,	3,	218,	5.37,	3.7836754322052,	15,	0.3
17,	1,	2,	2,	68,	uso_300ms_21.wav,	4,	280,	7.43,	5.1907689571380615,	15,	0.3
17,	1,	2,	2,	69,	uso_300ms_73.wav,	5,	405,	11.6,	3.341616153717041,	15,	0.3
17,	1,	2,	2,	70,	uso_300ms_35.wav,	2,	318,	8.7,	4.7362048625946045,	15,	0.3
17,	1,	2,	2,	71,	uso_300ms_85.wav,	4,	249,	6.4,	5.985373020172119,	15,	0.3
17,	1,	2,	2,	72,	uso_300ms_20.wav,	2,	273,	7.2,	5.144381999969482,	15,	0.3
17,	1,	2,	2,	73,	uso_300ms_12.wav,	3,	211,	5.13,	5.558324098587036,	15,	0.3
17,	1,	2,	2,	74,	uso_300ms_1.wav,	1,	161,	3.47,	4.732227087020874,	15,	0.3
17,	1,	2,	2,	75,	uso_300ms_100.wav,	5,	202,	4.83,	1.0591490268707275,	15,	0.3
