sub_id,cond_id,block_id,task_id,event_id,stim_id,speaker_id,led_id,led_distance,response_time,n_reps,isi
17,	1,	5,	2,	1,	uso_300ms_87.wav,	4,	224.19294000000005,	5.57,	nan,	90,	2
17,	1,	5,	2,	2,	uso_300ms_45.wav,	4,	224.41611399999962,	5.58,	nan,	90,	2
17,	1,	5,	2,	3,	uso_300ms_57.wav,	1,	95.21491599999926,	1.27,	nan,	90,	2
17,	1,	5,	2,	4,	uso_300ms_27.wav,	1,	127.46654799999905,	2.35,	nan,	90,	2
17,	1,	5,	2,	5,	uso_300ms_8.wav,	1,	155.47715299999857,	3.28,	nan,	90,	2
17,	1,	5,	2,	6,	uso_300ms_61.wav,	2,	185.19097699999804,	4.27,	nan,	90,	2
17,	1,	5,	2,	7,	uso_300ms_54.wav,	3,	215.25491999999755,	5.28,	nan,	90,	2
17,	1,	5,	2,	8,	uso_300ms_27.wav,	4,	245.06873199999708,	6.27,	nan,	90,	2
17,	1,	5,	2,	9,	uso_300ms_56.wav,	5,	274.85754699999654,	7.26,	nan,	90,	2
17,	1,	5,	2,	10,	uso_300ms_74.wav,	5,	304.8963319999958,	8.26,	nan,	90,	2
17,	1,	5,	2,	11,	uso_300ms_1.wav,	1,	129.47850199999522,	2.42,	nan,	90,	2
17,	1,	5,	2,	12,	uso_300ms_55.wav,	1,	90.1380679999951,	1.1,	nan,	90,	2
17,	1,	5,	2,	13,	uso_300ms_75.wav,	2,	174.60052999999488,	3.92,	nan,	90,	2
17,	1,	5,	2,	14,	uso_300ms_29.wav,	4,	243.57258699999505,	6.22,	nan,	90,	2
17,	1,	5,	2,	15,	uso_300ms_89.wav,	5,	287.9310689999951,	7.7,	nan,	90,	2
17,	1,	5,	2,	16,	uso_300ms_71.wav,	5,	334.8077869999938,	9.26,	nan,	90,	2
17,	1,	5,	2,	17,	uso_300ms_15.wav,	5,	380.1929239999919,	10.77,	nan,	90,	2
17,	1,	5,	2,	18,	uso_300ms_53.wav,	1,	84.56727899999163,	0.92,	nan,	90,	2
17,	1,	5,	2,	19,	uso_300ms_46.wav,	1,	99.49843299999154,	1.42,	nan,	90,	2
17,	1,	5,	2,	20,	uso_300ms_20.wav,	1,	128.85975099999135,	2.4,	nan,	90,	2
17,	1,	5,	2,	21,	uso_300ms_12.wav,	1,	158.9736879999909,	3.4,	nan,	90,	2
17,	1,	5,	2,	22,	uso_300ms_12.wav,	2,	188.71250899999038,	4.39,	nan,	90,	2
17,	1,	5,	2,	23,	uso_300ms_65.wav,	3,	218.82628499999007,	5.39,	nan,	90,	2
17,	1,	5,	2,	24,	uso_300ms_54.wav,	4,	248.8400729999897,	6.39,	nan,	90,	2
17,	1,	5,	2,	25,	uso_300ms_81.wav,	5,	278.8538609999891,	7.4,	nan,	90,	2
17,	1,	5,	2,	26,	uso_300ms_63.wav,	5,	309.0176309999883,	8.4,	nan,	90,	2
17,	1,	5,	2,	27,	uso_300ms_91.wav,	5,	454.6765849999881,	13.26,	nan,	90,	2
17,	1,	5,	2,	28,	uso_300ms_53.wav,	1,	125.72275699998777,	2.29,	nan,	90,	2
17,	1,	5,	2,	29,	uso_300ms_83.wav,	1,	102.6590379999879,	1.52,	nan,	90,	2
17,	1,	5,	2,	30,	uso_300ms_85.wav,	1,	102.82233399998847,	1.53,	nan,	90,	2
17,	1,	5,	2,	31,	uso_300ms_85.wav,	5,	342.1920169999887,	9.51,	nan,	90,	2
17,	1,	5,	2,	32,	uso_300ms_30.wav,	5,	417.75100399998865,	12.03,	nan,	90,	2
17,	1,	5,	2,	33,	uso_300ms_18.wav,	5,	385.2408269999882,	10.94,	nan,	90,	2
17,	1,	5,	2,	34,	uso_300ms_12.wav,	5,	367.5897109999868,	10.35,	nan,	90,	2
17,	1,	5,	2,	35,	uso_300ms_70.wav,	5,	351.10517999998746,	9.8,	nan,	90,	2
17,	1,	5,	2,	36,	uso_300ms_5.wav,	5,	334.5094679999883,	9.25,	nan,	90,	2
17,	1,	5,	2,	37,	uso_300ms_43.wav,	5,	318.024936999989,	8.7,	nan,	90,	2
17,	1,	5,	2,	38,	uso_300ms_45.wav,	5,	302.541034999988,	8.18,	nan,	90,	2
17,	1,	5,	2,	39,	uso_300ms_99.wav,	5,	271.7629169999866,	7.16,	nan,	90,	2
17,	1,	5,	2,	40,	uso_300ms_13.wav,	1,	156.05675299998646,	3.3,	nan,	90,	2
17,	1,	5,	2,	41,	uso_300ms_88.wav,	1,	156.13546099998607,	3.3,	nan,	90,	2
17,	1,	5,	2,	42,	uso_300ms_12.wav,	3,	200.6506659999858,	4.79,	nan,	90,	2
17,	1,	5,	2,	43,	uso_300ms_15.wav,	3,	201.23972999998512,	4.81,	nan,	90,	2
17,	1,	5,	2,	44,	uso_300ms_80.wav,	5,	294.97481899998456,	7.93,	nan,	90,	2
17,	1,	5,	2,	45,	uso_300ms_45.wav,	5,	295.3938809999861,	7.95,	nan,	90,	2
17,	1,	5,	2,	46,	uso_300ms_43.wav,	5,	390.1086829999862,	11.1,	nan,	90,	2
17,	1,	5,	2,	47,	uso_300ms_26.wav,	5,	326.867616999986,	9.0,	nan,	90,	2
17,	1,	5,	2,	48,	uso_300ms_37.wav,	5,	295.66174999998594,	7.96,	nan,	90,	2
17,	1,	5,	2,	49,	uso_300ms_70.wav,	4,	249.79620999998582,	6.43,	nan,	90,	2
17,	1,	5,	2,	50,	uso_300ms_25.wav,	4,	249.79620999998582,	6.43,	nan,	90,	2
17,	1,	5,	2,	51,	uso_300ms_67.wav,	4,	249.79620999998582,	6.43,	nan,	90,	2
17,	1,	5,	2,	52,	uso_300ms_13.wav,	4,	249.79620999998582,	6.43,	nan,	90,	2
17,	1,	5,	2,	53,	uso_300ms_2.wav,	2,	181.09365299998578,	4.14,	nan,	90,	2
17,	1,	5,	2,	54,	uso_300ms_58.wav,	2,	181.47281499998545,	4.15,	nan,	90,	2
17,	1,	5,	2,	55,	uso_300ms_39.wav,	1,	120.80691599998545,	2.13,	nan,	90,	2
17,	1,	5,	2,	56,	uso_300ms_97.wav,	1,	139.72613799998538,	2.76,	nan,	90,	2
17,	1,	5,	2,	57,	uso_300ms_99.wav,	1,	139.72613799998538,	2.76,	nan,	90,	2
17,	1,	5,	2,	58,	uso_300ms_18.wav,	4,	239.28405799998527,	6.08,	nan,	90,	2
17,	1,	5,	2,	59,	uso_300ms_25.wav,	5,	368.15146799998524,	10.37,	nan,	90,	2
17,	1,	5,	2,	60,	uso_300ms_20.wav,	5,	368.58809999998556,	10.39,	nan,	90,	2
17,	1,	5,	2,	61,	uso_300ms_51.wav,	5,	368.58809999998556,	10.39,	nan,	90,	2
17,	1,	5,	2,	62,	uso_300ms_27.wav,	1,	111.74423999998527,	1.82,	nan,	90,	2
17,	1,	5,	2,	63,	uso_300ms_17.wav,	1,	123.65266099998529,	2.22,	nan,	90,	2
17,	1,	5,	2,	64,	uso_300ms_71.wav,	1,	123.65266099998529,	2.22,	nan,	90,	2
17,	1,	5,	2,	65,	uso_300ms_52.wav,	1,	123.65266099998529,	2.22,	nan,	90,	2
17,	1,	5,	2,	66,	uso_300ms_94.wav,	2,	185.70466499998534,	4.29,	nan,	90,	2
17,	1,	5,	2,	67,	uso_300ms_42.wav,	2,	185.70466499998534,	4.29,	nan,	90,	2
17,	1,	5,	2,	68,	uso_300ms_17.wav,	4,	234.94304999998477,	5.93,	nan,	90,	2
17,	1,	5,	2,	69,	uso_300ms_11.wav,	4,	235.2023579999839,	5.94,	nan,	90,	2
17,	1,	5,	2,	70,	uso_300ms_12.wav,	5,	353.4020199999836,	9.88,	nan,	90,	2
17,	1,	5,	2,	71,	uso_300ms_66.wav,	5,	358.4861689999835,	10.05,	nan,	90,	2
17,	1,	5,	2,	72,	uso_300ms_82.wav,	5,	456.28491899998346,	13.31,	nan,	90,	2
17,	1,	5,	2,	73,	uso_300ms_86.wav,	4,	231.57495799998384,	5.82,	nan,	90,	2
17,	1,	5,	2,	74,	uso_300ms_62.wav,	3,	193.28302599998432,	4.54,	nan,	90,	2
17,	1,	5,	2,	75,	uso_300ms_59.wav,	2,	168.95911799998467,	3.73,	nan,	90,	2
17,	1,	5,	2,	76,	uso_300ms_26.wav,	1,	137.64736899998468,	2.69,	nan,	90,	2
17,	1,	5,	2,	77,	uso_300ms_20.wav,	1,	158.0817059999846,	3.37,	nan,	90,	2
17,	1,	5,	2,	78,	uso_300ms_95.wav,	4,	230.52439099998477,	5.78,	nan,	90,	2
17,	1,	5,	2,	79,	uso_300ms_90.wav,	5,	267.08858299998474,	7.0,	nan,	90,	2
17,	1,	5,	2,	80,	uso_300ms_70.wav,	5,	264.4267769999844,	6.91,	nan,	90,	2
17,	1,	5,	2,	81,	uso_300ms_27.wav,	3,	212.04147199998485,	5.17,	nan,	90,	2
17,	1,	5,	2,	82,	uso_300ms_36.wav,	2,	172.1184839999851,	3.84,	nan,	90,	2
17,	1,	5,	2,	83,	uso_300ms_39.wav,	1,	137.62574599998499,	2.69,	nan,	90,	2
17,	1,	5,	2,	84,	uso_300ms_59.wav,	2,	178.41884099998484,	4.05,	nan,	90,	2
17,	1,	5,	2,	85,	uso_300ms_62.wav,	3,	211.70495399998495,	5.16,	nan,	90,	2
17,	1,	5,	2,	86,	uso_300ms_56.wav,	5,	261.8319189999851,	6.83,	nan,	90,	2
17,	1,	5,	2,	87,	uso_300ms_36.wav,	5,	261.9159679999846,	6.83,	nan,	90,	2
17,	1,	5,	2,	88,	uso_300ms_49.wav,	5,	338.6261889999849,	9.39,	nan,	90,	2
17,	1,	5,	2,	89,	uso_300ms_40.wav,	5,	290.1653009999843,	7.77,	nan,	90,	2
17,	1,	5,	2,	90,	uso_300ms_22.wav,	4,	243.56142899998423,	6.22,	nan,	90,	2
