sub_id,cond_id,block_id,task_id,event_id,stim_id,speaker_id,led_id,led_distance,response_time,n_reps,isi
17,	1,	4,	2,	1,	uso_300ms_38.wav,	3,	238,	6.03,	3.174180507659912,	15,	0.3
17,	1,	4,	2,	2,	uso_300ms_65.wav,	1,	184,	4.23,	1.5253303050994873,	15,	0.3
17,	1,	4,	2,	3,	uso_300ms_28.wav,	2,	238,	6.03,	1.8777697086334229,	15,	0.3
17,	1,	4,	2,	4,	uso_300ms_19.wav,	5,	296,	7.97,	2.3826844692230225,	15,	0.3
17,	1,	4,	2,	5,	uso_300ms_75.wav,	4,	257,	6.67,	1.8992440700531006,	15,	0.3
17,	1,	4,	2,	6,	uso_300ms_53.wav,	1,	179,	4.07,	2.461398124694824,	15,	0.3
17,	1,	4,	2,	7,	uso_300ms_60.wav,	5,	314,	8.57,	2.1802029609680176,	15,	0.3
17,	1,	4,	2,	8,	uso_300ms_17.wav,	3,	227,	5.67,	2.3584132194519043,	15,	0.3
17,	1,	4,	2,	9,	uso_300ms_11.wav,	2,	262,	6.83,	2.200387716293335,	15,	0.3
17,	1,	4,	2,	10,	uso_300ms_87.wav,	4,	328,	9.03,	2.6604597568511963,	15,	0.3
17,	1,	4,	2,	11,	uso_300ms_59.wav,	2,	199,	4.73,	2.3694229125976562,	15,	0.3
17,	1,	4,	2,	12,	uso_300ms_2.wav,	4,	258,	6.7,	2.628878355026245,	15,	0.3
17,	1,	4,	2,	13,	uso_300ms_39.wav,	1,	209,	5.07,	2.6265671253204346,	15,	0.3
17,	1,	4,	2,	14,	uso_300ms_69.wav,	5,	340,	9.43,	2.5561060905456543,	15,	0.3
17,	1,	4,	2,	15,	uso_300ms_69.wav,	3,	300,	8.1,	3.145359992980957,	15,	0.3
17,	1,	4,	2,	16,	uso_300ms_13.wav,	1,	167,	3.67,	2.4555466175079346,	15,	0.3
17,	1,	4,	2,	17,	uso_300ms_97.wav,	5,	250,	6.43,	2.1804888248443604,	15,	0.3
17,	1,	4,	2,	18,	uso_300ms_26.wav,	3,	207,	5.0,	2.210899829864502,	15,	0.3
17,	1,	4,	2,	19,	uso_300ms_82.wav,	2,	248,	6.37,	2.445873260498047,	15,	0.3
17,	1,	4,	2,	20,	uso_300ms_45.wav,	4,	278,	7.37,	2.9153826236724854,	15,	0.3
17,	1,	4,	2,	21,	uso_300ms_89.wav,	3,	216,	5.3,	2.3706085681915283,	15,	0.3
17,	1,	4,	2,	22,	uso_300ms_39.wav,	2,	185,	4.27,	2.443593978881836,	15,	0.3
17,	1,	4,	2,	23,	uso_300ms_53.wav,	4,	332,	9.17,	2.8063619136810303,	15,	0.3
17,	1,	4,	2,	24,	uso_300ms_63.wav,	1,	153,	3.2,	2.4864113330841064,	15,	0.3
17,	1,	4,	2,	25,	uso_300ms_2.wav,	5,	262,	6.83,	2.639122247695923,	15,	0.3
17,	1,	4,	2,	26,	uso_300ms_2.wav,	3,	216,	5.3,	2.343560218811035,	15,	0.3
17,	1,	4,	2,	27,	uso_300ms_49.wav,	5,	333,	9.2,	2.4950826168060303,	15,	0.3
17,	1,	4,	2,	28,	uso_300ms_12.wav,	4,	237,	6.0,	2.5543668270111084,	15,	0.3
17,	1,	4,	2,	29,	uso_300ms_19.wav,	2,	189,	4.4,	2.605307102203369,	15,	0.3
17,	1,	4,	2,	30,	uso_300ms_96.wav,	1,	160,	3.43,	2.2785401344299316,	15,	0.3
17,	1,	4,	2,	31,	uso_300ms_23.wav,	3,	251,	6.47,	2.797675371170044,	15,	0.3
17,	1,	4,	2,	32,	uso_300ms_100.wav,	2,	216,	5.3,	3.0224387645721436,	15,	0.3
17,	1,	4,	2,	33,	uso_300ms_35.wav,	4,	379,	10.73,	3.241532325744629,	15,	0.3
17,	1,	4,	2,	34,	uso_300ms_49.wav,	1,	160,	3.43,	2.834559917449951,	15,	0.3
17,	1,	4,	2,	35,	uso_300ms_87.wav,	5,	315,	8.6,	3.265773296356201,	15,	0.3
17,	1,	4,	2,	36,	uso_300ms_18.wav,	3,	207,	5.0,	2.926710367202759,	15,	0.3
17,	1,	4,	2,	37,	uso_300ms_48.wav,	4,	271,	7.13,	2.4228460788726807,	15,	0.3
17,	1,	4,	2,	38,	uso_300ms_28.wav,	2,	206,	4.97,	2.797421932220459,	15,	0.3
17,	1,	4,	2,	39,	uso_300ms_72.wav,	1,	170,	3.77,	2.77713680267334,	15,	0.3
17,	1,	4,	2,	40,	uso_300ms_73.wav,	5,	366,	10.3,	3.1792407035827637,	15,	0.3
17,	1,	4,	2,	41,	uso_300ms_71.wav,	4,	321,	8.8,	2.7555224895477295,	15,	0.3
17,	1,	4,	2,	42,	uso_300ms_26.wav,	5,	283,	7.53,	2.78120756149292,	15,	0.3
17,	1,	4,	2,	43,	uso_300ms_23.wav,	1,	178,	4.03,	2.74402117729187,	15,	0.3
17,	1,	4,	2,	44,	uso_300ms_11.wav,	3,	265,	6.93,	2.9556703567504883,	15,	0.3
17,	1,	4,	2,	45,	uso_300ms_44.wav,	2,	220,	5.43,	2.717833995819092,	15,	0.3
17,	1,	4,	2,	46,	uso_300ms_46.wav,	1,	196,	4.63,	2.8610165119171143,	15,	0.3
17,	1,	4,	2,	47,	uso_300ms_47.wav,	3,	288,	7.7,	3.1946213245391846,	15,	0.3
17,	1,	4,	2,	48,	uso_300ms_60.wav,	2,	232,	5.83,	2.222940683364868,	15,	0.3
17,	1,	4,	2,	49,	uso_300ms_11.wav,	4,	308,	8.37,	3.022584915161133,	15,	0.3
17,	1,	4,	2,	50,	uso_300ms_66.wav,	5,	330,	9.1,	2.681894540786743,	15,	0.3
17,	1,	4,	2,	51,	uso_300ms_1.wav,	4,	330,	9.1,	2.1715314388275146,	15,	0.3
17,	1,	4,	2,	52,	uso_300ms_38.wav,	3,	256,	6.63,	2.8165194988250732,	15,	0.3
17,	1,	4,	2,	53,	uso_300ms_22.wav,	2,	247,	6.33,	2.9798781871795654,	15,	0.3
17,	1,	4,	2,	54,	uso_300ms_61.wav,	1,	228,	5.7,	3.804408311843872,	15,	0.3
17,	1,	4,	2,	55,	uso_300ms_52.wav,	5,	283,	7.53,	3.3577404022216797,	15,	0.3
17,	1,	4,	2,	56,	uso_300ms_24.wav,	4,	285,	7.6,	3.8990132808685303,	15,	0.3
17,	1,	4,	2,	57,	uso_300ms_17.wav,	3,	207,	5.0,	2.9534006118774414,	15,	0.3
17,	1,	4,	2,	58,	uso_300ms_19.wav,	1,	163,	3.53,	2.527196168899536,	15,	0.3
17,	1,	4,	2,	59,	uso_300ms_83.wav,	2,	202,	4.83,	2.4334945678710938,	15,	0.3
17,	1,	4,	2,	60,	uso_300ms_76.wav,	5,	332,	9.17,	2.9376039505004883,	15,	0.3
17,	1,	4,	2,	61,	uso_300ms_48.wav,	4,	302,	8.17,	2.563706636428833,	15,	0.3
17,	1,	4,	2,	62,	uso_300ms_35.wav,	1,	224,	5.57,	3.1052000522613525,	15,	0.3
17,	1,	4,	2,	63,	uso_300ms_63.wav,	3,	275,	7.27,	2.6183066368103027,	15,	0.3
17,	1,	4,	2,	64,	uso_300ms_81.wav,	2,	230,	5.77,	3.1112477779388428,	15,	0.3
17,	1,	4,	2,	65,	uso_300ms_3.wav,	5,	324,	8.9,	3.069733142852783,	15,	0.3
17,	1,	4,	2,	66,	uso_300ms_4.wav,	1,	195,	4.6,	3.276965856552124,	15,	0.3
17,	1,	4,	2,	67,	uso_300ms_61.wav,	2,	213,	5.2,	2.253906488418579,	15,	0.3
17,	1,	4,	2,	68,	uso_300ms_59.wav,	5,	277,	7.33,	2.6921215057373047,	15,	0.3
17,	1,	4,	2,	69,	uso_300ms_17.wav,	3,	232,	5.83,	2.696040153503418,	15,	0.3
17,	1,	4,	2,	70,	uso_300ms_49.wav,	4,	258,	6.7,	2.815772294998169,	15,	0.3
17,	1,	4,	2,	71,	uso_300ms_3.wav,	2,	288,	7.7,	3.2481558322906494,	15,	0.3
17,	1,	4,	2,	72,	uso_300ms_66.wav,	1,	179,	4.07,	2.798283100128174,	15,	0.3
17,	1,	4,	2,	73,	uso_300ms_26.wav,	3,	221,	5.47,	2.3647475242614746,	15,	0.3
17,	1,	4,	2,	74,	uso_300ms_3.wav,	5,	350,	9.77,	3.228464365005493,	15,	0.3
17,	1,	4,	2,	75,	uso_300ms_90.wav,	4,	284,	7.57,	3.087547540664673,	15,	0.3
