sub_id,cond_id,block_id,task_id,event_id,stim_id,speaker_id,led_id,led_distance,response_time,n_reps,isi
17,	1,	1,	2,	1,	uso_300ms_79.wav,	2,	349,	9.73,	0.20064949989318848,	15,	0.3
17,	1,	1,	2,	2,	uso_300ms_73.wav,	4,	291,	7.8,	5.483795642852783,	15,	0.3
17,	1,	1,	2,	3,	uso_300ms_67.wav,	1,	202,	4.83,	5.071911573410034,	15,	0.3
17,	1,	1,	2,	4,	uso_300ms_82.wav,	3,	257,	6.67,	4.5969836711883545,	15,	0.3
17,	1,	1,	2,	5,	uso_300ms_78.wav,	5,	281,	7.47,	4.711541175842285,	15,	0.3
17,	1,	1,	2,	6,	uso_300ms_33.wav,	1,	169,	3.73,	6.877805233001709,	15,	0.3
17,	1,	1,	2,	7,	uso_300ms_23.wav,	5,	241,	6.13,	5.85296630859375,	15,	0.3
17,	1,	1,	2,	8,	uso_300ms_23.wav,	3,	283,	7.53,	5.374072074890137,	15,	0.3
17,	1,	1,	2,	9,	uso_300ms_88.wav,	4,	225,	5.6,	6.381157636642456,	15,	0.3
17,	1,	1,	2,	10,	uso_300ms_71.wav,	2,	179,	4.07,	5.098210573196411,	15,	0.3
17,	1,	1,	2,	11,	uso_300ms_80.wav,	1,	194,	4.57,	5.266844749450684,	15,	0.3
17,	1,	1,	2,	12,	uso_300ms_86.wav,	3,	274,	7.23,	5.346312761306763,	15,	0.3
17,	1,	1,	2,	13,	uso_300ms_54.wav,	2,	215,	5.27,	5.608074426651001,	15,	0.3
17,	1,	1,	2,	14,	uso_300ms_56.wav,	5,	339,	9.4,	5.6814796924591064,	15,	0.3
17,	1,	1,	2,	15,	uso_300ms_47.wav,	4,	265,	6.93,	4.73021125793457,	15,	0.3
17,	1,	1,	2,	16,	uso_300ms_82.wav,	5,	394,	11.23,	5.077617168426514,	15,	0.3
17,	1,	1,	2,	17,	uso_300ms_30.wav,	1,	150,	3.1,	3.6160669326782227,	15,	0.3
17,	1,	1,	2,	18,	uso_300ms_96.wav,	4,	242,	6.17,	5.763676643371582,	15,	0.3
17,	1,	1,	2,	19,	uso_300ms_99.wav,	2,	182,	4.17,	6.358265161514282,	15,	0.3
17,	1,	1,	2,	20,	uso_300ms_34.wav,	3,	217,	5.33,	3.909127712249756,	15,	0.3
17,	1,	1,	2,	21,	uso_300ms_63.wav,	5,	278,	7.37,	5.471210718154907,	15,	0.3
17,	1,	1,	2,	22,	uso_300ms_98.wav,	1,	158,	3.37,	5.626205682754517,	15,	0.3
17,	1,	1,	2,	23,	uso_300ms_98.wav,	2,	231,	5.8,	8.061767578125,	15,	0.3
17,	1,	1,	2,	24,	uso_300ms_9.wav,	3,	192,	4.5,	5.2784223556518555,	15,	0.3
17,	1,	1,	2,	25,	uso_300ms_44.wav,	4,	266,	6.97,	5.511441946029663,	15,	0.3
17,	1,	1,	2,	26,	uso_300ms_50.wav,	3,	214,	5.23,	3.378873586654663,	15,	0.3
17,	1,	1,	2,	27,	uso_300ms_17.wav,	5,	360,	10.1,	9.441919088363647,	15,	0.3
17,	1,	1,	2,	28,	uso_300ms_14.wav,	1,	147,	3.0,	4.668500900268555,	15,	0.3
17,	1,	1,	2,	29,	uso_300ms_71.wav,	4,	283,	7.53,	7.500106573104858,	15,	0.3
17,	1,	1,	2,	30,	uso_300ms_64.wav,	2,	204,	4.9,	3.4456465244293213,	15,	0.3
17,	1,	1,	2,	31,	uso_300ms_85.wav,	1,	136,	2.63,	2.807002305984497,	15,	0.3
17,	1,	1,	2,	32,	uso_300ms_71.wav,	4,	288,	7.7,	5.938599586486816,	15,	0.3
17,	1,	1,	2,	33,	uso_300ms_59.wav,	2,	195,	4.6,	5.279638051986694,	15,	0.3
17,	1,	1,	2,	34,	uso_300ms_68.wav,	5,	284,	7.57,	5.280426025390625,	15,	0.3
17,	1,	1,	2,	35,	uso_300ms_47.wav,	3,	138,	2.7,	6.183962821960449,	15,	0.3
17,	1,	1,	2,	36,	uso_300ms_28.wav,	1,	148,	3.03,	4.61643123626709,	15,	0.3
17,	1,	1,	2,	37,	uso_300ms_55.wav,	4,	250,	6.43,	5.116974353790283,	15,	0.3
17,	1,	1,	2,	38,	uso_300ms_51.wav,	2,	223,	5.53,	5.335489749908447,	15,	0.3
17,	1,	1,	2,	39,	uso_300ms_8.wav,	5,	353,	9.87,	4.508171796798706,	15,	0.3
17,	1,	1,	2,	40,	uso_300ms_40.wav,	3,	252,	6.5,	3.7889678478240967,	15,	0.3
17,	1,	1,	2,	41,	uso_300ms_40.wav,	4,	344,	9.57,	6.36580753326416,	15,	0.3
17,	1,	1,	2,	42,	uso_300ms_19.wav,	5,	274,	7.23,	6.908787727355957,	15,	0.3
17,	1,	1,	2,	43,	uso_300ms_71.wav,	2,	207,	5.0,	5.864820241928101,	15,	0.3
17,	1,	1,	2,	44,	uso_300ms_94.wav,	3,	243,	6.2,	4.111835479736328,	15,	0.3
17,	1,	1,	2,	45,	uso_300ms_13.wav,	1,	138,	2.7,	3.8823931217193604,	15,	0.3
17,	1,	1,	2,	46,	uso_300ms_26.wav,	4,	279,	7.4,	6.29845118522644,	15,	0.3
17,	1,	1,	2,	47,	uso_300ms_43.wav,	1,	136,	2.63,	3.016582727432251,	15,	0.3
17,	1,	1,	2,	48,	uso_300ms_75.wav,	3,	227,	5.67,	7.416471719741821,	15,	0.3
17,	1,	1,	2,	49,	uso_300ms_50.wav,	5,	378,	10.7,	3.635387897491455,	15,	0.3
17,	1,	1,	2,	50,	uso_300ms_48.wav,	2,	235,	5.93,	3.697347640991211,	15,	0.3
17,	1,	1,	2,	51,	uso_300ms_35.wav,	3,	410,	11.77,	4.419159889221191,	15,	0.3
17,	1,	1,	2,	52,	uso_300ms_28.wav,	4,	262,	6.83,	5.283308029174805,	15,	0.3
17,	1,	1,	2,	53,	uso_300ms_39.wav,	5,	390,	11.1,	4.120007276535034,	15,	0.3
17,	1,	1,	2,	54,	uso_300ms_69.wav,	2,	178,	4.03,	3.972073554992676,	15,	0.3
17,	1,	1,	2,	55,	uso_300ms_47.wav,	1,	196,	4.63,	5.219241380691528,	15,	0.3
17,	1,	1,	2,	56,	uso_300ms_74.wav,	5,	330,	9.1,	2.943385601043701,	15,	0.3
17,	1,	1,	2,	57,	uso_300ms_72.wav,	4,	330,	9.1,	5.26988410949707,	15,	0.3
17,	1,	1,	2,	58,	uso_300ms_73.wav,	3,	250,	6.43,	5.525412082672119,	15,	0.3
17,	1,	1,	2,	59,	uso_300ms_18.wav,	1,	149,	3.07,	5.306699514389038,	15,	0.3
17,	1,	1,	2,	60,	uso_300ms_30.wav,	2,	203,	4.87,	5.605024337768555,	15,	0.3
17,	1,	1,	2,	61,	uso_300ms_71.wav,	1,	216,	5.3,	6.037140130996704,	15,	0.3
17,	1,	1,	2,	62,	uso_300ms_32.wav,	3,	272,	7.17,	5.700280427932739,	15,	0.3
17,	1,	1,	2,	63,	uso_300ms_1.wav,	4,	247,	6.33,	6.531188726425171,	15,	0.3
17,	1,	1,	2,	64,	uso_300ms_42.wav,	2,	202,	4.83,	4.821662664413452,	15,	0.3
17,	1,	1,	2,	65,	uso_300ms_38.wav,	5,	256,	6.63,	4.890342712402344,	15,	0.3
17,	1,	1,	2,	66,	uso_300ms_97.wav,	2,	159,	3.4,	4.1265482902526855,	15,	0.3
17,	1,	1,	2,	67,	uso_300ms_6.wav,	3,	193,	4.53,	5.277763605117798,	15,	0.3
17,	1,	1,	2,	68,	uso_300ms_96.wav,	5,	235,	5.93,	6.49062705039978,	15,	0.3
17,	1,	1,	2,	69,	uso_300ms_16.wav,	4,	260,	6.77,	6.377962112426758,	15,	0.3
17,	1,	1,	2,	70,	uso_300ms_65.wav,	1,	168,	3.7,	6.154936075210571,	15,	0.3
17,	1,	1,	2,	71,	uso_300ms_88.wav,	2,	206,	4.97,	5.692049980163574,	15,	0.3
17,	1,	1,	2,	72,	uso_300ms_93.wav,	3,	239,	6.07,	6.188974618911743,	15,	0.3
17,	1,	1,	2,	73,	uso_300ms_31.wav,	1,	182,	4.17,	6.719586372375488,	15,	0.3
17,	1,	1,	2,	74,	uso_300ms_66.wav,	5,	296,	7.97,	6.543256759643555,	15,	0.3
17,	1,	1,	2,	75,	uso_300ms_29.wav,	4,	274,	7.23,	5.224298715591431,	15,	0.3
