sub_id,cond_id,block_id,task_id,event_id,stim_id,speaker_id,led_id,led_distance,response_time,n_reps,isi
17,	1,	3,	2,	1,	uso_300ms_44.wav,	3,	195.22264199999992,	4.61,	nan,	90,	2
17,	1,	3,	2,	2,	uso_300ms_9.wav,	3,	194.34294499999982,	4.58,	nan,	90,	2
17,	1,	3,	2,	3,	uso_300ms_25.wav,	1,	126.20428699999987,	2.31,	nan,	90,	2
17,	1,	3,	2,	4,	uso_300ms_51.wav,	1,	109.82090600000005,	1.76,	nan,	90,	2
17,	1,	3,	2,	5,	uso_300ms_79.wav,	2,	171.16427900000002,	3.81,	nan,	90,	2
17,	1,	3,	2,	6,	uso_300ms_66.wav,	5,	397.86183399999993,	11.36,	nan,	90,	2
17,	1,	3,	2,	7,	uso_300ms_81.wav,	5,	439.28595100000024,	12.74,	nan,	90,	2
17,	1,	3,	2,	8,	uso_300ms_22.wav,	5,	452.466048000001,	13.18,	nan,	90,	2
17,	1,	3,	2,	9,	uso_300ms_53.wav,	5,	363.82637800000066,	10.23,	nan,	90,	2
17,	1,	3,	2,	10,	uso_300ms_50.wav,	3,	218.34945200000058,	5.38,	nan,	90,	2
17,	1,	3,	2,	11,	uso_300ms_51.wav,	2,	182.97722000000024,	4.2,	nan,	90,	2
17,	1,	3,	2,	12,	uso_300ms_29.wav,	1,	158.66944000000007,	3.39,	nan,	90,	2
17,	1,	3,	2,	13,	uso_300ms_50.wav,	1,	130.56164700000053,	2.45,	nan,	90,	2
17,	1,	3,	2,	14,	uso_300ms_99.wav,	4,	227.51978800000023,	5.68,	nan,	90,	2
17,	1,	3,	2,	15,	uso_300ms_1.wav,	5,	292.7396140000002,	7.86,	nan,	90,	2
17,	1,	3,	2,	16,	uso_300ms_23.wav,	5,	381.3024169999993,	10.81,	nan,	90,	2
17,	1,	3,	2,	17,	uso_300ms_84.wav,	5,	450.3839609999998,	13.11,	nan,	90,	2
17,	1,	3,	2,	18,	uso_300ms_97.wav,	5,	385.91349899999983,	10.96,	nan,	90,	2
17,	1,	3,	2,	19,	uso_300ms_14.wav,	5,	281.56648699999994,	7.49,	nan,	90,	2
17,	1,	3,	2,	20,	uso_300ms_59.wav,	2,	187.61151400000003,	4.35,	nan,	90,	2
17,	1,	3,	2,	21,	uso_300ms_76.wav,	1,	130.20247699999953,	2.44,	nan,	90,	2
17,	1,	3,	2,	22,	uso_300ms_38.wav,	4,	251.37558499999957,	6.48,	nan,	90,	2
17,	1,	3,	2,	23,	uso_300ms_12.wav,	5,	427.3288099999993,	12.34,	nan,	90,	2
17,	1,	3,	2,	24,	uso_300ms_91.wav,	3,	215.7705329999993,	5.29,	nan,	90,	2
17,	1,	3,	2,	25,	uso_300ms_67.wav,	1,	83.67181799999915,	0.89,	nan,	90,	2
17,	1,	3,	2,	26,	uso_300ms_40.wav,	3,	202.28228199999907,	4.84,	nan,	90,	2
17,	1,	3,	2,	27,	uso_300ms_85.wav,	5,	372.84467399999846,	10.53,	nan,	90,	2
17,	1,	3,	2,	28,	uso_300ms_35.wav,	5,	452.14133199999833,	13.17,	nan,	90,	2
17,	1,	3,	2,	29,	uso_300ms_45.wav,	2,	191.5448559999984,	4.48,	nan,	90,	2
17,	1,	3,	2,	30,	uso_300ms_63.wav,	1,	128.05553499999846,	2.37,	nan,	90,	2
17,	1,	3,	2,	31,	uso_300ms_68.wav,	1,	153.48618499999844,	3.22,	nan,	90,	2
17,	1,	3,	2,	32,	uso_300ms_41.wav,	3,	218.84311299999865,	5.39,	nan,	90,	2
17,	1,	3,	2,	33,	uso_300ms_12.wav,	5,	440.3891929999988,	12.78,	nan,	90,	2
17,	1,	3,	2,	34,	uso_300ms_43.wav,	1,	86.06488699999846,	0.97,	nan,	90,	2
17,	1,	3,	2,	35,	uso_300ms_31.wav,	4,	236.55448499999872,	5.99,	nan,	90,	2
17,	1,	3,	2,	36,	uso_300ms_7.wav,	5,	451.4537149999988,	13.15,	nan,	90,	2
17,	1,	3,	2,	37,	uso_300ms_96.wav,	5,	304.877025999999,	8.26,	nan,	90,	2
17,	1,	3,	2,	38,	uso_300ms_84.wav,	1,	89.88274999999877,	1.1,	nan,	90,	2
17,	1,	3,	2,	39,	uso_300ms_63.wav,	5,	377.56270899999885,	10.69,	nan,	90,	2
17,	1,	3,	2,	40,	uso_300ms_4.wav,	5,	452.2938689999991,	13.18,	nan,	90,	2
17,	1,	3,	2,	41,	uso_300ms_56.wav,	5,	304.281003999999,	8.24,	nan,	90,	2
17,	1,	3,	2,	42,	uso_300ms_21.wav,	3,	221.56672199999926,	5.49,	nan,	90,	2
17,	1,	3,	2,	43,	uso_300ms_37.wav,	1,	133.79897200000008,	2.56,	nan,	90,	2
17,	1,	3,	2,	44,	uso_300ms_87.wav,	5,	376.39743999999985,	10.65,	nan,	90,	2
17,	1,	3,	2,	45,	uso_300ms_28.wav,	5,	450.08489299999917,	13.1,	nan,	90,	2
17,	1,	3,	2,	46,	uso_300ms_59.wav,	5,	254.63470799999916,	6.59,	nan,	90,	2
17,	1,	3,	2,	47,	uso_300ms_8.wav,	1,	154.4029679999989,	3.25,	nan,	90,	2
17,	1,	3,	2,	48,	uso_300ms_50.wav,	4,	225.92200299999917,	5.63,	nan,	90,	2
17,	1,	3,	2,	49,	uso_300ms_70.wav,	5,	361.9676539999991,	10.17,	nan,	90,	2
17,	1,	3,	2,	50,	uso_300ms_37.wav,	4,	244.04950399999822,	6.23,	nan,	90,	2
17,	1,	3,	2,	51,	uso_300ms_49.wav,	2,	181.99109499999832,	4.17,	nan,	90,	2
17,	1,	3,	2,	52,	uso_300ms_10.wav,	4,	236.61908099999846,	5.99,	nan,	90,	2
17,	1,	3,	2,	53,	uso_300ms_60.wav,	5,	365.39117199999873,	10.28,	nan,	90,	2
17,	1,	3,	2,	54,	uso_300ms_75.wav,	2,	186.3378639999988,	4.31,	nan,	90,	2
17,	1,	3,	2,	55,	uso_300ms_20.wav,	5,	259.27899099999877,	6.74,	nan,	90,	2
17,	1,	3,	2,	56,	uso_300ms_40.wav,	3,	221.88753899999844,	5.5,	nan,	90,	2
17,	1,	3,	2,	57,	uso_300ms_4.wav,	2,	164.36905699999858,	3.58,	nan,	90,	2
17,	1,	3,	2,	58,	uso_300ms_60.wav,	3,	209.40821199999843,	5.08,	nan,	90,	2
17,	1,	3,	2,	59,	uso_300ms_11.wav,	4,	247.13756099999867,	6.34,	nan,	90,	2
17,	1,	3,	2,	60,	uso_300ms_8.wav,	5,	303.65297099999896,	8.22,	nan,	90,	2
17,	1,	3,	2,	61,	uso_300ms_1.wav,	5,	367.73785900000064,	10.36,	nan,	90,	2
17,	1,	3,	2,	62,	uso_300ms_80.wav,	5,	256.31556900000095,	6.64,	nan,	90,	2
17,	1,	3,	2,	63,	uso_300ms_80.wav,	4,	224.32069000000095,	5.58,	nan,	90,	2
17,	1,	3,	2,	64,	uso_300ms_46.wav,	3,	195.4789190000018,	4.62,	nan,	90,	2
17,	1,	3,	2,	65,	uso_300ms_75.wav,	2,	173.78029800000175,	3.89,	nan,	90,	2
17,	1,	3,	2,	66,	uso_300ms_95.wav,	2,	171.0006750000017,	3.8,	nan,	90,	2
17,	1,	3,	2,	67,	uso_300ms_22.wav,	3,	209.15237600000205,	5.07,	nan,	90,	2
17,	1,	3,	2,	68,	uso_300ms_79.wav,	4,	245.94411700000202,	6.3,	nan,	90,	2
17,	1,	3,	2,	69,	uso_300ms_91.wav,	5,	278.728155000001,	7.39,	nan,	90,	2
17,	1,	3,	2,	70,	uso_300ms_99.wav,	4,	237.81281200000012,	6.03,	nan,	90,	2
17,	1,	3,	2,	71,	uso_300ms_7.wav,	3,	208.4332870000002,	5.05,	nan,	90,	2
17,	1,	3,	2,	72,	uso_300ms_53.wav,	2,	170.0152710000008,	3.77,	nan,	90,	2
17,	1,	3,	2,	73,	uso_300ms_63.wav,	3,	192.23824100000056,	4.51,	nan,	90,	2
17,	1,	3,	2,	74,	uso_300ms_95.wav,	3,	221.98137400000067,	5.5,	nan,	90,	2
17,	1,	3,	2,	75,	uso_300ms_22.wav,	5,	273.55040200000093,	7.22,	nan,	90,	2
17,	1,	3,	2,	76,	uso_300ms_59.wav,	1,	143.15736300000142,	2.87,	nan,	90,	2
17,	1,	3,	2,	77,	uso_300ms_31.wav,	1,	120.19550800000134,	2.11,	nan,	90,	2
17,	1,	3,	2,	78,	uso_300ms_1.wav,	2,	188.63050400000142,	4.39,	nan,	90,	2
17,	1,	3,	2,	79,	uso_300ms_47.wav,	4,	228.85568200000105,	5.73,	nan,	90,	2
17,	1,	3,	2,	80,	uso_300ms_71.wav,	5,	268.21236300000066,	7.04,	nan,	90,	2
17,	1,	3,	2,	81,	uso_300ms_49.wav,	4,	247.02908900000128,	6.33,	nan,	90,	2
17,	1,	3,	2,	82,	uso_300ms_54.wav,	3,	201.86913500000122,	4.83,	nan,	90,	2
17,	1,	3,	2,	83,	uso_300ms_50.wav,	1,	161.6010120000013,	3.49,	nan,	90,	2
17,	1,	3,	2,	84,	uso_300ms_30.wav,	1,	154.7475850000013,	3.26,	nan,	90,	2
17,	1,	3,	2,	85,	uso_300ms_34.wav,	3,	200.63952200000153,	4.79,	nan,	90,	2
17,	1,	3,	2,	86,	uso_300ms_67.wav,	5,	262.3761130000006,	6.85,	nan,	90,	2
17,	1,	3,	2,	87,	uso_300ms_65.wav,	5,	325.90819000000226,	8.96,	nan,	90,	2
17,	1,	3,	2,	88,	uso_300ms_52.wav,	5,	312.22111100000285,	8.51,	nan,	90,	2
17,	1,	3,	2,	89,	uso_300ms_43.wav,	5,	269.3036840000034,	7.08,	nan,	90,	2
17,	1,	3,	2,	90,	uso_300ms_63.wav,	4,	239.95330000000325,	6.1,	nan,	90,	2
