sub_id,cond_id,block_id,task_id,event_id,stim_id,speaker_id,led_id,led_distance,response_time,n_reps,isi
17,	1,	6,	1,	1,	uso_300ms_52.wav,	0,	179,	4.07,	2.6477997303009033,	15,	0.3
17,	1,	6,	1,	2,	uso_300ms_15.wav,	2,	217,	5.33,	2.058952569961548,	15,	0.3
17,	1,	6,	1,	3,	uso_300ms_28.wav,	3,	265,	6.93,	2.796870708465576,	15,	0.3
17,	1,	6,	1,	4,	uso_300ms_26.wav,	6,	286,	7.63,	2.5602757930755615,	15,	0.3
17,	1,	6,	1,	5,	uso_300ms_52.wav,	4,	237,	6.0,	2.2123825550079346,	15,	0.3
17,	1,	6,	1,	6,	uso_300ms_33.wav,	5,	272,	7.17,	1.7671904563903809,	15,	0.3
17,	1,	6,	1,	7,	uso_300ms_61.wav,	1,	201,	4.8,	2.0766217708587646,	15,	0.3
17,	1,	6,	1,	8,	uso_300ms_26.wav,	8,	360,	10.1,	2.653703212738037,	15,	0.3
17,	1,	6,	1,	9,	uso_300ms_47.wav,	9,	373,	10.53,	2.545740842819214,	15,	0.3
17,	1,	6,	1,	10,	uso_300ms_66.wav,	7,	309,	8.4,	2.4295828342437744,	15,	0.3
17,	1,	6,	1,	11,	uso_300ms_96.wav,	10,	393,	11.2,	2.7004899978637695,	15,	0.3
17,	1,	6,	1,	12,	uso_300ms_87.wav,	3,	279,	7.4,	2.059710741043091,	15,	0.3
17,	1,	6,	1,	13,	uso_300ms_1.wav,	1,	215,	5.27,	1.8890163898468018,	15,	0.3
17,	1,	6,	1,	14,	uso_300ms_78.wav,	5,	288,	7.7,	2.409168243408203,	15,	0.3
17,	1,	6,	1,	15,	uso_300ms_76.wav,	4,	288,	7.7,	2.30180287361145,	15,	0.3
17,	1,	6,	1,	16,	uso_300ms_10.wav,	8,	408,	11.7,	3.8070950508117676,	15,	0.3
17,	1,	6,	1,	17,	uso_300ms_49.wav,	10,	368,	10.37,	1.8801159858703613,	15,	0.3
17,	1,	6,	1,	18,	uso_300ms_72.wav,	9,	319,	8.73,	2.8214163780212402,	15,	0.3
17,	1,	6,	1,	19,	uso_300ms_54.wav,	0,	146,	2.97,	2.2266035079956055,	15,	0.3
17,	1,	6,	1,	20,	uso_300ms_12.wav,	7,	268,	7.03,	2.667279005050659,	15,	0.3
17,	1,	6,	1,	21,	uso_300ms_10.wav,	2,	209,	5.07,	2.515463352203369,	15,	0.3
17,	1,	6,	1,	22,	uso_300ms_73.wav,	6,	302,	8.17,	2.5176339149475098,	15,	0.3
17,	1,	6,	1,	23,	uso_300ms_46.wav,	7,	279,	7.4,	2.386202573776245,	15,	0.3
17,	1,	6,	1,	24,	uso_300ms_57.wav,	4,	256,	6.63,	1.1058166027069092,	15,	0.3
17,	1,	6,	1,	25,	uso_300ms_66.wav,	2,	213,	5.2,	2.9882652759552,	15,	0.3
17,	1,	6,	1,	26,	uso_300ms_50.wav,	0,	154,	3.23,	2.7501814365386963,	15,	0.3
17,	1,	6,	1,	27,	uso_300ms_95.wav,	3,	239,	6.07,	2.6168434619903564,	15,	0.3
17,	1,	6,	1,	28,	uso_300ms_18.wav,	10,	368,	10.37,	2.3995988368988037,	15,	0.3
17,	1,	6,	1,	29,	uso_300ms_67.wav,	1,	174,	3.9,	2.8850643634796143,	15,	0.3
17,	1,	6,	1,	30,	uso_300ms_23.wav,	6,	284,	7.57,	2.688598871231079,	15,	0.3
17,	1,	6,	1,	31,	uso_300ms_21.wav,	9,	371,	10.47,	2.101552724838257,	15,	0.3
17,	1,	6,	1,	32,	uso_300ms_39.wav,	8,	371,	10.47,	2.2627389430999756,	15,	0.3
17,	1,	6,	1,	33,	uso_300ms_66.wav,	5,	324,	8.9,	2.786088705062866,	15,	0.3
17,	1,	6,	1,	34,	uso_300ms_80.wav,	3,	269,	7.07,	2.3700175285339355,	15,	0.3
17,	1,	6,	1,	35,	uso_300ms_23.wav,	2,	211,	5.13,	2.0064563751220703,	15,	0.3
17,	1,	6,	1,	36,	uso_300ms_90.wav,	10,	380,	10.77,	3.1995198726654053,	15,	0.3
17,	1,	6,	1,	37,	uso_300ms_14.wav,	0,	131,	2.47,	3.4217472076416016,	15,	0.3
17,	1,	6,	1,	38,	uso_300ms_66.wav,	6,	293,	7.87,	2.2562270164489746,	15,	0.3
17,	1,	6,	1,	39,	uso_300ms_1.wav,	8,	312,	8.5,	2.877164840698242,	15,	0.3
17,	1,	6,	1,	40,	uso_300ms_8.wav,	1,	206,	4.97,	2.5140109062194824,	15,	0.3
17,	1,	6,	1,	41,	uso_300ms_61.wav,	7,	287,	7.67,	3.311990976333618,	15,	0.3
17,	1,	6,	1,	42,	uso_300ms_91.wav,	4,	243,	6.2,	2.648014783859253,	15,	0.3
17,	1,	6,	1,	43,	uso_300ms_61.wav,	5,	286,	7.63,	2.53466534614563,	15,	0.3
17,	1,	6,	1,	44,	uso_300ms_64.wav,	9,	406,	11.63,	3.1694281101226807,	15,	0.3
17,	1,	6,	1,	45,	uso_300ms_8.wav,	8,	364,	10.23,	2.359931230545044,	15,	0.3
17,	1,	6,	1,	46,	uso_300ms_68.wav,	10,	364,	10.23,	2.821323871612549,	15,	0.3
17,	1,	6,	1,	47,	uso_300ms_70.wav,	9,	329,	9.07,	3.761810064315796,	15,	0.3
17,	1,	6,	1,	48,	uso_300ms_53.wav,	2,	243,	6.2,	3.6634891033172607,	15,	0.3
17,	1,	6,	1,	49,	uso_300ms_21.wav,	5,	278,	7.37,	2.826364755630493,	15,	0.3
17,	1,	6,	1,	50,	uso_300ms_7.wav,	4,	210,	5.1,	2.9174630641937256,	15,	0.3
17,	1,	6,	1,	51,	uso_300ms_95.wav,	7,	284,	7.57,	3.345489978790283,	15,	0.3
17,	1,	6,	1,	52,	uso_300ms_12.wav,	0,	148,	3.03,	2.8855953216552734,	15,	0.3
17,	1,	6,	1,	53,	uso_300ms_40.wav,	3,	247,	6.33,	3.400707483291626,	15,	0.3
17,	1,	6,	1,	54,	uso_300ms_84.wav,	6,	274,	7.23,	3.342301607131958,	15,	0.3
17,	1,	6,	1,	55,	uso_300ms_20.wav,	1,	193,	4.53,	2.3488428592681885,	15,	0.3
17,	1,	6,	1,	56,	uso_300ms_66.wav,	3,	233,	5.87,	2.6152985095977783,	15,	0.3
17,	1,	6,	1,	57,	uso_300ms_71.wav,	5,	292,	7.83,	2.3735103607177734,	15,	0.3
17,	1,	6,	1,	58,	uso_300ms_34.wav,	4,	206,	4.97,	2.8703856468200684,	15,	0.3
17,	1,	6,	1,	59,	uso_300ms_41.wav,	1,	160,	3.43,	2.6548171043395996,	15,	0.3
17,	1,	6,	1,	60,	uso_300ms_87.wav,	8,	335,	9.27,	3.037539482116699,	15,	0.3
17,	1,	6,	1,	61,	uso_300ms_93.wav,	0,	134,	2.57,	2.3905365467071533,	15,	0.3
17,	1,	6,	1,	62,	uso_300ms_12.wav,	2,	229,	5.73,	2.758312225341797,	15,	0.3
17,	1,	6,	1,	63,	uso_300ms_72.wav,	10,	344,	9.57,	2.8771862983703613,	15,	0.3
17,	1,	6,	1,	64,	uso_300ms_92.wav,	6,	241,	6.13,	2.246598720550537,	15,	0.3
17,	1,	6,	1,	65,	uso_300ms_85.wav,	7,	241,	6.13,	2.268744945526123,	15,	0.3
17,	1,	6,	1,	66,	uso_300ms_11.wav,	9,	275,	7.27,	2.706812620162964,	15,	0.3
17,	1,	6,	1,	67,	uso_300ms_76.wav,	7,	285,	7.6,	3.215571641921997,	15,	0.3
17,	1,	6,	1,	68,	uso_300ms_89.wav,	9,	288,	7.7,	3.2904279232025146,	15,	0.3
17,	1,	6,	1,	69,	uso_300ms_14.wav,	10,	333,	9.2,	2.759359121322632,	15,	0.3
17,	1,	6,	1,	70,	uso_300ms_11.wav,	3,	210,	5.1,	2.609502077102661,	15,	0.3
17,	1,	6,	1,	71,	uso_300ms_91.wav,	0,	145,	2.93,	2.868199348449707,	15,	0.3
17,	1,	6,	1,	72,	uso_300ms_6.wav,	8,	275,	7.27,	2.7526233196258545,	15,	0.3
17,	1,	6,	1,	73,	uso_300ms_58.wav,	2,	198,	4.7,	2.61568284034729,	15,	0.3
17,	1,	6,	1,	74,	uso_300ms_13.wav,	4,	261,	6.8,	2.9863221645355225,	15,	0.3
17,	1,	6,	1,	75,	uso_300ms_74.wav,	1,	178,	4.03,	2.90517520904541,	15,	0.3
17,	1,	6,	1,	76,	uso_300ms_27.wav,	5,	252,	6.5,	2.931480646133423,	15,	0.3
17,	1,	6,	1,	77,	uso_300ms_88.wav,	6,	322,	8.83,	2.813035249710083,	15,	0.3
17,	1,	6,	1,	78,	uso_300ms_25.wav,	1,	158,	3.37,	2.330247640609741,	15,	0.3
17,	1,	6,	1,	79,	uso_300ms_58.wav,	0,	127,	2.33,	2.4783411026000977,	15,	0.3
17,	1,	6,	1,	80,	uso_300ms_39.wav,	8,	361,	10.13,	2.907163143157959,	15,	0.3
17,	1,	6,	1,	81,	uso_300ms_47.wav,	10,	334,	9.23,	2.89919114112854,	15,	0.3
17,	1,	6,	1,	82,	uso_300ms_37.wav,	2,	207,	5.0,	2.251694679260254,	15,	0.3
17,	1,	6,	1,	83,	uso_300ms_72.wav,	6,	273,	7.2,	2.442049980163574,	15,	0.3
17,	1,	6,	1,	84,	uso_300ms_36.wav,	5,	294,	7.9,	2.4405250549316406,	15,	0.3
17,	1,	6,	1,	85,	uso_300ms_62.wav,	7,	332,	9.17,	2.423518419265747,	15,	0.3
17,	1,	6,	1,	86,	uso_300ms_49.wav,	3,	246,	6.3,	2.9264984130859375,	15,	0.3
17,	1,	6,	1,	87,	uso_300ms_10.wav,	4,	218,	5.37,	2.7125415802001953,	15,	0.3
17,	1,	6,	1,	88,	uso_300ms_5.wav,	9,	295,	7.93,	2.842228412628174,	15,	0.3
17,	1,	6,	1,	89,	uso_300ms_77.wav,	8,	320,	8.77,	2.461207866668701,	15,	0.3
17,	1,	6,	1,	90,	uso_300ms_64.wav,	5,	271,	7.13,	2.4824817180633545,	15,	0.3
17,	1,	6,	1,	91,	uso_300ms_63.wav,	0,	116,	1.97,	2.5660781860351562,	15,	0.3
17,	1,	6,	1,	92,	uso_300ms_53.wav,	10,	382,	10.83,	2.633733034133911,	15,	0.3
17,	1,	6,	1,	93,	uso_300ms_37.wav,	2,	227,	5.67,	2.3023324012756348,	15,	0.3
17,	1,	6,	1,	94,	uso_300ms_60.wav,	6,	291,	7.8,	2.1794958114624023,	15,	0.3
17,	1,	6,	1,	95,	uso_300ms_15.wav,	7,	322,	8.83,	2.2949378490448,	15,	0.3
17,	1,	6,	1,	96,	uso_300ms_82.wav,	1,	185,	4.27,	3.24577260017395,	15,	0.3
17,	1,	6,	1,	97,	uso_300ms_25.wav,	3,	232,	5.83,	2.308473587036133,	15,	0.3
17,	1,	6,	1,	98,	uso_300ms_77.wav,	9,	353,	9.87,	2.476879119873047,	15,	0.3
17,	1,	6,	1,	99,	uso_300ms_71.wav,	4,	249,	6.4,	2.254800796508789,	15,	0.3
17,	1,	6,	1,	100,	uso_300ms_70.wav,	1,	170,	3.77,	2.234340190887451,	15,	0.3
17,	1,	6,	1,	101,	uso_300ms_22.wav,	5,	266,	6.97,	2.6394803524017334,	15,	0.3
17,	1,	6,	1,	102,	uso_300ms_13.wav,	10,	345,	9.6,	2.690112352371216,	15,	0.3
17,	1,	6,	1,	103,	uso_300ms_7.wav,	4,	222,	5.5,	2.4971413612365723,	15,	0.3
17,	1,	6,	1,	104,	uso_300ms_65.wav,	6,	247,	6.33,	2.4220993518829346,	15,	0.3
17,	1,	6,	1,	105,	uso_300ms_19.wav,	2,	193,	4.53,	2.5518176555633545,	15,	0.3
17,	1,	6,	1,	106,	uso_300ms_44.wav,	3,	232,	5.83,	2.344871997833252,	15,	0.3
17,	1,	6,	1,	107,	uso_300ms_38.wav,	0,	140,	2.77,	2.7832655906677246,	15,	0.3
17,	1,	6,	1,	108,	uso_300ms_1.wav,	9,	340,	9.43,	2.9672179222106934,	15,	0.3
17,	1,	6,	1,	109,	uso_300ms_45.wav,	8,	261,	6.8,	2.6819002628326416,	15,	0.3
17,	1,	6,	1,	110,	uso_300ms_18.wav,	7,	293,	7.87,	2.7584939002990723,	15,	0.3
17,	1,	6,	1,	111,	uso_300ms_17.wav,	6,	267,	7.0,	3.2729899883270264,	15,	0.3
17,	1,	6,	1,	112,	uso_300ms_90.wav,	2,	193,	4.53,	2.784423589706421,	15,	0.3
17,	1,	6,	1,	113,	uso_300ms_91.wav,	7,	335,	9.27,	2.8084537982940674,	15,	0.3
17,	1,	6,	1,	114,	uso_300ms_37.wav,	8,	279,	7.4,	2.3995935916900635,	15,	0.3
17,	1,	6,	1,	115,	uso_300ms_40.wav,	9,	279,	7.4,	2.469123601913452,	15,	0.3
17,	1,	6,	1,	116,	uso_300ms_69.wav,	5,	243,	6.2,	3.2890541553497314,	15,	0.3
17,	1,	6,	1,	117,	uso_300ms_53.wav,	3,	224,	5.57,	3.2064437866210938,	15,	0.3
17,	1,	6,	1,	118,	uso_300ms_87.wav,	0,	153,	3.2,	2.384760618209839,	15,	0.3
17,	1,	6,	1,	119,	uso_300ms_29.wav,	4,	262,	6.83,	2.7711381912231445,	15,	0.3
17,	1,	6,	1,	120,	uso_300ms_87.wav,	10,	342,	9.5,	2.9212775230407715,	15,	0.3
17,	1,	6,	1,	121,	uso_300ms_46.wav,	1,	206,	4.97,	2.595703363418579,	15,	0.3
17,	1,	6,	1,	122,	uso_300ms_97.wav,	8,	292,	7.83,	2.338240623474121,	15,	0.3
17,	1,	6,	1,	123,	uso_300ms_95.wav,	5,	242,	6.17,	2.4516804218292236,	15,	0.3
17,	1,	6,	1,	124,	uso_300ms_93.wav,	3,	270,	7.1,	3.0079874992370605,	15,	0.3
17,	1,	6,	1,	125,	uso_300ms_11.wav,	1,	188,	4.37,	2.460770845413208,	15,	0.3
17,	1,	6,	1,	126,	uso_300ms_6.wav,	2,	218,	5.37,	2.012038469314575,	15,	0.3
17,	1,	6,	1,	127,	uso_300ms_53.wav,	10,	395,	11.27,	2.8446168899536133,	15,	0.3
17,	1,	6,	1,	128,	uso_300ms_2.wav,	7,	294,	7.9,	2.3032844066619873,	15,	0.3
17,	1,	6,	1,	129,	uso_300ms_89.wav,	6,	272,	7.17,	2.563023090362549,	15,	0.3
17,	1,	6,	1,	130,	uso_300ms_14.wav,	9,	404,	11.57,	3.188411235809326,	15,	0.3
17,	1,	6,	1,	131,	uso_300ms_35.wav,	4,	258,	6.7,	2.792732000350952,	15,	0.3
17,	1,	6,	1,	132,	uso_300ms_60.wav,	0,	164,	3.57,	3.0382814407348633,	15,	0.3
17,	1,	6,	1,	133,	uso_300ms_15.wav,	5,	277,	7.33,	2.469571113586426,	15,	0.3
17,	1,	6,	1,	134,	uso_300ms_76.wav,	9,	391,	11.13,	3.1632983684539795,	15,	0.3
17,	1,	6,	1,	135,	uso_300ms_79.wav,	10,	416,	11.97,	2.3743934631347656,	15,	0.3
17,	1,	6,	1,	136,	uso_300ms_58.wav,	1,	204,	4.9,	2.666947841644287,	15,	0.3
17,	1,	6,	1,	137,	uso_300ms_70.wav,	4,	260,	6.77,	2.702666759490967,	15,	0.3
17,	1,	6,	1,	138,	uso_300ms_70.wav,	0,	164,	3.57,	2.8133974075317383,	15,	0.3
17,	1,	6,	1,	139,	uso_300ms_34.wav,	2,	218,	5.37,	2.9503915309906006,	15,	0.3
17,	1,	6,	1,	140,	uso_300ms_79.wav,	8,	332,	9.17,	2.6480350494384766,	15,	0.3
17,	1,	6,	1,	141,	uso_300ms_11.wav,	3,	244,	6.23,	2.5218615531921387,	15,	0.3
17,	1,	6,	1,	142,	uso_300ms_29.wav,	7,	290,	7.77,	2.6625778675079346,	15,	0.3
17,	1,	6,	1,	143,	uso_300ms_56.wav,	6,	343,	9.53,	2.3703858852386475,	15,	0.3
17,	1,	6,	1,	144,	uso_300ms_86.wav,	1,	188,	4.37,	3.209259033203125,	15,	0.3
17,	1,	6,	1,	145,	uso_300ms_15.wav,	4,	232,	5.83,	2.2886362075805664,	15,	0.3
17,	1,	6,	1,	146,	uso_300ms_80.wav,	8,	308,	8.37,	2.3798251152038574,	15,	0.3
17,	1,	6,	1,	147,	uso_300ms_27.wav,	10,	354,	9.9,	2.5495188236236572,	15,	0.3
17,	1,	6,	1,	148,	uso_300ms_8.wav,	9,	308,	8.37,	3.42791485786438,	15,	0.3
17,	1,	6,	1,	149,	uso_300ms_71.wav,	2,	193,	4.53,	2.6764745712280273,	15,	0.3
17,	1,	6,	1,	150,	uso_300ms_44.wav,	0,	130,	2.43,	2.721360921859741,	15,	0.3
17,	1,	6,	1,	151,	uso_300ms_66.wav,	6,	262,	6.83,	2.5538618564605713,	15,	0.3
17,	1,	6,	1,	152,	uso_300ms_14.wav,	7,	288,	7.7,	2.947155475616455,	15,	0.3
17,	1,	6,	1,	153,	uso_300ms_59.wav,	5,	232,	5.83,	2.882293939590454,	15,	0.3
17,	1,	6,	1,	154,	uso_300ms_70.wav,	3,	190,	4.43,	3.038543701171875,	15,	0.3
17,	1,	6,	1,	155,	uso_300ms_11.wav,	1,	152,	3.17,	2.79315447807312,	15,	0.3
17,	1,	6,	1,	156,	uso_300ms_70.wav,	10,	290,	7.77,	2.9627301692962646,	15,	0.3
17,	1,	6,	1,	157,	uso_300ms_18.wav,	3,	222,	5.5,	2.716055393218994,	15,	0.3
17,	1,	6,	1,	158,	uso_300ms_89.wav,	0,	131,	2.47,	2.456299304962158,	15,	0.3
17,	1,	6,	1,	159,	uso_300ms_34.wav,	7,	259,	6.73,	2.9975383281707764,	15,	0.3
17,	1,	6,	1,	160,	uso_300ms_3.wav,	8,	368,	10.37,	2.6480653285980225,	15,	0.3
17,	1,	6,	1,	161,	uso_300ms_7.wav,	9,	329,	9.07,	2.1880838871002197,	15,	0.3
17,	1,	6,	1,	162,	uso_300ms_51.wav,	6,	282,	7.5,	3.1375577449798584,	15,	0.3
17,	1,	6,	1,	163,	uso_300ms_58.wav,	2,	229,	5.73,	3.069423198699951,	15,	0.3
17,	1,	6,	1,	164,	uso_300ms_74.wav,	5,	278,	7.37,	2.3678133487701416,	15,	0.3
17,	1,	6,	1,	165,	uso_300ms_47.wav,	4,	204,	4.9,	2.585064649581909,	15,	0.3
