sub_id,cond_id,block_id,task_id,event_id,stim_id,speaker_id,led_id,led_distance,response_time,n_reps,isi
19,	1,	3,	2,	1,	uso_300ms_42.wav,	1,	90.04379900000006,	1.1,	nan,	90,	2
19,	1,	3,	2,	2,	uso_300ms_60.wav,	1,	101.80018000000005,	1.49,	nan,	90,	2
19,	1,	3,	2,	3,	uso_300ms_21.wav,	1,	120.16181000000007,	2.11,	nan,	90,	2
19,	1,	3,	2,	4,	uso_300ms_77.wav,	1,	119.30733400000007,	2.08,	nan,	90,	2
19,	1,	3,	2,	5,	uso_300ms_93.wav,	1,	107.5773080000001,	1.69,	nan,	90,	2
19,	1,	3,	2,	6,	uso_300ms_9.wav,	1,	131.74118200000004,	2.49,	nan,	90,	2
19,	1,	3,	2,	7,	uso_300ms_53.wav,	1,	160.504952,	3.45,	nan,	90,	2
19,	1,	3,	2,	8,	uso_300ms_33.wav,	2,	177.00152299999988,	4.0,	nan,	90,	2
19,	1,	3,	2,	9,	uso_300ms_5.wav,	2,	181.0493569999996,	4.13,	nan,	90,	2
19,	1,	3,	2,	10,	uso_300ms_62.wav,	2,	181.0493569999996,	4.13,	nan,	90,	2
19,	1,	3,	2,	11,	uso_300ms_11.wav,	1,	152.14996199999968,	3.17,	nan,	90,	2
19,	1,	3,	2,	12,	uso_300ms_97.wav,	1,	152.50831299999967,	3.18,	nan,	90,	2
19,	1,	3,	2,	13,	uso_300ms_73.wav,	2,	189.75412299999968,	4.43,	nan,	90,	2
19,	1,	3,	2,	14,	uso_300ms_86.wav,	2,	190.51012300000022,	4.45,	nan,	90,	2
19,	1,	3,	2,	15,	uso_300ms_17.wav,	3,	216.52082100000067,	5.32,	nan,	90,	2
19,	1,	3,	2,	16,	uso_300ms_28.wav,	3,	218.01866700000065,	5.37,	nan,	90,	2
19,	1,	3,	2,	17,	uso_300ms_66.wav,	3,	219.0658039999999,	5.4,	nan,	90,	2
19,	1,	3,	2,	18,	uso_300ms_24.wav,	4,	250.1398259999995,	6.44,	nan,	90,	2
19,	1,	3,	2,	19,	uso_300ms_99.wav,	4,	250.69094999999854,	6.46,	nan,	90,	2
19,	1,	3,	2,	20,	uso_300ms_47.wav,	4,	250.99864899999784,	6.47,	nan,	90,	2
19,	1,	3,	2,	21,	uso_300ms_13.wav,	5,	270.611913999998,	7.12,	nan,	90,	2
19,	1,	3,	2,	22,	uso_300ms_70.wav,	5,	270.7564359999978,	7.13,	nan,	90,	2
19,	1,	3,	2,	23,	uso_300ms_10.wav,	5,	270.94195699999756,	7.13,	nan,	90,	2
19,	1,	3,	2,	24,	uso_300ms_62.wav,	5,	297.6812639999972,	8.02,	nan,	90,	2
19,	1,	3,	2,	25,	uso_300ms_59.wav,	5,	298.409228999998,	8.05,	nan,	90,	2
19,	1,	3,	2,	26,	uso_300ms_91.wav,	5,	299.10073099999903,	8.07,	nan,	90,	2
19,	1,	3,	2,	27,	uso_300ms_28.wav,	5,	313.4224160000001,	8.55,	nan,	90,	2
19,	1,	3,	2,	28,	uso_300ms_26.wav,	5,	318.30591000000186,	8.71,	nan,	90,	2
19,	1,	3,	2,	29,	uso_300ms_20.wav,	5,	328.98699300000345,	9.07,	nan,	90,	2
19,	1,	3,	2,	30,	uso_300ms_49.wav,	5,	351.9213450000044,	9.83,	nan,	90,	2
19,	1,	3,	2,	31,	uso_300ms_3.wav,	5,	402.8813520000046,	11.53,	nan,	90,	2
19,	1,	3,	2,	32,	uso_300ms_15.wav,	4,	241.7309500000044,	6.16,	nan,	90,	2
19,	1,	3,	2,	33,	uso_300ms_30.wav,	4,	241.74607000000432,	6.16,	nan,	90,	2
19,	1,	3,	2,	34,	uso_300ms_76.wav,	3,	217.90908900000414,	5.36,	nan,	90,	2
19,	1,	3,	2,	35,	uso_300ms_21.wav,	3,	215.30070700000414,	5.28,	nan,	90,	2
19,	1,	3,	2,	36,	uso_300ms_36.wav,	3,	195.19700100000424,	4.61,	nan,	90,	2
19,	1,	3,	2,	37,	uso_300ms_96.wav,	2,	184.89460400000434,	4.26,	nan,	90,	2
19,	1,	3,	2,	38,	uso_300ms_33.wav,	2,	184.84397300000458,	4.26,	nan,	90,	2
19,	1,	3,	2,	39,	uso_300ms_92.wav,	1,	154.64336200000466,	3.25,	nan,	90,	2
19,	1,	3,	2,	40,	uso_300ms_4.wav,	1,	150.85175600000468,	3.13,	nan,	90,	2
19,	1,	3,	2,	41,	uso_300ms_1.wav,	1,	121.27929000000469,	2.14,	nan,	90,	2
19,	1,	3,	2,	42,	uso_300ms_82.wav,	3,	207.75024100000468,	5.03,	nan,	90,	2
19,	1,	3,	2,	43,	uso_300ms_18.wav,	1,	135.7767940000046,	2.63,	nan,	90,	2
19,	1,	3,	2,	44,	uso_300ms_89.wav,	1,	158.10612200000452,	3.37,	nan,	90,	2
19,	1,	3,	2,	45,	uso_300ms_22.wav,	2,	170.10385600000401,	3.77,	nan,	90,	2
19,	1,	3,	2,	46,	uso_300ms_7.wav,	2,	170.3293820000031,	3.78,	nan,	90,	2
19,	1,	3,	2,	47,	uso_300ms_29.wav,	2,	189.92332700000256,	4.43,	nan,	90,	2
19,	1,	3,	2,	48,	uso_300ms_35.wav,	3,	205.2452140000025,	4.94,	nan,	90,	2
19,	1,	3,	2,	49,	uso_300ms_7.wav,	3,	205.2452140000025,	4.94,	nan,	90,	2
19,	1,	3,	2,	50,	uso_300ms_73.wav,	4,	233.40133500000246,	5.88,	nan,	90,	2
19,	1,	3,	2,	51,	uso_300ms_11.wav,	4,	233.81895500000212,	5.89,	nan,	90,	2
19,	1,	3,	2,	52,	uso_300ms_92.wav,	5,	269.0174190000025,	7.07,	nan,	90,	2
19,	1,	3,	2,	53,	uso_300ms_73.wav,	5,	273.18011600000284,	7.21,	nan,	90,	2
19,	1,	3,	2,	54,	uso_300ms_52.wav,	5,	255.47307000000288,	6.62,	nan,	90,	2
19,	1,	3,	2,	55,	uso_300ms_6.wav,	4,	237.40432000000294,	6.01,	nan,	90,	2
19,	1,	3,	2,	56,	uso_300ms_66.wav,	4,	228.97152500000306,	5.73,	nan,	90,	2
19,	1,	3,	2,	57,	uso_300ms_53.wav,	3,	206.70346100000316,	4.99,	nan,	90,	2
19,	1,	3,	2,	58,	uso_300ms_17.wav,	3,	201.4459500000033,	4.81,	nan,	90,	2
19,	1,	3,	2,	59,	uso_300ms_22.wav,	2,	180.66366400000305,	4.12,	nan,	90,	2
19,	1,	3,	2,	60,	uso_300ms_79.wav,	2,	173.35324900000325,	3.88,	nan,	90,	2
19,	1,	3,	2,	61,	uso_300ms_34.wav,	1,	149.0056810000031,	3.07,	nan,	90,	2
19,	1,	3,	2,	62,	uso_300ms_52.wav,	1,	148.17992600000312,	3.04,	nan,	90,	2
19,	1,	3,	2,	63,	uso_300ms_98.wav,	1,	159.18115400000306,	3.41,	nan,	90,	2
19,	1,	3,	2,	64,	uso_300ms_45.wav,	3,	195.2352910000031,	4.61,	nan,	90,	2
19,	1,	3,	2,	65,	uso_300ms_70.wav,	5,	265.9274580000031,	6.96,	nan,	90,	2
19,	1,	3,	2,	66,	uso_300ms_80.wav,	5,	281.0775300000025,	7.47,	nan,	90,	2
19,	1,	3,	2,	67,	uso_300ms_21.wav,	5,	272.46520600000247,	7.18,	nan,	90,	2
19,	1,	3,	2,	68,	uso_300ms_53.wav,	4,	241.43863700000236,	6.15,	nan,	90,	2
19,	1,	3,	2,	69,	uso_300ms_37.wav,	4,	242.39908600000226,	6.18,	nan,	90,	2
19,	1,	3,	2,	70,	uso_300ms_14.wav,	5,	268.9052720000026,	7.06,	nan,	90,	2
19,	1,	3,	2,	71,	uso_300ms_97.wav,	4,	247.76069400000247,	6.36,	nan,	90,	2
19,	1,	3,	2,	72,	uso_300ms_74.wav,	4,	226.69369000000265,	5.66,	nan,	90,	2
19,	1,	3,	2,	73,	uso_300ms_3.wav,	3,	213.71664900000266,	5.22,	nan,	90,	2
19,	1,	3,	2,	74,	uso_300ms_14.wav,	2,	187.53137100000282,	4.35,	nan,	90,	2
19,	1,	3,	2,	75,	uso_300ms_93.wav,	2,	170.87212700000262,	3.8,	nan,	90,	2
19,	1,	3,	2,	76,	uso_300ms_35.wav,	1,	156.24904300000267,	3.31,	nan,	90,	2
19,	1,	3,	2,	77,	uso_300ms_22.wav,	1,	151.33965600000272,	3.14,	nan,	90,	2
19,	1,	3,	2,	78,	uso_300ms_94.wav,	1,	159.66295700000254,	3.42,	nan,	90,	2
19,	1,	3,	2,	79,	uso_300ms_79.wav,	2,	177.6671250000024,	4.02,	nan,	90,	2
19,	1,	3,	2,	80,	uso_300ms_10.wav,	2,	187.94533000000203,	4.36,	nan,	90,	2
19,	1,	3,	2,	81,	uso_300ms_57.wav,	3,	206.2582680000018,	4.98,	nan,	90,	2
19,	1,	3,	2,	82,	uso_300ms_71.wav,	3,	206.33066200000144,	4.98,	nan,	90,	2
19,	1,	3,	2,	83,	uso_300ms_38.wav,	4,	229.44000700000151,	5.75,	nan,	90,	2
19,	1,	3,	2,	84,	uso_300ms_86.wav,	4,	231.9835480000023,	5.83,	nan,	90,	2
19,	1,	3,	2,	85,	uso_300ms_83.wav,	5,	260.7952260000026,	6.79,	nan,	90,	2
19,	1,	3,	2,	86,	uso_300ms_74.wav,	5,	267.72576500000287,	7.02,	nan,	90,	2
19,	1,	3,	2,	87,	uso_300ms_78.wav,	4,	239.03343700000278,	6.07,	nan,	90,	2
19,	1,	3,	2,	88,	uso_300ms_14.wav,	4,	234.86420200000276,	5.93,	nan,	90,	2
19,	1,	3,	2,	89,	uso_300ms_15.wav,	3,	217.84115400000283,	5.36,	nan,	90,	2
19,	1,	3,	2,	90,	uso_300ms_82.wav,	3,	217.83484000000286,	5.36,	nan,	90,	2
