sub_id,cond_id,block_id,task_id,event_id,stim_id,speaker_id,led_id,led_distance,response_time,n_reps,isi
19,	1,	6,	1,	1,	uso_300ms_39.wav,	7,	164,	3.57,	5.015547752380371,	15,	0.3
19,	1,	6,	1,	2,	uso_300ms_5.wav,	6,	182,	4.17,	3.092336893081665,	15,	0.3
19,	1,	6,	1,	3,	uso_300ms_21.wav,	2,	159,	3.4,	2.94181227684021,	15,	0.3
19,	1,	6,	1,	4,	uso_300ms_30.wav,	4,	195,	4.6,	1.993396520614624,	15,	0.3
19,	1,	6,	1,	5,	uso_300ms_49.wav,	8,	221,	5.47,	1.4671978950500488,	15,	0.3
19,	1,	6,	1,	6,	uso_300ms_83.wav,	1,	185,	4.27,	1.8851230144500732,	15,	0.3
19,	1,	6,	1,	7,	uso_300ms_7.wav,	3,	209,	5.07,	2.050149917602539,	15,	0.3
19,	1,	6,	1,	8,	uso_300ms_72.wav,	5,	229,	5.73,	1.727402687072754,	15,	0.3
19,	1,	6,	1,	9,	uso_300ms_5.wav,	0,	166,	3.63,	2.1770613193511963,	15,	0.3
19,	1,	6,	1,	10,	uso_300ms_58.wav,	10,	244,	6.23,	2.867551803588867,	15,	0.3
19,	1,	6,	1,	11,	uso_300ms_26.wav,	9,	267,	7.0,	1.7523536682128906,	15,	0.3
19,	1,	6,	1,	12,	uso_300ms_86.wav,	6,	233,	5.87,	2.360271453857422,	15,	0.3
19,	1,	6,	1,	13,	uso_300ms_71.wav,	2,	198,	4.7,	2.0735366344451904,	15,	0.3
19,	1,	6,	1,	14,	uso_300ms_60.wav,	0,	133,	2.53,	2.070934534072876,	15,	0.3
19,	1,	6,	1,	15,	uso_300ms_39.wav,	9,	309,	8.4,	3.4616525173187256,	15,	0.3
19,	1,	6,	1,	16,	uso_300ms_64.wav,	5,	278,	7.37,	2.8461897373199463,	15,	0.3
19,	1,	6,	1,	17,	uso_300ms_14.wav,	8,	339,	9.4,	2.2863547801971436,	15,	0.3
19,	1,	6,	1,	18,	uso_300ms_74.wav,	1,	244,	6.23,	2.236992120742798,	15,	0.3
19,	1,	6,	1,	19,	uso_300ms_98.wav,	3,	223,	5.53,	2.1029627323150635,	15,	0.3
19,	1,	6,	1,	20,	uso_300ms_2.wav,	7,	304,	8.23,	2.4542384147644043,	15,	0.3
19,	1,	6,	1,	21,	uso_300ms_51.wav,	4,	267,	7.0,	2.0332579612731934,	15,	0.3
19,	1,	6,	1,	22,	uso_300ms_76.wav,	10,	366,	10.3,	1.8756420612335205,	15,	0.3
19,	1,	6,	1,	23,	uso_300ms_54.wav,	7,	389,	11.07,	1.7512588500976562,	15,	0.3
19,	1,	6,	1,	24,	uso_300ms_5.wav,	3,	284,	7.57,	2.940943956375122,	15,	0.3
19,	1,	6,	1,	25,	uso_300ms_31.wav,	0,	178,	4.03,	2.2928194999694824,	15,	0.3
19,	1,	6,	1,	26,	uso_300ms_95.wav,	8,	325,	8.93,	3.014357328414917,	15,	0.3
19,	1,	6,	1,	27,	uso_300ms_97.wav,	1,	178,	4.03,	2.487631320953369,	15,	0.3
19,	1,	6,	1,	28,	uso_300ms_55.wav,	6,	216,	5.3,	2.8566782474517822,	15,	0.3
19,	1,	6,	1,	29,	uso_300ms_84.wav,	2,	267,	7.0,	2.568789005279541,	15,	0.3
19,	1,	6,	1,	30,	uso_300ms_82.wav,	10,	336,	9.3,	1.7014663219451904,	15,	0.3
19,	1,	6,	1,	31,	uso_300ms_69.wav,	5,	307,	8.33,	2.8582043647766113,	15,	0.3
19,	1,	6,	1,	32,	uso_300ms_36.wav,	4,	255,	6.6,	2.5234580039978027,	15,	0.3
19,	1,	6,	1,	33,	uso_300ms_86.wav,	9,	355,	9.93,	1.9764747619628906,	15,	0.3
19,	1,	6,	1,	34,	uso_300ms_34.wav,	8,	315,	8.6,	3.1420185565948486,	15,	0.3
19,	1,	6,	1,	35,	uso_300ms_10.wav,	7,	404,	11.57,	2.913255453109741,	15,	0.3
19,	1,	6,	1,	36,	uso_300ms_82.wav,	6,	359,	10.07,	2.688096523284912,	15,	0.3
19,	1,	6,	1,	37,	uso_300ms_80.wav,	0,	212,	5.17,	3.086642265319824,	15,	0.3
19,	1,	6,	1,	38,	uso_300ms_91.wav,	5,	290,	7.77,	1.8627724647521973,	15,	0.3
19,	1,	6,	1,	39,	uso_300ms_23.wav,	3,	247,	6.33,	1.8252243995666504,	15,	0.3
19,	1,	6,	1,	40,	uso_300ms_46.wav,	10,	320,	8.77,	1.7089848518371582,	15,	0.3
19,	1,	6,	1,	41,	uso_300ms_13.wav,	1,	187,	4.33,	1.8288228511810303,	15,	0.3
19,	1,	6,	1,	42,	uso_300ms_94.wav,	4,	247,	6.33,	2.0576043128967285,	15,	0.3
19,	1,	6,	1,	43,	uso_300ms_36.wav,	2,	222,	5.5,	1.9097061157226562,	15,	0.3
19,	1,	6,	1,	44,	uso_300ms_69.wav,	9,	293,	7.87,	1.6931262016296387,	15,	0.3
19,	1,	6,	1,	45,	uso_300ms_69.wav,	6,	293,	7.87,	2.823829412460327,	15,	0.3
19,	1,	6,	1,	46,	uso_300ms_22.wav,	10,	333,	9.2,	2.6104683876037598,	15,	0.3
19,	1,	6,	1,	47,	uso_300ms_77.wav,	3,	289,	7.73,	2.7440707683563232,	15,	0.3
19,	1,	6,	1,	48,	uso_300ms_73.wav,	9,	369,	10.4,	2.104466676712036,	15,	0.3
19,	1,	6,	1,	49,	uso_300ms_18.wav,	7,	330,	9.1,	2.8761160373687744,	15,	0.3
19,	1,	6,	1,	50,	uso_300ms_92.wav,	8,	303,	8.2,	5.240694522857666,	15,	0.3
19,	1,	6,	1,	51,	uso_300ms_31.wav,	5,	284,	7.57,	3.964165210723877,	15,	0.3
19,	1,	6,	1,	52,	uso_300ms_11.wav,	0,	160,	3.43,	2.8421237468719482,	15,	0.3
19,	1,	6,	1,	53,	uso_300ms_68.wav,	1,	190,	4.43,	1.8033204078674316,	15,	0.3
19,	1,	6,	1,	54,	uso_300ms_48.wav,	4,	271,	7.13,	2.4831531047821045,	15,	0.3
19,	1,	6,	1,	55,	uso_300ms_15.wav,	2,	225,	5.6,	1.8245124816894531,	15,	0.3
19,	1,	6,	1,	56,	uso_300ms_16.wav,	4,	260,	6.77,	2.158125400543213,	15,	0.3
19,	1,	6,	1,	57,	uso_300ms_20.wav,	2,	210,	5.1,	2.276197671890259,	15,	0.3
19,	1,	6,	1,	58,	uso_300ms_41.wav,	9,	342,	9.5,	2.576667547225952,	15,	0.3
19,	1,	6,	1,	59,	uso_300ms_44.wav,	3,	287,	7.67,	2.4430654048919678,	15,	0.3
19,	1,	6,	1,	60,	uso_300ms_61.wav,	1,	196,	4.63,	2.1020748615264893,	15,	0.3
19,	1,	6,	1,	61,	uso_300ms_77.wav,	8,	241,	6.13,	3.9512016773223877,	15,	0.3
19,	1,	6,	1,	62,	uso_300ms_36.wav,	7,	310,	8.43,	2.2702441215515137,	15,	0.3
19,	1,	6,	1,	63,	uso_300ms_40.wav,	5,	346,	9.63,	1.9651153087615967,	15,	0.3
19,	1,	6,	1,	64,	uso_300ms_84.wav,	10,	387,	11.0,	1.629340410232544,	15,	0.3
19,	1,	6,	1,	65,	uso_300ms_57.wav,	6,	334,	9.23,	2.510448455810547,	15,	0.3
19,	1,	6,	1,	66,	uso_300ms_1.wav,	0,	176,	3.97,	2.354827880859375,	15,	0.3
19,	1,	6,	1,	67,	uso_300ms_41.wav,	10,	336,	9.3,	2.7569854259490967,	15,	0.3
19,	1,	6,	1,	68,	uso_300ms_2.wav,	7,	322,	8.83,	4.069711208343506,	15,	0.3
19,	1,	6,	1,	69,	uso_300ms_18.wav,	6,	307,	8.33,	2.3417444229125977,	15,	0.3
19,	1,	6,	1,	70,	uso_300ms_59.wav,	2,	192,	4.5,	5.458734750747681,	15,	0.3
19,	1,	6,	1,	71,	uso_300ms_72.wav,	5,	241,	6.13,	4.362471580505371,	15,	0.3
19,	1,	6,	1,	72,	uso_300ms_22.wav,	4,	316,	8.63,	2.481809139251709,	15,	0.3
19,	1,	6,	1,	73,	uso_300ms_74.wav,	8,	347,	9.67,	3.2561020851135254,	15,	0.3
19,	1,	6,	1,	74,	uso_300ms_44.wav,	3,	323,	8.87,	2.018582344055176,	15,	0.3
19,	1,	6,	1,	75,	uso_300ms_50.wav,	1,	183,	4.2,	2.1085612773895264,	15,	0.3
19,	1,	6,	1,	76,	uso_300ms_80.wav,	0,	134,	2.57,	2.6131198406219482,	15,	0.3
19,	1,	6,	1,	77,	uso_300ms_51.wav,	9,	278,	7.37,	4.256662130355835,	15,	0.3
19,	1,	6,	1,	78,	uso_300ms_56.wav,	1,	222,	5.5,	2.8829808235168457,	15,	0.3
19,	1,	6,	1,	79,	uso_300ms_78.wav,	9,	352,	9.83,	1.9891555309295654,	15,	0.3
19,	1,	6,	1,	80,	uso_300ms_86.wav,	7,	380,	10.77,	3.527585983276367,	15,	0.3
19,	1,	6,	1,	81,	uso_300ms_75.wav,	6,	315,	8.6,	2.764812707901001,	15,	0.3
19,	1,	6,	1,	82,	uso_300ms_57.wav,	2,	254,	6.57,	1.9287455081939697,	15,	0.3
19,	1,	6,	1,	83,	uso_300ms_78.wav,	8,	386,	10.97,	2.3220999240875244,	15,	0.3
19,	1,	6,	1,	84,	uso_300ms_49.wav,	10,	411,	11.8,	1.6730263233184814,	15,	0.3
19,	1,	6,	1,	85,	uso_300ms_97.wav,	3,	280,	7.43,	4.430623292922974,	15,	0.3
19,	1,	6,	1,	86,	uso_300ms_79.wav,	5,	243,	6.2,	4.032194137573242,	15,	0.3
19,	1,	6,	1,	87,	uso_300ms_30.wav,	4,	324,	8.9,	2.8211374282836914,	15,	0.3
19,	1,	6,	1,	88,	uso_300ms_72.wav,	0,	180,	4.1,	2.38547682762146,	15,	0.3
19,	1,	6,	1,	89,	uso_300ms_48.wav,	7,	335,	9.27,	2.1063406467437744,	15,	0.3
19,	1,	6,	1,	90,	uso_300ms_66.wav,	3,	260,	6.77,	2.246490240097046,	15,	0.3
19,	1,	6,	1,	91,	uso_300ms_32.wav,	4,	276,	7.3,	3.047232151031494,	15,	0.3
19,	1,	6,	1,	92,	uso_300ms_49.wav,	9,	348,	9.7,	1.742673397064209,	15,	0.3
19,	1,	6,	1,	93,	uso_300ms_67.wav,	0,	217,	5.33,	2.5577549934387207,	15,	0.3
19,	1,	6,	1,	94,	uso_300ms_36.wav,	5,	268,	7.03,	2.4919369220733643,	15,	0.3
19,	1,	6,	1,	95,	uso_300ms_17.wav,	6,	319,	8.73,	2.9687206745147705,	15,	0.3
19,	1,	6,	1,	96,	uso_300ms_85.wav,	2,	265,	6.93,	1.7675211429595947,	15,	0.3
19,	1,	6,	1,	97,	uso_300ms_34.wav,	1,	166,	3.63,	1.560253381729126,	15,	0.3
19,	1,	6,	1,	98,	uso_300ms_12.wav,	10,	333,	9.2,	2.0940189361572266,	15,	0.3
19,	1,	6,	1,	99,	uso_300ms_34.wav,	8,	345,	9.6,	1.4967141151428223,	15,	0.3
19,	1,	6,	1,	100,	uso_300ms_99.wav,	9,	385,	10.93,	1.4368281364440918,	15,	0.3
19,	1,	6,	1,	101,	uso_300ms_63.wav,	6,	399,	11.4,	2.717381715774536,	15,	0.3
19,	1,	6,	1,	102,	uso_300ms_58.wav,	8,	417,	12.0,	1.6034581661224365,	15,	0.3
19,	1,	6,	1,	103,	uso_300ms_34.wav,	10,	394,	11.23,	2.8280162811279297,	15,	0.3
19,	1,	6,	1,	104,	uso_300ms_84.wav,	4,	379,	10.73,	2.8586487770080566,	15,	0.3
19,	1,	6,	1,	105,	uso_300ms_56.wav,	5,	352,	9.83,	1.975630521774292,	15,	0.3
19,	1,	6,	1,	106,	uso_300ms_100.wav,	0,	205,	4.93,	2.934969663619995,	15,	0.3
19,	1,	6,	1,	107,	uso_300ms_11.wav,	7,	285,	7.6,	3.2980384826660156,	15,	0.3
19,	1,	6,	1,	108,	uso_300ms_7.wav,	3,	255,	6.6,	1.8771419525146484,	15,	0.3
19,	1,	6,	1,	109,	uso_300ms_66.wav,	2,	206,	4.97,	1.5890789031982422,	15,	0.3
19,	1,	6,	1,	110,	uso_300ms_98.wav,	1,	162,	3.5,	2.2817063331604004,	15,	0.3
19,	1,	6,	1,	111,	uso_300ms_15.wav,	2,	211,	5.13,	3.5169413089752197,	15,	0.3
19,	1,	6,	1,	112,	uso_300ms_67.wav,	1,	167,	3.67,	1.5291881561279297,	15,	0.3
19,	1,	6,	1,	113,	uso_300ms_91.wav,	0,	125,	2.27,	1.4248631000518799,	15,	0.3
19,	1,	6,	1,	114,	uso_300ms_76.wav,	10,	271,	7.13,	5.99082612991333,	15,	0.3
19,	1,	6,	1,	115,	uso_300ms_91.wav,	9,	321,	8.8,	3.5069730281829834,	15,	0.3
19,	1,	6,	1,	116,	uso_300ms_12.wav,	5,	344,	9.57,	1.8651514053344727,	15,	0.3
19,	1,	6,	1,	117,	uso_300ms_74.wav,	7,	331,	9.13,	3.975055456161499,	15,	0.3
19,	1,	6,	1,	118,	uso_300ms_51.wav,	4,	317,	8.67,	2.407508373260498,	15,	0.3
19,	1,	6,	1,	119,	uso_300ms_7.wav,	6,	299,	8.07,	2.66377854347229,	15,	0.3
19,	1,	6,	1,	120,	uso_300ms_37.wav,	8,	354,	9.9,	2.151439905166626,	15,	0.3
19,	1,	6,	1,	121,	uso_300ms_100.wav,	3,	286,	7.63,	3.569171667098999,	15,	0.3
19,	1,	6,	1,	122,	uso_300ms_84.wav,	2,	219,	5.4,	2.414151430130005,	15,	0.3
19,	1,	6,	1,	123,	uso_300ms_17.wav,	7,	323,	8.87,	3.248744487762451,	15,	0.3
19,	1,	6,	1,	124,	uso_300ms_86.wav,	0,	161,	3.47,	2.3329436779022217,	15,	0.3
19,	1,	6,	1,	125,	uso_300ms_15.wav,	8,	324,	8.9,	4.030486583709717,	15,	0.3
19,	1,	6,	1,	126,	uso_300ms_35.wav,	6,	347,	9.67,	1.5264511108398438,	15,	0.3
19,	1,	6,	1,	127,	uso_300ms_54.wav,	10,	404,	11.57,	3.0195608139038086,	15,	0.3
19,	1,	6,	1,	128,	uso_300ms_85.wav,	5,	379,	10.73,	1.9480714797973633,	15,	0.3
19,	1,	6,	1,	129,	uso_300ms_8.wav,	9,	349,	9.73,	2.6500282287597656,	15,	0.3
19,	1,	6,	1,	130,	uso_300ms_100.wav,	4,	321,	8.8,	2.3883819580078125,	15,	0.3
19,	1,	6,	1,	131,	uso_300ms_55.wav,	3,	289,	7.73,	3.503166437149048,	15,	0.3
19,	1,	6,	1,	132,	uso_300ms_71.wav,	1,	205,	4.93,	2.273458957672119,	15,	0.3
19,	1,	6,	1,	133,	uso_300ms_53.wav,	0,	156,	3.3,	1.555971622467041,	15,	0.3
19,	1,	6,	1,	134,	uso_300ms_50.wav,	7,	226,	5.63,	3.5493412017822266,	15,	0.3
19,	1,	6,	1,	135,	uso_300ms_31.wav,	2,	180,	4.1,	2.1326041221618652,	15,	0.3
19,	1,	6,	1,	136,	uso_300ms_71.wav,	5,	314,	8.57,	3.2652523517608643,	15,	0.3
19,	1,	6,	1,	137,	uso_300ms_46.wav,	9,	335,	9.27,	1.9483489990234375,	15,	0.3
19,	1,	6,	1,	138,	uso_300ms_72.wav,	3,	254,	6.57,	2.5955440998077393,	15,	0.3
19,	1,	6,	1,	139,	uso_300ms_91.wav,	6,	319,	8.73,	2.055514097213745,	15,	0.3
19,	1,	6,	1,	140,	uso_300ms_50.wav,	10,	341,	9.47,	1.8353602886199951,	15,	0.3
19,	1,	6,	1,	141,	uso_300ms_44.wav,	1,	242,	6.17,	2.1330981254577637,	15,	0.3
19,	1,	6,	1,	142,	uso_300ms_11.wav,	8,	264,	6.9,	3.8969149589538574,	15,	0.3
19,	1,	6,	1,	143,	uso_300ms_21.wav,	4,	214,	5.23,	2.039742946624756,	15,	0.3
19,	1,	6,	1,	144,	uso_300ms_55.wav,	8,	292,	7.83,	3.887500762939453,	15,	0.3
19,	1,	6,	1,	145,	uso_300ms_1.wav,	6,	305,	8.27,	2.1158251762390137,	15,	0.3
19,	1,	6,	1,	146,	uso_300ms_97.wav,	3,	229,	5.73,	1.8673901557922363,	15,	0.3
19,	1,	6,	1,	147,	uso_300ms_64.wav,	0,	166,	3.63,	2.1426050662994385,	15,	0.3
19,	1,	6,	1,	148,	uso_300ms_34.wav,	2,	207,	5.0,	2.0731418132781982,	15,	0.3
19,	1,	6,	1,	149,	uso_300ms_84.wav,	9,	347,	9.67,	2.8867969512939453,	15,	0.3
19,	1,	6,	1,	150,	uso_300ms_55.wav,	7,	327,	9.0,	2.4519686698913574,	15,	0.3
19,	1,	6,	1,	151,	uso_300ms_70.wav,	1,	229,	5.73,	3.2577426433563232,	15,	0.3
19,	1,	6,	1,	152,	uso_300ms_48.wav,	5,	282,	7.5,	2.1732850074768066,	15,	0.3
19,	1,	6,	1,	153,	uso_300ms_52.wav,	4,	267,	7.0,	2.5054986476898193,	15,	0.3
19,	1,	6,	1,	154,	uso_300ms_59.wav,	10,	353,	9.87,	2.0739402770996094,	15,	0.3
19,	1,	6,	1,	155,	uso_300ms_100.wav,	7,	367,	10.33,	6.595556020736694,	15,	0.3
19,	1,	6,	1,	156,	uso_300ms_51.wav,	0,	202,	4.83,	2.7159876823425293,	15,	0.3
19,	1,	6,	1,	157,	uso_300ms_6.wav,	2,	243,	6.2,	1.9475815296173096,	15,	0.3
19,	1,	6,	1,	158,	uso_300ms_100.wav,	6,	278,	7.37,	3.7900779247283936,	15,	0.3
19,	1,	6,	1,	159,	uso_300ms_66.wav,	9,	360,	10.1,	2.5627572536468506,	15,	0.3
19,	1,	6,	1,	160,	uso_300ms_2.wav,	10,	394,	11.23,	1.8485465049743652,	15,	0.3
19,	1,	6,	1,	161,	uso_300ms_36.wav,	3,	263,	6.87,	2.8161940574645996,	15,	0.3
19,	1,	6,	1,	162,	uso_300ms_20.wav,	4,	242,	6.17,	4.361686944961548,	15,	0.3
19,	1,	6,	1,	163,	uso_300ms_61.wav,	5,	266,	6.97,	3.3960187435150146,	15,	0.3
19,	1,	6,	1,	164,	uso_300ms_5.wav,	8,	310,	8.43,	2.5309739112854004,	15,	0.3
19,	1,	6,	1,	165,	uso_300ms_87.wav,	1,	208,	5.03,	2.7304883003234863,	15,	0.3
