sub_id,cond_id,block_id,task_id,event_id,stim_id,speaker_id,led_id,led_distance,response_time,n_reps,isi
19,	1,	4,	2,	1,	uso_300ms_5.wav,	1,	158,	3.37,	4.016905307769775,	15,	0.3
19,	1,	4,	2,	2,	uso_300ms_30.wav,	3,	177,	4.0,	2.516099691390991,	15,	0.3
19,	1,	4,	2,	3,	uso_300ms_66.wav,	5,	222,	5.5,	3.6235191822052,	15,	0.3
19,	1,	4,	2,	4,	uso_300ms_50.wav,	4,	192,	4.5,	4.862590551376343,	15,	0.3
19,	1,	4,	2,	5,	uso_300ms_48.wav,	2,	175,	3.93,	5.753268003463745,	15,	0.3
19,	1,	4,	2,	6,	uso_300ms_22.wav,	5,	232,	5.83,	2.3973989486694336,	15,	0.3
19,	1,	4,	2,	7,	uso_300ms_81.wav,	1,	209,	5.07,	2.289652109146118,	15,	0.3
19,	1,	4,	2,	8,	uso_300ms_40.wav,	4,	200,	4.77,	5.473796129226685,	15,	0.3
19,	1,	4,	2,	9,	uso_300ms_93.wav,	2,	182,	4.17,	2.892364263534546,	15,	0.3
19,	1,	4,	2,	10,	uso_300ms_24.wav,	3,	238,	6.03,	2.4572179317474365,	15,	0.3
19,	1,	4,	2,	11,	uso_300ms_23.wav,	4,	263,	6.87,	2.57285737991333,	15,	0.3
19,	1,	4,	2,	12,	uso_300ms_31.wav,	1,	242,	6.17,	3.769510269165039,	15,	0.3
19,	1,	4,	2,	13,	uso_300ms_12.wav,	3,	214,	5.23,	4.724190711975098,	15,	0.3
19,	1,	4,	2,	14,	uso_300ms_23.wav,	2,	249,	6.4,	3.248387575149536,	15,	0.3
19,	1,	4,	2,	15,	uso_300ms_9.wav,	5,	277,	7.33,	2.079655647277832,	15,	0.3
19,	1,	4,	2,	16,	uso_300ms_77.wav,	2,	231,	5.8,	3.4887657165527344,	15,	0.3
19,	1,	4,	2,	17,	uso_300ms_55.wav,	4,	258,	6.7,	4.5936667919158936,	15,	0.3
19,	1,	4,	2,	18,	uso_300ms_1.wav,	3,	288,	7.7,	2.051642894744873,	15,	0.3
19,	1,	4,	2,	19,	uso_300ms_17.wav,	1,	202,	4.83,	2.653003215789795,	15,	0.3
19,	1,	4,	2,	20,	uso_300ms_44.wav,	5,	273,	7.2,	4.905583381652832,	15,	0.3
19,	1,	4,	2,	21,	uso_300ms_30.wav,	3,	308,	8.37,	1.9339056015014648,	15,	0.3
19,	1,	4,	2,	22,	uso_300ms_92.wav,	5,	323,	8.87,	6.570714712142944,	15,	0.3
19,	1,	4,	2,	23,	uso_300ms_35.wav,	1,	291,	7.8,	3.031000852584839,	15,	0.3
19,	1,	4,	2,	24,	uso_300ms_31.wav,	2,	259,	6.73,	6.151931524276733,	15,	0.3
19,	1,	4,	2,	25,	uso_300ms_31.wav,	4,	291,	7.8,	5.6339216232299805,	15,	0.3
19,	1,	4,	2,	26,	uso_300ms_89.wav,	2,	334,	9.23,	2.047722816467285,	15,	0.3
19,	1,	4,	2,	27,	uso_300ms_64.wav,	3,	312,	8.5,	3.004711389541626,	15,	0.3
19,	1,	4,	2,	28,	uso_300ms_5.wav,	1,	291,	7.8,	2.4242441654205322,	15,	0.3
19,	1,	4,	2,	29,	uso_300ms_30.wav,	5,	348,	9.7,	2.673283338546753,	15,	0.3
19,	1,	4,	2,	30,	uso_300ms_83.wav,	4,	374,	10.57,	2.2472310066223145,	15,	0.3
19,	1,	4,	2,	31,	uso_300ms_33.wav,	2,	328,	9.03,	3.755138874053955,	15,	0.3
19,	1,	4,	2,	32,	uso_300ms_2.wav,	3,	306,	8.3,	3.85267972946167,	15,	0.3
19,	1,	4,	2,	33,	uso_300ms_40.wav,	1,	247,	6.33,	3.5253143310546875,	15,	0.3
19,	1,	4,	2,	34,	uso_300ms_7.wav,	5,	270,	7.1,	3.2365636825561523,	15,	0.3
19,	1,	4,	2,	35,	uso_300ms_82.wav,	4,	310,	8.43,	4.564373254776001,	15,	0.3
19,	1,	4,	2,	36,	uso_300ms_68.wav,	3,	353,	9.87,	2.639228105545044,	15,	0.3
19,	1,	4,	2,	37,	uso_300ms_5.wav,	5,	380,	10.77,	1.9692432880401611,	15,	0.3
19,	1,	4,	2,	38,	uso_300ms_35.wav,	2,	334,	9.23,	3.4245007038116455,	15,	0.3
19,	1,	4,	2,	39,	uso_300ms_92.wav,	4,	308,	8.37,	3.8871307373046875,	15,	0.3
19,	1,	4,	2,	40,	uso_300ms_6.wav,	1,	339,	9.4,	4.252568006515503,	15,	0.3
19,	1,	4,	2,	41,	uso_300ms_69.wav,	4,	389,	11.07,	1.855705738067627,	15,	0.3
19,	1,	4,	2,	42,	uso_300ms_39.wav,	1,	355,	9.93,	3.388106346130371,	15,	0.3
19,	1,	4,	2,	43,	uso_300ms_30.wav,	2,	319,	8.73,	3.712437868118286,	15,	0.3
19,	1,	4,	2,	44,	uso_300ms_90.wav,	3,	272,	7.17,	3.117050886154175,	15,	0.3
19,	1,	4,	2,	45,	uso_300ms_24.wav,	5,	348,	9.7,	3.288984775543213,	15,	0.3
19,	1,	4,	2,	46,	uso_300ms_27.wav,	2,	293,	7.87,	4.887834787368774,	15,	0.3
19,	1,	4,	2,	47,	uso_300ms_89.wav,	3,	266,	6.97,	4.040457248687744,	15,	0.3
19,	1,	4,	2,	48,	uso_300ms_8.wav,	1,	229,	5.73,	2.3284223079681396,	15,	0.3
19,	1,	4,	2,	49,	uso_300ms_52.wav,	5,	279,	7.4,	4.388486862182617,	15,	0.3
19,	1,	4,	2,	50,	uso_300ms_63.wav,	4,	310,	8.43,	4.1443867683410645,	15,	0.3
19,	1,	4,	2,	51,	uso_300ms_43.wav,	2,	251,	6.47,	4.207078218460083,	15,	0.3
19,	1,	4,	2,	52,	uso_300ms_18.wav,	4,	235,	5.93,	3.0552234649658203,	15,	0.3
19,	1,	4,	2,	53,	uso_300ms_60.wav,	1,	193,	4.53,	2.0268051624298096,	15,	0.3
19,	1,	4,	2,	54,	uso_300ms_78.wav,	3,	228,	5.7,	2.1326043605804443,	15,	0.3
19,	1,	4,	2,	55,	uso_300ms_25.wav,	5,	243,	6.2,	2.4659969806671143,	15,	0.3
19,	1,	4,	2,	56,	uso_300ms_98.wav,	3,	210,	5.1,	2.734954357147217,	15,	0.3
19,	1,	4,	2,	57,	uso_300ms_68.wav,	2,	187,	4.33,	2.4693026542663574,	15,	0.3
19,	1,	4,	2,	58,	uso_300ms_48.wav,	1,	162,	3.5,	1.7123363018035889,	15,	0.3
19,	1,	4,	2,	59,	uso_300ms_5.wav,	4,	184,	4.23,	4.5519866943359375,	15,	0.3
19,	1,	4,	2,	60,	uso_300ms_15.wav,	5,	214,	5.23,	2.865825891494751,	15,	0.3
19,	1,	4,	2,	61,	uso_300ms_43.wav,	4,	241,	6.13,	2.0340518951416016,	15,	0.3
19,	1,	4,	2,	62,	uso_300ms_67.wav,	5,	260,	6.77,	3.309548854827881,	15,	0.3
19,	1,	4,	2,	63,	uso_300ms_74.wav,	1,	226,	5.63,	3.6720499992370605,	15,	0.3
19,	1,	4,	2,	64,	uso_300ms_5.wav,	3,	246,	6.3,	3.6661293506622314,	15,	0.3
19,	1,	4,	2,	65,	uso_300ms_43.wav,	2,	219,	5.4,	5.039129257202148,	15,	0.3
19,	1,	4,	2,	66,	uso_300ms_9.wav,	4,	271,	7.13,	2.2130050659179688,	15,	0.3
19,	1,	4,	2,	67,	uso_300ms_57.wav,	3,	294,	7.9,	1.5060539245605469,	15,	0.3
19,	1,	4,	2,	68,	uso_300ms_46.wav,	2,	266,	6.97,	2.2635021209716797,	15,	0.3
19,	1,	4,	2,	69,	uso_300ms_70.wav,	5,	240,	6.1,	3.7855417728424072,	15,	0.3
19,	1,	4,	2,	70,	uso_300ms_73.wav,	1,	210,	5.1,	1.5591070652008057,	15,	0.3
19,	1,	4,	2,	71,	uso_300ms_8.wav,	3,	237,	6.0,	4.3404457569122314,	15,	0.3
19,	1,	4,	2,	72,	uso_300ms_29.wav,	1,	198,	4.7,	2.7921719551086426,	15,	0.3
19,	1,	4,	2,	73,	uso_300ms_25.wav,	2,	186,	4.3,	2.9867289066314697,	15,	0.3
19,	1,	4,	2,	74,	uso_300ms_73.wav,	4,	266,	6.97,	3.164257764816284,	15,	0.3
19,	1,	4,	2,	75,	uso_300ms_1.wav,	5,	307,	8.33,	1.6365585327148438,	15,	0.3
