sub_id,cond_id,block_id,task_id,event_id,stim_id,speaker_id,led_id,led_distance,response_time,n_reps,isi
19,	1,	2,	2,	1,	uso_300ms_49.wav,	1,	171,	3.8,	6.850232362747192,	15,	0.3
19,	1,	2,	2,	2,	uso_300ms_81.wav,	3,	259,	6.73,	3.9949886798858643,	15,	0.3
19,	1,	2,	2,	3,	uso_300ms_53.wav,	4,	289,	7.73,	3.8746225833892822,	15,	0.3
19,	1,	2,	2,	4,	uso_300ms_7.wav,	2,	219,	5.4,	3.357794761657715,	15,	0.3
19,	1,	2,	2,	5,	uso_300ms_31.wav,	5,	273,	7.2,	3.1530277729034424,	15,	0.3
19,	1,	2,	2,	6,	uso_300ms_5.wav,	2,	191,	4.47,	2.247030019760132,	15,	0.3
19,	1,	2,	2,	7,	uso_300ms_61.wav,	1,	222,	5.5,	3.0733511447906494,	15,	0.3
19,	1,	2,	2,	8,	uso_300ms_87.wav,	4,	267,	7.0,	2.4516239166259766,	15,	0.3
19,	1,	2,	2,	9,	uso_300ms_1.wav,	3,	240,	6.1,	7.794597864151001,	15,	0.3
19,	1,	2,	2,	10,	uso_300ms_61.wav,	5,	293,	7.87,	2.6647608280181885,	15,	0.3
19,	1,	2,	2,	11,	uso_300ms_37.wav,	1,	203,	4.87,	2.8872439861297607,	15,	0.3
19,	1,	2,	2,	12,	uso_300ms_58.wav,	2,	241,	6.13,	3.783724784851074,	15,	0.3
19,	1,	2,	2,	13,	uso_300ms_76.wav,	5,	317,	8.67,	3.187940835952759,	15,	0.3
19,	1,	2,	2,	14,	uso_300ms_78.wav,	3,	288,	7.7,	2.776287078857422,	15,	0.3
19,	1,	2,	2,	15,	uso_300ms_34.wav,	4,	243,	6.2,	3.383699893951416,	15,	0.3
19,	1,	2,	2,	16,	uso_300ms_8.wav,	1,	199,	4.73,	1.8727729320526123,	15,	0.3
19,	1,	2,	2,	17,	uso_300ms_86.wav,	3,	230,	5.77,	2.645317792892456,	15,	0.3
19,	1,	2,	2,	18,	uso_300ms_1.wav,	2,	272,	7.17,	4.080867767333984,	15,	0.3
19,	1,	2,	2,	19,	uso_300ms_21.wav,	5,	292,	7.83,	3.7639718055725098,	15,	0.3
19,	1,	2,	2,	20,	uso_300ms_92.wav,	4,	235,	5.93,	2.336493730545044,	15,	0.3
19,	1,	2,	2,	21,	uso_300ms_59.wav,	5,	291,	7.8,	2.637289524078369,	15,	0.3
19,	1,	2,	2,	22,	uso_300ms_26.wav,	1,	224,	5.57,	1.7861957550048828,	15,	0.3
19,	1,	2,	2,	23,	uso_300ms_81.wav,	2,	281,	7.47,	3.691394567489624,	15,	0.3
19,	1,	2,	2,	24,	uso_300ms_58.wav,	4,	244,	6.23,	3.8691413402557373,	15,	0.3
19,	1,	2,	2,	25,	uso_300ms_88.wav,	3,	214,	5.23,	1.939363718032837,	15,	0.3
19,	1,	2,	2,	26,	uso_300ms_60.wav,	1,	177,	4.0,	1.6027822494506836,	15,	0.3
19,	1,	2,	2,	27,	uso_300ms_38.wav,	3,	235,	5.93,	2.6259634494781494,	15,	0.3
19,	1,	2,	2,	28,	uso_300ms_62.wav,	4,	279,	7.4,	4.783294439315796,	15,	0.3
19,	1,	2,	2,	29,	uso_300ms_12.wav,	5,	314,	8.57,	2.155294179916382,	15,	0.3
19,	1,	2,	2,	30,	uso_300ms_31.wav,	2,	298,	8.03,	2.7808632850646973,	15,	0.3
19,	1,	2,	2,	31,	uso_300ms_87.wav,	1,	237,	6.0,	2.587923526763916,	15,	0.3
19,	1,	2,	2,	32,	uso_300ms_20.wav,	3,	300,	8.1,	2.8582584857940674,	15,	0.3
19,	1,	2,	2,	33,	uso_300ms_87.wav,	2,	281,	7.47,	4.071206331253052,	15,	0.3
19,	1,	2,	2,	34,	uso_300ms_63.wav,	5,	327,	9.0,	1.7270104885101318,	15,	0.3
19,	1,	2,	2,	35,	uso_300ms_76.wav,	4,	346,	9.63,	6.12224555015564,	15,	0.3
19,	1,	2,	2,	36,	uso_300ms_7.wav,	2,	276,	7.3,	3.044461727142334,	15,	0.3
19,	1,	2,	2,	37,	uso_300ms_62.wav,	5,	350,	9.77,	2.6464343070983887,	15,	0.3
19,	1,	2,	2,	38,	uso_300ms_89.wav,	4,	320,	8.77,	2.47274112701416,	15,	0.3
19,	1,	2,	2,	39,	uso_300ms_38.wav,	1,	240,	6.1,	2.2496228218078613,	15,	0.3
19,	1,	2,	2,	40,	uso_300ms_1.wav,	3,	292,	7.83,	2.428401231765747,	15,	0.3
19,	1,	2,	2,	41,	uso_300ms_33.wav,	2,	261,	6.8,	3.9316725730895996,	15,	0.3
19,	1,	2,	2,	42,	uso_300ms_81.wav,	4,	316,	8.63,	1.9623329639434814,	15,	0.3
19,	1,	2,	2,	43,	uso_300ms_10.wav,	5,	332,	9.17,	1.7769672870635986,	15,	0.3
19,	1,	2,	2,	44,	uso_300ms_17.wav,	1,	284,	7.57,	2.5685200691223145,	15,	0.3
19,	1,	2,	2,	45,	uso_300ms_22.wav,	3,	309,	8.4,	3.9231464862823486,	15,	0.3
19,	1,	2,	2,	46,	uso_300ms_58.wav,	4,	331,	9.13,	2.570786237716675,	15,	0.3
19,	1,	2,	2,	47,	uso_300ms_85.wav,	3,	310,	8.43,	5.206502676010132,	15,	0.3
19,	1,	2,	2,	48,	uso_300ms_57.wav,	2,	258,	6.7,	3.1903796195983887,	15,	0.3
19,	1,	2,	2,	49,	uso_300ms_39.wav,	1,	200,	4.77,	1.8160622119903564,	15,	0.3
19,	1,	2,	2,	50,	uso_300ms_35.wav,	5,	317,	8.67,	3.6840341091156006,	15,	0.3
19,	1,	2,	2,	51,	uso_300ms_8.wav,	3,	272,	7.17,	3.059941291809082,	15,	0.3
19,	1,	2,	2,	52,	uso_300ms_10.wav,	2,	228,	5.7,	2.1368484497070312,	15,	0.3
19,	1,	2,	2,	53,	uso_300ms_38.wav,	4,	272,	7.17,	2.6905229091644287,	15,	0.3
19,	1,	2,	2,	54,	uso_300ms_33.wav,	5,	313,	8.53,	2.8587939739227295,	15,	0.3
19,	1,	2,	2,	55,	uso_300ms_99.wav,	1,	232,	5.83,	3.032045364379883,	15,	0.3
19,	1,	2,	2,	56,	uso_300ms_85.wav,	4,	274,	7.23,	3.381136655807495,	15,	0.3
19,	1,	2,	2,	57,	uso_300ms_33.wav,	5,	305,	8.27,	2.4777047634124756,	15,	0.3
19,	1,	2,	2,	58,	uso_300ms_64.wav,	2,	275,	7.27,	1.513413667678833,	15,	0.3
19,	1,	2,	2,	59,	uso_300ms_50.wav,	1,	220,	5.43,	1.661987066268921,	15,	0.3
19,	1,	2,	2,	60,	uso_300ms_29.wav,	3,	237,	6.0,	4.260873079299927,	15,	0.3
19,	1,	2,	2,	61,	uso_300ms_99.wav,	1,	197,	4.67,	2.9671432971954346,	15,	0.3
19,	1,	2,	2,	62,	uso_300ms_54.wav,	3,	263,	6.87,	4.258080005645752,	15,	0.3
19,	1,	2,	2,	63,	uso_300ms_32.wav,	4,	286,	7.63,	3.1873300075531006,	15,	0.3
19,	1,	2,	2,	64,	uso_300ms_94.wav,	5,	329,	9.07,	1.8601982593536377,	15,	0.3
19,	1,	2,	2,	65,	uso_300ms_57.wav,	2,	304,	8.23,	2.1612091064453125,	15,	0.3
19,	1,	2,	2,	66,	uso_300ms_40.wav,	5,	345,	9.6,	1.7050361633300781,	15,	0.3
19,	1,	2,	2,	67,	uso_300ms_83.wav,	1,	283,	7.53,	3.4729726314544678,	15,	0.3
19,	1,	2,	2,	68,	uso_300ms_74.wav,	4,	312,	8.5,	2.7625629901885986,	15,	0.3
19,	1,	2,	2,	69,	uso_300ms_50.wav,	3,	266,	6.97,	2.2331509590148926,	15,	0.3
19,	1,	2,	2,	70,	uso_300ms_1.wav,	2,	249,	6.4,	2.6221957206726074,	15,	0.3
19,	1,	2,	2,	71,	uso_300ms_70.wav,	4,	291,	7.8,	3.3996474742889404,	15,	0.3
19,	1,	2,	2,	72,	uso_300ms_12.wav,	5,	325,	8.93,	1.7820494174957275,	15,	0.3
19,	1,	2,	2,	73,	uso_300ms_28.wav,	3,	289,	7.73,	2.4795327186584473,	15,	0.3
19,	1,	2,	2,	74,	uso_300ms_18.wav,	1,	232,	5.83,	1.9654479026794434,	15,	0.3
19,	1,	2,	2,	75,	uso_300ms_9.wav,	2,	243,	6.2,	5.115342855453491,	15,	0.3
