sub_id,cond_id,block_id,task_id,event_id,stim_id,speaker_id,led_id,led_distance,response_time,n_reps,isi
19,	1,	5,	2,	1,	uso_300ms_25.wav,	1,	90.17305400000046,	1.11,	nan,	90,	2
19,	1,	5,	2,	2,	uso_300ms_25.wav,	1,	102.00998400000044,	1.5,	nan,	90,	2
19,	1,	5,	2,	3,	uso_300ms_82.wav,	1,	150.04786900000045,	3.1,	nan,	90,	2
19,	1,	5,	2,	4,	uso_300ms_1.wav,	1,	150.04786900000045,	3.1,	nan,	90,	2
19,	1,	5,	2,	5,	uso_300ms_74.wav,	1,	150.04786900000045,	3.1,	nan,	90,	2
19,	1,	5,	2,	6,	uso_300ms_71.wav,	1,	150.04786900000045,	3.1,	nan,	90,	2
19,	1,	5,	2,	7,	uso_300ms_1.wav,	1,	150.04786900000045,	3.1,	nan,	90,	2
19,	1,	5,	2,	8,	uso_300ms_26.wav,	1,	150.04786900000045,	3.1,	nan,	90,	2
19,	1,	5,	2,	9,	uso_300ms_15.wav,	2,	177.59707600000024,	4.02,	nan,	90,	2
19,	1,	5,	2,	10,	uso_300ms_19.wav,	2,	177.59707600000024,	4.02,	nan,	90,	2
19,	1,	5,	2,	11,	uso_300ms_23.wav,	2,	177.59707600000024,	4.02,	nan,	90,	2
19,	1,	5,	2,	12,	uso_300ms_3.wav,	1,	151.73814500000046,	3.16,	nan,	90,	2
19,	1,	5,	2,	13,	uso_300ms_48.wav,	1,	151.73814500000046,	3.16,	nan,	90,	2
19,	1,	5,	2,	14,	uso_300ms_47.wav,	1,	151.73814500000046,	3.16,	nan,	90,	2
19,	1,	5,	2,	15,	uso_300ms_49.wav,	1,	151.73814500000046,	3.16,	nan,	90,	2
19,	1,	5,	2,	16,	uso_300ms_65.wav,	1,	151.73814500000046,	3.16,	nan,	90,	2
19,	1,	5,	2,	17,	uso_300ms_54.wav,	1,	151.73814500000046,	3.16,	nan,	90,	2
19,	1,	5,	2,	18,	uso_300ms_76.wav,	2,	174.00065100000052,	3.9,	nan,	90,	2
19,	1,	5,	2,	19,	uso_300ms_33.wav,	2,	179.2152730000002,	4.07,	nan,	90,	2
19,	1,	5,	2,	20,	uso_300ms_71.wav,	2,	179.29094999999992,	4.08,	nan,	90,	2
19,	1,	5,	2,	21,	uso_300ms_83.wav,	2,	179.29094999999992,	4.08,	nan,	90,	2
19,	1,	5,	2,	22,	uso_300ms_16.wav,	2,	179.29094999999992,	4.08,	nan,	90,	2
19,	1,	5,	2,	23,	uso_300ms_59.wav,	2,	179.29094999999992,	4.08,	nan,	90,	2
19,	1,	5,	2,	24,	uso_300ms_82.wav,	2,	179.29094999999992,	4.08,	nan,	90,	2
19,	1,	5,	2,	25,	uso_300ms_2.wav,	2,	179.29094999999992,	4.08,	nan,	90,	2
19,	1,	5,	2,	26,	uso_300ms_44.wav,	2,	179.3283859999999,	4.08,	nan,	90,	2
19,	1,	5,	2,	27,	uso_300ms_52.wav,	3,	213.41758799999997,	5.21,	nan,	90,	2
19,	1,	5,	2,	28,	uso_300ms_38.wav,	3,	213.67929699999908,	5.22,	nan,	90,	2
19,	1,	5,	2,	29,	uso_300ms_33.wav,	3,	213.7579979999988,	5.23,	nan,	90,	2
19,	1,	5,	2,	30,	uso_300ms_5.wav,	3,	213.76706999999874,	5.23,	nan,	90,	2
19,	1,	5,	2,	31,	uso_300ms_44.wav,	4,	233.13239499999844,	5.87,	nan,	90,	2
19,	1,	5,	2,	32,	uso_300ms_38.wav,	4,	233.29569099999748,	5.88,	nan,	90,	2
19,	1,	5,	2,	33,	uso_300ms_40.wav,	4,	233.4589869999965,	5.88,	nan,	90,	2
19,	1,	5,	2,	34,	uso_300ms_82.wav,	4,	233.62228299999555,	5.89,	nan,	90,	2
19,	1,	5,	2,	35,	uso_300ms_60.wav,	5,	254.71313599999488,	6.59,	nan,	90,	2
19,	1,	5,	2,	36,	uso_300ms_37.wav,	5,	255.12960099999407,	6.6,	nan,	90,	2
19,	1,	5,	2,	37,	uso_300ms_1.wav,	5,	255.53793899999295,	6.62,	nan,	90,	2
19,	1,	5,	2,	38,	uso_300ms_58.wav,	5,	255.93868199999181,	6.63,	nan,	90,	2
19,	1,	5,	2,	39,	uso_300ms_40.wav,	5,	287.938509999992,	7.7,	nan,	90,	2
19,	1,	5,	2,	40,	uso_300ms_73.wav,	5,	315.69398599999255,	8.62,	nan,	90,	2
19,	1,	5,	2,	41,	uso_300ms_72.wav,	5,	302.1740249999935,	8.17,	nan,	90,	2
19,	1,	5,	2,	42,	uso_300ms_46.wav,	5,	278.7506179999932,	7.39,	nan,	90,	2
19,	1,	5,	2,	43,	uso_300ms_60.wav,	5,	272.7446529999935,	7.19,	nan,	90,	2
19,	1,	5,	2,	44,	uso_300ms_36.wav,	5,	259.06868299999104,	6.74,	nan,	90,	2
19,	1,	5,	2,	45,	uso_300ms_1.wav,	4,	246.69471999999067,	6.32,	nan,	90,	2
19,	1,	5,	2,	46,	uso_300ms_34.wav,	4,	243.86249899999058,	6.23,	nan,	90,	2
19,	1,	5,	2,	47,	uso_300ms_3.wav,	4,	243.86249899999058,	6.23,	nan,	90,	2
19,	1,	5,	2,	48,	uso_300ms_12.wav,	4,	243.86249899999058,	6.23,	nan,	90,	2
19,	1,	5,	2,	49,	uso_300ms_73.wav,	5,	291.8988089999905,	7.83,	nan,	90,	2
19,	1,	5,	2,	50,	uso_300ms_96.wav,	5,	284.25742699999034,	7.58,	nan,	90,	2
19,	1,	5,	2,	51,	uso_300ms_68.wav,	5,	284.0380609999902,	7.57,	nan,	90,	2
19,	1,	5,	2,	52,	uso_300ms_3.wav,	5,	258.06404999999006,	6.7,	nan,	90,	2
19,	1,	5,	2,	53,	uso_300ms_28.wav,	4,	243.18762199999037,	6.21,	nan,	90,	2
19,	1,	5,	2,	54,	uso_300ms_76.wav,	5,	267.60630999999074,	7.02,	nan,	90,	2
19,	1,	5,	2,	55,	uso_300ms_58.wav,	5,	254.23952299999095,	6.57,	nan,	90,	2
19,	1,	5,	2,	56,	uso_300ms_73.wav,	4,	242.0185099999911,	6.17,	nan,	90,	2
19,	1,	5,	2,	57,	uso_300ms_90.wav,	4,	242.41410799999122,	6.18,	nan,	90,	2
19,	1,	5,	2,	58,	uso_300ms_44.wav,	4,	242.41410799999122,	6.18,	nan,	90,	2
19,	1,	5,	2,	59,	uso_300ms_11.wav,	4,	242.41410799999122,	6.18,	nan,	90,	2
19,	1,	5,	2,	60,	uso_300ms_49.wav,	4,	223.89654599999167,	5.56,	nan,	90,	2
19,	1,	5,	2,	61,	uso_300ms_54.wav,	3,	212.39670799999195,	5.18,	nan,	90,	2
19,	1,	5,	2,	62,	uso_300ms_72.wav,	3,	212.32056899999213,	5.18,	nan,	90,	2
19,	1,	5,	2,	63,	uso_300ms_15.wav,	3,	212.32056899999213,	5.18,	nan,	90,	2
19,	1,	5,	2,	64,	uso_300ms_23.wav,	3,	197.93118699999243,	4.7,	nan,	90,	2
19,	1,	5,	2,	65,	uso_300ms_22.wav,	2,	181.00103599999167,	4.13,	nan,	90,	2
19,	1,	5,	2,	66,	uso_300ms_43.wav,	2,	181.00103599999167,	4.13,	nan,	90,	2
19,	1,	5,	2,	67,	uso_300ms_10.wav,	2,	180.66969799999222,	4.12,	nan,	90,	2
19,	1,	5,	2,	68,	uso_300ms_12.wav,	1,	147.89854699999242,	3.03,	nan,	90,	2
19,	1,	5,	2,	69,	uso_300ms_41.wav,	1,	146.0689639999926,	2.97,	nan,	90,	2
19,	1,	5,	2,	70,	uso_300ms_58.wav,	1,	146.0689639999926,	2.97,	nan,	90,	2
19,	1,	5,	2,	71,	uso_300ms_27.wav,	1,	146.0689639999926,	2.97,	nan,	90,	2
19,	1,	5,	2,	72,	uso_300ms_97.wav,	2,	177.51734599999244,	4.02,	nan,	90,	2
19,	1,	5,	2,	73,	uso_300ms_72.wav,	5,	325.2993929999924,	8.94,	nan,	90,	2
19,	1,	5,	2,	74,	uso_300ms_81.wav,	5,	325.5014549999924,	8.95,	nan,	90,	2
19,	1,	5,	2,	75,	uso_300ms_60.wav,	5,	344.33953999999244,	9.58,	nan,	90,	2
19,	1,	5,	2,	76,	uso_300ms_24.wav,	5,	317.42218799999284,	8.68,	nan,	90,	2
19,	1,	5,	2,	77,	uso_300ms_65.wav,	5,	287.5083879999935,	7.68,	nan,	90,	2
19,	1,	5,	2,	78,	uso_300ms_6.wav,	5,	257.2225729999939,	6.67,	nan,	90,	2
19,	1,	5,	2,	79,	uso_300ms_51.wav,	4,	242.09102299999378,	6.17,	nan,	90,	2
19,	1,	5,	2,	80,	uso_300ms_88.wav,	4,	239.96213399999388,	6.1,	nan,	90,	2
19,	1,	5,	2,	81,	uso_300ms_11.wav,	3,	200.12168999999363,	4.77,	nan,	90,	2
19,	1,	5,	2,	82,	uso_300ms_69.wav,	3,	195.1949289999938,	4.61,	nan,	90,	2
19,	1,	5,	2,	83,	uso_300ms_7.wav,	2,	175.10588099999416,	3.94,	nan,	90,	2
19,	1,	5,	2,	84,	uso_300ms_50.wav,	2,	174.3426919999944,	3.91,	nan,	90,	2
19,	1,	5,	2,	85,	uso_300ms_50.wav,	3,	208.10553999999445,	5.04,	nan,	90,	2
19,	1,	5,	2,	86,	uso_300ms_19.wav,	2,	181.23180499999438,	4.14,	nan,	90,	2
19,	1,	5,	2,	87,	uso_300ms_49.wav,	3,	215.5691429999944,	5.29,	nan,	90,	2
19,	1,	5,	2,	88,	uso_300ms_10.wav,	2,	184.65486799999448,	4.26,	nan,	90,	2
19,	1,	5,	2,	89,	uso_300ms_19.wav,	1,	150.0723689999945,	3.1,	nan,	90,	2
19,	1,	5,	2,	90,	uso_300ms_31.wav,	2,	177.6856119999945,	4.02,	nan,	90,	2
