sub_id,cond_id,block_id,task_id,event_id,stim_id,speaker_id,led_id,led_distance,response_time,n_reps,isi
19,	1,	1,	2,	1,	uso_300ms_46.wav,	5,	246,	6.3,	21.377013444900513,	15,	0.3
19,	1,	1,	2,	2,	uso_300ms_37.wav,	4,	339,	9.4,	16.698765516281128,	15,	0.3
19,	1,	1,	2,	3,	uso_300ms_81.wav,	2,	366,	10.3,	4.4325456619262695,	15,	0.3
19,	1,	1,	2,	4,	uso_300ms_88.wav,	3,	322,	8.83,	8.25504446029663,	15,	0.3
19,	1,	1,	2,	5,	uso_300ms_34.wav,	1,	294,	7.9,	5.118767976760864,	15,	0.3
19,	1,	1,	2,	6,	uso_300ms_45.wav,	2,	342,	9.5,	3.6149580478668213,	15,	0.3
19,	1,	1,	2,	7,	uso_300ms_44.wav,	1,	318,	8.7,	7.280213356018066,	15,	0.3
19,	1,	1,	2,	8,	uso_300ms_37.wav,	4,	372,	10.5,	7.596320867538452,	15,	0.3
19,	1,	1,	2,	9,	uso_300ms_1.wav,	3,	402,	11.5,	3.691176652908325,	15,	0.3
19,	1,	1,	2,	10,	uso_300ms_85.wav,	5,	408,	11.7,	7.339042663574219,	15,	0.3
19,	1,	1,	2,	11,	uso_300ms_100.wav,	4,	356,	9.97,	7.906733512878418,	15,	0.3
19,	1,	1,	2,	12,	uso_300ms_96.wav,	3,	310,	8.43,	7.22585916519165,	15,	0.3
19,	1,	1,	2,	13,	uso_300ms_60.wav,	1,	275,	7.27,	6.0081281661987305,	15,	0.3
19,	1,	1,	2,	14,	uso_300ms_57.wav,	5,	323,	8.87,	5.4178736209869385,	15,	0.3
19,	1,	1,	2,	15,	uso_300ms_89.wav,	2,	280,	7.43,	5.402382850646973,	15,	0.3
19,	1,	1,	2,	16,	uso_300ms_57.wav,	5,	308,	8.37,	4.458699941635132,	15,	0.3
19,	1,	1,	2,	17,	uso_300ms_59.wav,	4,	319,	8.73,	4.450620889663696,	15,	0.3
19,	1,	1,	2,	18,	uso_300ms_53.wav,	3,	336,	9.3,	1.883707046508789,	15,	0.3
19,	1,	1,	2,	19,	uso_300ms_93.wav,	2,	290,	7.77,	5.26914644241333,	15,	0.3
19,	1,	1,	2,	20,	uso_300ms_75.wav,	1,	237,	6.0,	5.297132253646851,	15,	0.3
19,	1,	1,	2,	21,	uso_300ms_2.wav,	2,	277,	7.33,	4.595024824142456,	15,	0.3
19,	1,	1,	2,	22,	uso_300ms_11.wav,	4,	322,	8.83,	3.0068721771240234,	15,	0.3
19,	1,	1,	2,	23,	uso_300ms_21.wav,	1,	298,	8.03,	4.812820672988892,	15,	0.3
19,	1,	1,	2,	24,	uso_300ms_98.wav,	5,	262,	6.83,	5.507415533065796,	15,	0.3
19,	1,	1,	2,	25,	uso_300ms_51.wav,	3,	291,	7.8,	5.614163398742676,	15,	0.3
19,	1,	1,	2,	26,	uso_300ms_75.wav,	1,	239,	6.07,	2.890883207321167,	15,	0.3
19,	1,	1,	2,	27,	uso_300ms_77.wav,	2,	267,	7.0,	3.1357624530792236,	15,	0.3
19,	1,	1,	2,	28,	uso_300ms_59.wav,	4,	286,	7.63,	4.979317903518677,	15,	0.3
19,	1,	1,	2,	29,	uso_300ms_66.wav,	3,	312,	8.5,	4.568418264389038,	15,	0.3
19,	1,	1,	2,	30,	uso_300ms_10.wav,	5,	338,	9.37,	3.116931915283203,	15,	0.3
19,	1,	1,	2,	31,	uso_300ms_84.wav,	2,	244,	6.23,	3.0862107276916504,	15,	0.3
19,	1,	1,	2,	32,	uso_300ms_33.wav,	3,	286,	7.63,	6.785041570663452,	15,	0.3
19,	1,	1,	2,	33,	uso_300ms_97.wav,	5,	404,	11.57,	5.626818656921387,	15,	0.3
19,	1,	1,	2,	34,	uso_300ms_35.wav,	4,	360,	10.1,	4.153723955154419,	15,	0.3
19,	1,	1,	2,	35,	uso_300ms_69.wav,	1,	379,	10.73,	5.062932252883911,	15,	0.3
19,	1,	1,	2,	36,	uso_300ms_84.wav,	5,	276,	7.3,	2.7403695583343506,	15,	0.3
19,	1,	1,	2,	37,	uso_300ms_7.wav,	3,	244,	6.23,	4.285967111587524,	15,	0.3
19,	1,	1,	2,	38,	uso_300ms_82.wav,	1,	297,	8.0,	3.8805603981018066,	15,	0.3
19,	1,	1,	2,	39,	uso_300ms_6.wav,	4,	321,	8.8,	5.003501653671265,	15,	0.3
19,	1,	1,	2,	40,	uso_300ms_74.wav,	2,	333,	9.2,	4.323681116104126,	15,	0.3
19,	1,	1,	2,	41,	uso_300ms_99.wav,	3,	362,	10.17,	5.046425104141235,	15,	0.3
19,	1,	1,	2,	42,	uso_300ms_97.wav,	2,	264,	6.9,	2.7101240158081055,	15,	0.3
19,	1,	1,	2,	43,	uso_300ms_33.wav,	4,	229,	5.73,	6.887299299240112,	15,	0.3
19,	1,	1,	2,	44,	uso_300ms_94.wav,	5,	282,	7.5,	3.560159206390381,	15,	0.3
19,	1,	1,	2,	45,	uso_300ms_15.wav,	1,	217,	5.33,	4.013253211975098,	15,	0.3
19,	1,	1,	2,	46,	uso_300ms_52.wav,	2,	264,	6.9,	4.948950290679932,	15,	0.3
19,	1,	1,	2,	47,	uso_300ms_74.wav,	5,	278,	7.37,	6.045013666152954,	15,	0.3
19,	1,	1,	2,	48,	uso_300ms_5.wav,	3,	290,	7.77,	4.929896593093872,	15,	0.3
19,	1,	1,	2,	49,	uso_300ms_70.wav,	1,	212,	5.17,	2.7864315509796143,	15,	0.3
19,	1,	1,	2,	50,	uso_300ms_76.wav,	4,	248,	6.37,	2.708672046661377,	15,	0.3
19,	1,	1,	2,	51,	uso_300ms_76.wav,	1,	230,	5.77,	4.6550562381744385,	15,	0.3
19,	1,	1,	2,	52,	uso_300ms_51.wav,	2,	259,	6.73,	4.590266704559326,	15,	0.3
19,	1,	1,	2,	53,	uso_300ms_5.wav,	4,	282,	7.5,	3.4115614891052246,	15,	0.3
19,	1,	1,	2,	54,	uso_300ms_12.wav,	5,	295,	7.93,	4.130746364593506,	15,	0.3
19,	1,	1,	2,	55,	uso_300ms_67.wav,	3,	205,	4.93,	2.88175630569458,	15,	0.3
19,	1,	1,	2,	56,	uso_300ms_27.wav,	1,	171,	3.8,	1.9228684902191162,	15,	0.3
19,	1,	1,	2,	57,	uso_300ms_26.wav,	3,	219,	5.4,	2.9385244846343994,	15,	0.3
19,	1,	1,	2,	58,	uso_300ms_22.wav,	5,	249,	6.4,	3.385643243789673,	15,	0.3
19,	1,	1,	2,	59,	uso_300ms_52.wav,	2,	203,	4.87,	2.6549324989318848,	15,	0.3
19,	1,	1,	2,	60,	uso_300ms_92.wav,	4,	238,	6.03,	3.1798341274261475,	15,	0.3
19,	1,	1,	2,	61,	uso_300ms_32.wav,	2,	262,	6.83,	4.06950306892395,	15,	0.3
19,	1,	1,	2,	62,	uso_300ms_52.wav,	4,	287,	7.67,	2.785885810852051,	15,	0.3
19,	1,	1,	2,	63,	uso_300ms_91.wav,	5,	302,	8.17,	4.810921907424927,	15,	0.3
19,	1,	1,	2,	64,	uso_300ms_15.wav,	3,	310,	8.43,	5.027792453765869,	15,	0.3
19,	1,	1,	2,	65,	uso_300ms_82.wav,	1,	254,	6.57,	3.7105329036712646,	15,	0.3
19,	1,	1,	2,	66,	uso_300ms_40.wav,	2,	268,	7.03,	5.003673791885376,	15,	0.3
19,	1,	1,	2,	67,	uso_300ms_75.wav,	1,	197,	4.67,	2.579103469848633,	15,	0.3
19,	1,	1,	2,	68,	uso_300ms_1.wav,	5,	248,	6.37,	4.826295614242554,	15,	0.3
19,	1,	1,	2,	69,	uso_300ms_8.wav,	4,	286,	7.63,	1.7584223747253418,	15,	0.3
19,	1,	1,	2,	70,	uso_300ms_70.wav,	3,	266,	6.97,	3.169684648513794,	15,	0.3
19,	1,	1,	2,	71,	uso_300ms_3.wav,	2,	235,	5.93,	4.320579767227173,	15,	0.3
19,	1,	1,	2,	72,	uso_300ms_100.wav,	5,	279,	7.4,	4.797886371612549,	15,	0.3
19,	1,	1,	2,	73,	uso_300ms_82.wav,	1,	208,	5.03,	1.9014208316802979,	15,	0.3
19,	1,	1,	2,	74,	uso_300ms_96.wav,	3,	190,	4.43,	3.5287322998046875,	15,	0.3
19,	1,	1,	2,	75,	uso_300ms_65.wav,	4,	246,	6.3,	3.4250898361206055,	15,	0.3
