sub_id,cond_id,block_id,task_id,event_id,stim_id,speaker_id,led_id,led_distance,response_time,n_reps,isi
Basti_2,	2,	6,	1,	1,	uso_300ms_76.wav,	6,	173,	3.87,	0.26593017578125,	15,	0.3
Basti_2,	2,	6,	1,	2,	uso_300ms_21.wav,	4,	245,	6.27,	1.0405306816101074,	15,	0.3
Basti_2,	2,	6,	1,	3,	uso_300ms_67.wav,	10,	370,	10.43,	1.4413950443267822,	15,	0.3
Basti_2,	2,	6,	1,	4,	uso_300ms_12.wav,	1,	370,	10.43,	0.6650807857513428,	15,	0.3
Basti_2,	2,	6,	1,	5,	uso_300ms_2.wav,	5,	370,	10.43,	0.20037293434143066,	15,	0.3
Basti_2,	2,	6,	1,	6,	uso_300ms_25.wav,	9,	370,	10.43,	0.8300185203552246,	15,	0.3
Basti_2,	2,	6,	1,	7,	uso_300ms_50.wav,	8,	370,	10.43,	0.8642950057983398,	15,	0.3
Basti_2,	2,	6,	1,	8,	uso_300ms_77.wav,	0,	138,	2.7,	2.8972926139831543,	15,	0.3
Basti_2,	2,	6,	1,	9,	uso_300ms_62.wav,	7,	322,	8.83,	1.7900307178497314,	15,	0.3
Basti_2,	2,	6,	1,	10,	uso_300ms_25.wav,	2,	200,	4.77,	1.5192604064941406,	15,	0.3
Basti_2,	2,	6,	1,	11,	uso_300ms_40.wav,	3,	200,	4.77,	0.5020766258239746,	15,	0.3
Basti_2,	2,	6,	1,	12,	uso_300ms_51.wav,	8,	200,	4.77,	0.5043761730194092,	15,	0.3
Basti_2,	2,	6,	1,	13,	uso_300ms_71.wav,	10,	200,	4.77,	0.45680785179138184,	15,	0.3
Basti_2,	2,	6,	1,	14,	uso_300ms_85.wav,	9,	200,	4.77,	0.45841121673583984,	15,	0.3
Basti_2,	2,	6,	1,	15,	uso_300ms_96.wav,	4,	200,	4.77,	0.5029029846191406,	15,	0.3
Basti_2,	2,	6,	1,	16,	uso_300ms_90.wav,	1,	200,	4.77,	0.4521901607513428,	15,	0.3
Basti_2,	2,	6,	1,	17,	uso_300ms_16.wav,	3,	200,	4.77,	0.5027518272399902,	15,	0.3
Basti_2,	2,	6,	1,	18,	uso_300ms_95.wav,	0,	200,	4.77,	0.5244898796081543,	15,	0.3
Basti_2,	2,	6,	1,	19,	uso_300ms_32.wav,	6,	200,	4.77,	0.5006730556488037,	15,	0.3
Basti_2,	2,	6,	1,	20,	uso_300ms_67.wav,	7,	200,	4.77,	0.4444746971130371,	15,	0.3
Basti_2,	2,	6,	1,	21,	uso_300ms_25.wav,	5,	200,	4.77,	0.4585912227630615,	15,	0.3
Basti_2,	2,	6,	1,	22,	uso_300ms_78.wav,	2,	200,	4.77,	0.4588010311126709,	15,	0.3
Basti_2,	2,	6,	1,	23,	uso_300ms_91.wav,	4,	200,	4.77,	0.46227335929870605,	15,	0.3
Basti_2,	2,	6,	1,	24,	uso_300ms_85.wav,	5,	200,	4.77,	0.41365504264831543,	15,	0.3
Basti_2,	2,	6,	1,	25,	uso_300ms_46.wav,	3,	200,	4.77,	0.4081408977508545,	15,	0.3
Basti_2,	2,	6,	1,	26,	uso_300ms_74.wav,	1,	200,	4.77,	0.5222744941711426,	15,	0.3
Basti_2,	2,	6,	1,	27,	uso_300ms_72.wav,	9,	200,	4.77,	0.5381226539611816,	15,	0.3
Basti_2,	2,	6,	1,	28,	uso_300ms_92.wav,	6,	200,	4.77,	0.7647602558135986,	15,	0.3
Basti_2,	2,	6,	1,	29,	uso_300ms_44.wav,	8,	200,	4.77,	0.6432249546051025,	15,	0.3
Basti_2,	2,	6,	1,	30,	uso_300ms_47.wav,	7,	200,	4.77,	0.8571767807006836,	15,	0.3
Basti_2,	2,	6,	1,	31,	uso_300ms_7.wav,	10,	200,	4.77,	1.0447478294372559,	15,	0.3
