sub_id,cond_id,block_id,task_id,event_id,stim_id,speaker_id,led_id,led_distance,response_time,n_reps,isi
Basti_2,	2,	1,	3,	1,	uso_300ms_54.wav,	9,	397,	11.33,	2.5402917861938477,	15,	0.3
Basti_2,	2,	1,	3,	2,	uso_300ms_85.wav,	6,	322,	8.83,	1.20839524269104,	15,	0.3
Basti_2,	2,	1,	3,	3,	uso_300ms_91.wav,	8,	322,	8.83,	0.20035195350646973,	15,	0.3
Basti_2,	2,	1,	3,	4,	uso_300ms_25.wav,	5,	391,	11.13,	0.20050954818725586,	15,	0.3
Basti_2,	2,	1,	3,	5,	uso_300ms_3.wav,	7,	377,	10.67,	0.20052123069763184,	15,	0.3
Basti_2,	2,	1,	3,	6,	uso_300ms_81.wav,	6,	365,	10.27,	0.2012956142425537,	15,	0.3
Basti_2,	2,	1,	3,	7,	uso_300ms_34.wav,	5,	366,	10.3,	0.20123696327209473,	15,	0.3
Basti_2,	2,	1,	3,	8,	uso_300ms_25.wav,	9,	366,	10.3,	0.2005302906036377,	15,	0.3
Basti_2,	2,	1,	3,	9,	uso_300ms_40.wav,	8,	366,	10.3,	0.20090007781982422,	15,	0.3
Basti_2,	2,	1,	3,	10,	uso_300ms_88.wav,	7,	366,	10.3,	0.20058774948120117,	15,	0.3
Basti_2,	2,	1,	3,	11,	uso_300ms_26.wav,	9,	366,	10.3,	0.20042920112609863,	15,	0.3
Basti_2,	2,	1,	3,	12,	uso_300ms_60.wav,	6,	366,	10.3,	0.200545072555542,	15,	0.3
Basti_2,	2,	1,	3,	13,	uso_300ms_96.wav,	8,	366,	10.3,	0.20010900497436523,	15,	0.3
Basti_2,	2,	1,	3,	14,	uso_300ms_76.wav,	5,	366,	10.3,	0.20032668113708496,	15,	0.3
Basti_2,	2,	1,	3,	15,	uso_300ms_89.wav,	7,	366,	10.3,	0.20006847381591797,	15,	0.3
Basti_2,	2,	1,	3,	16,	uso_300ms_97.wav,	8,	366,	10.3,	0.20035147666931152,	15,	0.3
Basti_2,	2,	1,	3,	17,	uso_300ms_26.wav,	5,	366,	10.3,	0.2013399600982666,	15,	0.3
Basti_2,	2,	1,	3,	18,	uso_300ms_69.wav,	9,	366,	10.3,	0.20127201080322266,	15,	0.3
Basti_2,	2,	1,	3,	19,	uso_300ms_57.wav,	7,	316,	8.63,	0.20101594924926758,	15,	0.3
Basti_2,	2,	1,	3,	20,	uso_300ms_45.wav,	6,	316,	8.63,	0.20003771781921387,	15,	0.3
Basti_2,	2,	1,	3,	21,	uso_300ms_15.wav,	5,	315,	8.6,	0.20046353340148926,	15,	0.3
Basti_2,	2,	1,	3,	22,	uso_300ms_45.wav,	9,	309,	8.4,	0.20119976997375488,	15,	0.3
Basti_2,	2,	1,	3,	23,	uso_300ms_30.wav,	6,	326,	8.97,	0.20059537887573242,	15,	0.3
Basti_2,	2,	1,	3,	24,	uso_300ms_20.wav,	7,	357,	10.0,	0.20114707946777344,	15,	0.3
Basti_2,	2,	1,	3,	25,	uso_300ms_63.wav,	8,	343,	9.53,	0.20107769966125488,	15,	0.3
Basti_2,	2,	1,	3,	26,	uso_300ms_73.wav,	9,	332,	9.17,	0.2005305290222168,	15,	0.3
Basti_2,	2,	1,	3,	27,	uso_300ms_12.wav,	6,	332,	9.17,	0.2006068229675293,	15,	0.3
Basti_2,	2,	1,	3,	28,	uso_300ms_28.wav,	7,	332,	9.17,	0.32378697395324707,	15,	0.3
Basti_2,	2,	1,	3,	29,	uso_300ms_4.wav,	5,	332,	9.17,	0.6703720092773438,	15,	0.3
Basti_2,	2,	1,	3,	30,	uso_300ms_62.wav,	8,	332,	9.17,	0.6487431526184082,	15,	0.3
Basti_2,	2,	1,	3,	31,	uso_300ms_32.wav,	6,	332,	9.17,	0.696887731552124,	15,	0.3
Basti_2,	2,	1,	3,	32,	uso_300ms_78.wav,	8,	332,	9.17,	0.9895398616790771,	15,	0.3
Basti_2,	2,	1,	3,	33,	uso_300ms_26.wav,	9,	371,	10.47,	1.5784931182861328,	15,	0.3
Basti_2,	2,	1,	3,	34,	uso_300ms_90.wav,	7,	330,	9.1,	1.056044340133667,	15,	0.3
Basti_2,	2,	1,	3,	35,	uso_300ms_22.wav,	5,	285,	7.6,	1.1150274276733398,	15,	0.3
Basti_2,	2,	1,	3,	36,	uso_300ms_42.wav,	7,	331,	9.13,	0.942711353302002,	15,	0.3
Basti_2,	2,	1,	3,	37,	uso_300ms_64.wav,	5,	275,	7.27,	1.9449594020843506,	15,	0.3
Basti_2,	2,	1,	3,	38,	uso_300ms_84.wav,	6,	348,	9.7,	1.4808554649353027,	15,	0.3
Basti_2,	2,	1,	3,	39,	uso_300ms_5.wav,	9,	404,	11.57,	1.3054571151733398,	15,	0.3
Basti_2,	2,	1,	3,	40,	uso_300ms_21.wav,	8,	338,	9.37,	1.0930511951446533,	15,	0.3
Basti_2,	2,	1,	3,	41,	uso_300ms_88.wav,	7,	309,	8.4,	0.9048023223876953,	15,	0.3
Basti_2,	2,	1,	3,	42,	uso_300ms_12.wav,	6,	272,	7.17,	0.8646776676177979,	15,	0.3
Basti_2,	2,	1,	3,	43,	uso_300ms_43.wav,	9,	336,	9.3,	0.9633841514587402,	15,	0.3
Basti_2,	2,	1,	3,	44,	uso_300ms_11.wav,	5,	285,	7.6,	1.076916217803955,	15,	0.3
Basti_2,	2,	1,	3,	45,	uso_300ms_14.wav,	8,	355,	9.93,	0.9582033157348633,	15,	0.3
Basti_2,	2,	1,	3,	46,	uso_300ms_88.wav,	9,	403,	11.53,	1.1138801574707031,	15,	0.3
Basti_2,	2,	1,	3,	47,	uso_300ms_65.wav,	5,	296,	7.97,	1.2863612174987793,	15,	0.3
Basti_2,	2,	1,	3,	48,	uso_300ms_43.wav,	6,	239,	6.07,	1.0980207920074463,	15,	0.3
Basti_2,	2,	1,	3,	49,	uso_300ms_15.wav,	8,	371,	10.47,	1.4836654663085938,	15,	0.3
Basti_2,	2,	1,	3,	50,	uso_300ms_21.wav,	7,	337,	9.33,	0.7961835861206055,	15,	0.3
Basti_2,	2,	1,	3,	51,	uso_300ms_82.wav,	6,	337,	9.33,	0.5406522750854492,	15,	0.3
Basti_2,	2,	1,	3,	52,	uso_300ms_43.wav,	9,	337,	9.33,	0.2010183334350586,	15,	0.3
Basti_2,	2,	1,	3,	53,	uso_300ms_73.wav,	8,	337,	9.33,	0.20036053657531738,	15,	0.3
Basti_2,	2,	1,	3,	54,	uso_300ms_34.wav,	7,	337,	9.33,	0.2001361846923828,	15,	0.3
Basti_2,	2,	1,	3,	55,	uso_300ms_38.wav,	5,	337,	9.33,	0.20009922981262207,	15,	0.3
Basti_2,	2,	1,	3,	56,	uso_300ms_55.wav,	9,	337,	9.33,	0.20083403587341309,	15,	0.3
Basti_2,	2,	1,	3,	57,	uso_300ms_37.wav,	5,	337,	9.33,	0.20047283172607422,	15,	0.3
Basti_2,	2,	1,	3,	58,	uso_300ms_6.wav,	6,	337,	9.33,	0.2012927532196045,	15,	0.3
Basti_2,	2,	1,	3,	59,	uso_300ms_92.wav,	8,	337,	9.33,	0.2004239559173584,	15,	0.3
Basti_2,	2,	1,	3,	60,	uso_300ms_63.wav,	7,	337,	9.33,	0.20079851150512695,	15,	0.3
Basti_2,	2,	1,	3,	61,	uso_300ms_31.wav,	9,	337,	9.33,	0.20117712020874023,	15,	0.3
Basti_2,	2,	1,	3,	62,	uso_300ms_17.wav,	5,	337,	9.33,	0.20085906982421875,	15,	0.3
Basti_2,	2,	1,	3,	63,	uso_300ms_38.wav,	6,	337,	9.33,	0.20100975036621094,	15,	0.3
Basti_2,	2,	1,	3,	64,	uso_300ms_45.wav,	7,	337,	9.33,	0.2005479335784912,	15,	0.3
Basti_2,	2,	1,	3,	65,	uso_300ms_30.wav,	8,	337,	9.33,	0.20044875144958496,	15,	0.3
Basti_2,	2,	1,	3,	66,	uso_300ms_43.wav,	7,	337,	9.33,	0.20006060600280762,	15,	0.3
Basti_2,	2,	1,	3,	67,	uso_300ms_23.wav,	5,	337,	9.33,	0.20111346244812012,	15,	0.3
Basti_2,	2,	1,	3,	68,	uso_300ms_64.wav,	9,	337,	9.33,	0.20020508766174316,	15,	0.3
Basti_2,	2,	1,	3,	69,	uso_300ms_83.wav,	6,	337,	9.33,	0.20111870765686035,	15,	0.3
Basti_2,	2,	1,	3,	70,	uso_300ms_9.wav,	8,	337,	9.33,	0.20016074180603027,	15,	0.3
Basti_2,	2,	1,	3,	71,	uso_300ms_44.wav,	7,	337,	9.33,	0.2009899616241455,	15,	0.3
Basti_2,	2,	1,	3,	72,	uso_300ms_26.wav,	8,	337,	9.33,	0.20097112655639648,	15,	0.3
Basti_2,	2,	1,	3,	73,	uso_300ms_46.wav,	5,	337,	9.33,	0.20046591758728027,	15,	0.3
Basti_2,	2,	1,	3,	74,	uso_300ms_33.wav,	6,	249,	6.4,	0.20003819465637207,	15,	0.3
Basti_2,	2,	1,	3,	75,	uso_300ms_29.wav,	9,	246,	6.3,	0.2009892463684082,	15,	0.3
