sub_id,cond_id,block_id,task_id,event_id,stim_id,speaker_id,led_id,led_distance,response_time,n_reps,isi
Basti_2,	1,	1,	2,	1,	uso_300ms_30.wav,	4,	255,	6.6,	5.897273540496826,	15,	0.3
Basti_2,	1,	1,	2,	2,	uso_300ms_82.wav,	3,	181,	4.13,	1.6795673370361328,	15,	0.3
Basti_2,	1,	1,	2,	3,	uso_300ms_8.wav,	5,	225,	5.6,	1.5098512172698975,	15,	0.3
Basti_2,	1,	1,	2,	4,	uso_300ms_74.wav,	2,	162,	3.5,	2.014807939529419,	15,	0.3
Basti_2,	1,	1,	2,	5,	uso_300ms_35.wav,	1,	133,	2.53,	1.6682515144348145,	15,	0.3
Basti_2,	1,	1,	2,	6,	uso_300ms_66.wav,	4,	219,	5.4,	1.6938605308532715,	15,	0.3
Basti_2,	1,	1,	2,	7,	uso_300ms_19.wav,	2,	195,	4.6,	1.9285871982574463,	15,	0.3
Basti_2,	1,	1,	2,	8,	uso_300ms_85.wav,	5,	269,	7.07,	1.6745903491973877,	15,	0.3
Basti_2,	1,	1,	2,	9,	uso_300ms_97.wav,	3,	193,	4.53,	1.4532341957092285,	15,	0.3
Basti_2,	1,	1,	2,	10,	uso_300ms_99.wav,	1,	142,	2.83,	1.486649990081787,	15,	0.3
Basti_2,	1,	1,	2,	11,	uso_300ms_4.wav,	4,	200,	4.77,	2.241712808609009,	15,	0.3
Basti_2,	1,	1,	2,	12,	uso_300ms_96.wav,	5,	285,	7.6,	1.4539787769317627,	15,	0.3
Basti_2,	1,	1,	2,	13,	uso_300ms_48.wav,	3,	184,	4.23,	1.4496114253997803,	15,	0.3
Basti_2,	1,	1,	2,	14,	uso_300ms_5.wav,	2,	205,	4.93,	2.0923736095428467,	15,	0.3
Basti_2,	1,	1,	2,	15,	uso_300ms_40.wav,	1,	123,	2.2,	1.4403448104858398,	15,	0.3
Basti_2,	1,	1,	2,	16,	uso_300ms_7.wav,	3,	200,	4.77,	1.7697672843933105,	15,	0.3
Basti_2,	1,	1,	2,	17,	uso_300ms_73.wav,	1,	174,	3.9,	1.883974313735962,	15,	0.3
Basti_2,	1,	1,	2,	18,	uso_300ms_80.wav,	5,	257,	6.67,	1.6277282238006592,	15,	0.3
Basti_2,	1,	1,	2,	19,	uso_300ms_14.wav,	2,	163,	3.53,	1.9918341636657715,	15,	0.3
Basti_2,	1,	1,	2,	20,	uso_300ms_7.wav,	4,	251,	6.47,	1.644190788269043,	15,	0.3
Basti_2,	1,	1,	2,	21,	uso_300ms_85.wav,	5,	281,	7.47,	1.9013876914978027,	15,	0.3
Basti_2,	1,	1,	2,	22,	uso_300ms_76.wav,	1,	145,	2.93,	1.498568058013916,	15,	0.3
Basti_2,	1,	1,	2,	23,	uso_300ms_12.wav,	4,	215,	5.27,	1.3560473918914795,	15,	0.3
Basti_2,	1,	1,	2,	24,	uso_300ms_37.wav,	2,	143,	2.87,	1.52024245262146,	15,	0.3
Basti_2,	1,	1,	2,	25,	uso_300ms_91.wav,	3,	185,	4.27,	1.3057634830474854,	15,	0.3
Basti_2,	1,	1,	2,	26,	uso_300ms_51.wav,	1,	152,	3.17,	1.524794340133667,	15,	0.3
Basti_2,	1,	1,	2,	27,	uso_300ms_25.wav,	2,	169,	3.73,	1.1275224685668945,	15,	0.3
Basti_2,	1,	1,	2,	28,	uso_300ms_59.wav,	3,	205,	4.93,	1.3026936054229736,	15,	0.3
Basti_2,	1,	1,	2,	29,	uso_300ms_54.wav,	5,	257,	6.67,	1.6916682720184326,	15,	0.3
Basti_2,	1,	1,	2,	30,	uso_300ms_41.wav,	4,	291,	7.8,	2.418193817138672,	15,	0.3
Basti_2,	1,	1,	2,	31,	uso_300ms_4.wav,	2,	184,	4.23,	2.175057888031006,	15,	0.3
Basti_2,	1,	1,	2,	32,	uso_300ms_98.wav,	5,	238,	6.03,	1.7721784114837646,	15,	0.3
Basti_2,	1,	1,	2,	33,	uso_300ms_88.wav,	3,	176,	3.97,	1.8453621864318848,	15,	0.3
Basti_2,	1,	1,	2,	34,	uso_300ms_31.wav,	1,	144,	2.9,	1.777435064315796,	15,	0.3
Basti_2,	1,	1,	2,	35,	uso_300ms_36.wav,	4,	225,	5.6,	1.5254497528076172,	15,	0.3
Basti_2,	1,	1,	2,	36,	uso_300ms_18.wav,	2,	164,	3.57,	1.4767506122589111,	15,	0.3
Basti_2,	1,	1,	2,	37,	uso_300ms_57.wav,	3,	200,	4.77,	1.461836814880371,	15,	0.3
Basti_2,	1,	1,	2,	38,	uso_300ms_29.wav,	1,	162,	3.5,	1.4301822185516357,	15,	0.3
Basti_2,	1,	1,	2,	39,	uso_300ms_52.wav,	4,	238,	6.03,	1.275481939315796,	15,	0.3
Basti_2,	1,	1,	2,	40,	uso_300ms_10.wav,	5,	270,	7.1,	1.6874361038208008,	15,	0.3
Basti_2,	1,	1,	2,	41,	uso_300ms_82.wav,	3,	202,	4.83,	1.7836494445800781,	15,	0.3
Basti_2,	1,	1,	2,	42,	uso_300ms_66.wav,	1,	156,	3.3,	1.5445711612701416,	15,	0.3
Basti_2,	1,	1,	2,	43,	uso_300ms_68.wav,	4,	240,	6.1,	1.9022445678710938,	15,	0.3
Basti_2,	1,	1,	2,	44,	uso_300ms_1.wav,	5,	266,	6.97,	1.0976762771606445,	15,	0.3
Basti_2,	1,	1,	2,	45,	uso_300ms_41.wav,	2,	196,	4.63,	1.184326171875,	15,	0.3
Basti_2,	1,	1,	2,	46,	uso_300ms_11.wav,	4,	256,	6.63,	1.3443987369537354,	15,	0.3
Basti_2,	1,	1,	2,	47,	uso_300ms_30.wav,	5,	256,	6.63,	0.4637603759765625,	15,	0.3
Basti_2,	1,	1,	2,	48,	uso_300ms_73.wav,	1,	256,	6.63,	0.547407865524292,	15,	0.3
Basti_2,	1,	1,	2,	49,	uso_300ms_1.wav,	3,	256,	6.63,	0.20049190521240234,	15,	0.3
Basti_2,	1,	1,	2,	50,	uso_300ms_17.wav,	2,	256,	6.63,	0.20003986358642578,	15,	0.3
Basti_2,	1,	1,	2,	51,	uso_300ms_72.wav,	1,	256,	6.63,	0.20094561576843262,	15,	0.3
Basti_2,	1,	1,	2,	52,	uso_300ms_20.wav,	5,	256,	6.63,	0.20071983337402344,	15,	0.3
Basti_2,	1,	1,	2,	53,	uso_300ms_59.wav,	4,	256,	6.63,	0.20079398155212402,	15,	0.3
Basti_2,	1,	1,	2,	54,	uso_300ms_64.wav,	2,	256,	6.63,	0.20100903511047363,	15,	0.3
Basti_2,	1,	1,	2,	55,	uso_300ms_15.wav,	3,	256,	6.63,	0.20097637176513672,	15,	0.3
Basti_2,	1,	1,	2,	56,	uso_300ms_100.wav,	1,	256,	6.63,	0.20008301734924316,	15,	0.3
Basti_2,	1,	1,	2,	57,	uso_300ms_69.wav,	4,	256,	6.63,	0.2005476951599121,	15,	0.3
Basti_2,	1,	1,	2,	58,	uso_300ms_16.wav,	3,	256,	6.63,	0.20024776458740234,	15,	0.3
Basti_2,	1,	1,	2,	59,	uso_300ms_55.wav,	5,	256,	6.63,	0.2009587287902832,	15,	0.3
Basti_2,	1,	1,	2,	60,	uso_300ms_34.wav,	2,	256,	6.63,	0.2012169361114502,	15,	0.3
Basti_2,	1,	1,	2,	61,	uso_300ms_74.wav,	1,	256,	6.63,	0.2004086971282959,	15,	0.3
Basti_2,	1,	1,	2,	62,	uso_300ms_77.wav,	2,	256,	6.63,	0.2013239860534668,	15,	0.3
Basti_2,	1,	1,	2,	63,	uso_300ms_31.wav,	4,	256,	6.63,	0.20007014274597168,	15,	0.3
Basti_2,	1,	1,	2,	64,	uso_300ms_28.wav,	3,	256,	6.63,	0.20014214515686035,	15,	0.3
Basti_2,	1,	1,	2,	65,	uso_300ms_65.wav,	5,	256,	6.63,	0.20025157928466797,	15,	0.3
Basti_2,	1,	1,	2,	66,	uso_300ms_47.wav,	1,	256,	6.63,	0.20004820823669434,	15,	0.3
Basti_2,	1,	1,	2,	67,	uso_300ms_7.wav,	3,	256,	6.63,	0.20027995109558105,	15,	0.3
Basti_2,	1,	1,	2,	68,	uso_300ms_17.wav,	5,	256,	6.63,	0.20027422904968262,	15,	0.3
Basti_2,	1,	1,	2,	69,	uso_300ms_96.wav,	4,	256,	6.63,	0.2010037899017334,	15,	0.3
Basti_2,	1,	1,	2,	70,	uso_300ms_99.wav,	2,	256,	6.63,	0.20082759857177734,	15,	0.3
Basti_2,	1,	1,	2,	71,	uso_300ms_81.wav,	3,	256,	6.63,	0.20007658004760742,	15,	0.3
Basti_2,	1,	1,	2,	72,	uso_300ms_68.wav,	1,	256,	6.63,	0.20110177993774414,	15,	0.3
Basti_2,	1,	1,	2,	73,	uso_300ms_27.wav,	2,	256,	6.63,	0.20112299919128418,	15,	0.3
Basti_2,	1,	1,	2,	74,	uso_300ms_66.wav,	5,	256,	6.63,	0.20017266273498535,	15,	0.3
Basti_2,	1,	1,	2,	75,	uso_300ms_92.wav,	4,	256,	6.63,	0.20119357109069824,	15,	0.3
