sub_id,cond_id,block_id,task_id,event_id,stim_id,speaker_id,led_id,led_distance,response_time,n_reps,isi
06,	2,	1,	3,	1,	uso_300ms_84.wav,	6,	90,	1.1,	0.20093369483947754,	15,	0.3
06,	2,	1,	3,	2,	uso_300ms_18.wav,	9,	192,	4.5,	33.94386577606201,	15,	0.3
06,	2,	1,	3,	3,	uso_300ms_27.wav,	7,	295,	7.93,	18.65031361579895,	15,	0.3
06,	2,	1,	3,	4,	uso_300ms_23.wav,	5,	308,	8.37,	15.352939128875732,	15,	0.3
06,	2,	1,	3,	5,	uso_300ms_74.wav,	8,	250,	6.43,	16.43066143989563,	15,	0.3
06,	2,	1,	3,	6,	uso_300ms_83.wav,	5,	255,	6.6,	26.34420943260193,	15,	0.3
06,	2,	1,	3,	7,	uso_300ms_36.wav,	9,	360,	10.1,	27.28753113746643,	15,	0.3
06,	2,	1,	3,	8,	uso_300ms_36.wav,	6,	349,	9.73,	21.509581089019775,	15,	0.3
06,	2,	1,	3,	9,	uso_300ms_45.wav,	7,	340,	9.43,	19.313048362731934,	15,	0.3
06,	2,	1,	3,	10,	uso_300ms_12.wav,	8,	392,	11.17,	14.251171827316284,	15,	0.3
06,	2,	1,	3,	11,	uso_300ms_96.wav,	9,	313,	8.53,	19.594882011413574,	15,	0.3
06,	2,	1,	3,	12,	uso_300ms_85.wav,	6,	379,	10.73,	15.684598445892334,	15,	0.3
06,	2,	1,	3,	13,	uso_300ms_47.wav,	5,	419,	12.07,	19.63339400291443,	15,	0.3
06,	2,	1,	3,	14,	uso_300ms_87.wav,	8,	427,	12.33,	20.356260776519775,	15,	0.3
06,	2,	1,	3,	15,	uso_300ms_83.wav,	7,	419,	12.07,	14.13388991355896,	15,	0.3
06,	2,	1,	3,	16,	uso_300ms_66.wav,	9,	423,	12.2,	12.82569146156311,	15,	0.3
06,	2,	1,	3,	17,	uso_300ms_74.wav,	6,	381,	10.8,	5.695984363555908,	15,	0.3
06,	2,	1,	3,	18,	uso_300ms_17.wav,	8,	274,	7.23,	19.11977744102478,	15,	0.3
06,	2,	1,	3,	19,	uso_300ms_42.wav,	5,	259,	6.73,	11.964300632476807,	15,	0.3
06,	2,	1,	3,	20,	uso_300ms_76.wav,	7,	336,	9.3,	18.848631620407104,	15,	0.3
06,	2,	1,	3,	21,	uso_300ms_23.wav,	5,	428,	12.37,	28.955523014068604,	15,	0.3
06,	2,	1,	3,	22,	uso_300ms_79.wav,	8,	437,	12.67,	13.346541404724121,	15,	0.3
06,	2,	1,	3,	23,	uso_300ms_55.wav,	7,	223,	5.53,	18.33028507232666,	15,	0.3
06,	2,	1,	3,	24,	uso_300ms_29.wav,	6,	241,	6.13,	20.22260355949402,	15,	0.3
06,	2,	1,	3,	25,	uso_300ms_85.wav,	9,	401,	11.47,	12.518488645553589,	15,	0.3
06,	2,	1,	3,	26,	uso_300ms_8.wav,	7,	434,	12.57,	22.035866022109985,	15,	0.3
06,	2,	1,	3,	27,	uso_300ms_92.wav,	6,	115,	1.93,	14.448154926300049,	15,	0.3
06,	2,	1,	3,	28,	uso_300ms_37.wav,	5,	118,	2.03,	7.3079750537872314,	15,	0.3
06,	2,	1,	3,	29,	uso_300ms_85.wav,	8,	115,	1.93,	11.834436416625977,	15,	0.3
06,	2,	1,	3,	30,	uso_300ms_83.wav,	9,	102,	1.5,	8.681400775909424,	15,	0.3
06,	2,	1,	3,	31,	uso_300ms_100.wav,	5,	106,	1.63,	14.649595022201538,	15,	0.3
06,	2,	1,	3,	32,	uso_300ms_51.wav,	7,	106,	1.63,	10.7976713180542,	15,	0.3
06,	2,	1,	3,	33,	uso_300ms_76.wav,	9,	279,	7.4,	13.498798847198486,	15,	0.3
06,	2,	1,	3,	34,	uso_300ms_56.wav,	6,	383,	10.87,	28.36794400215149,	15,	0.3
06,	2,	1,	3,	35,	uso_300ms_99.wav,	8,	166,	3.63,	11.747578859329224,	15,	0.3
06,	2,	1,	3,	36,	uso_300ms_1.wav,	7,	118,	2.03,	21.97049903869629,	15,	0.3
06,	2,	1,	3,	37,	uso_300ms_29.wav,	9,	133,	2.53,	3.961944818496704,	15,	0.3
06,	2,	1,	3,	38,	uso_300ms_94.wav,	6,	390,	11.1,	20.53287672996521,	15,	0.3
06,	2,	1,	3,	39,	uso_300ms_1.wav,	8,	260,	6.77,	14.293168783187866,	15,	0.3
06,	2,	1,	3,	40,	uso_300ms_77.wav,	5,	252,	6.5,	21.56435537338257,	15,	0.3
06,	2,	1,	3,	41,	uso_300ms_59.wav,	6,	359,	10.07,	14.299384117126465,	15,	0.3
06,	2,	1,	3,	42,	uso_300ms_71.wav,	5,	394,	11.23,	11.16114091873169,	15,	0.3
06,	2,	1,	3,	43,	uso_300ms_5.wav,	9,	409,	11.73,	12.700748682022095,	15,	0.3
06,	2,	1,	3,	44,	uso_300ms_78.wav,	8,	430,	12.43,	13.4304358959198,	15,	0.3
06,	2,	1,	3,	45,	uso_300ms_21.wav,	7,	393,	11.2,	15.617553472518921,	15,	0.3
06,	2,	1,	3,	46,	uso_300ms_20.wav,	6,	111,	1.8,	12.759201049804688,	15,	0.3
06,	2,	1,	3,	47,	uso_300ms_61.wav,	5,	102,	1.5,	5.782805442810059,	15,	0.3
06,	2,	1,	3,	48,	uso_300ms_76.wav,	9,	105,	1.6,	8.667645454406738,	15,	0.3
06,	2,	1,	3,	49,	uso_300ms_49.wav,	8,	116,	1.97,	12.907905578613281,	15,	0.3
06,	2,	1,	3,	50,	uso_300ms_22.wav,	7,	98,	1.37,	8.343471765518188,	15,	0.3
06,	2,	1,	3,	51,	uso_300ms_78.wav,	9,	110,	1.77,	6.959430932998657,	15,	0.3
06,	2,	1,	3,	52,	uso_300ms_71.wav,	7,	123,	2.2,	8.44974422454834,	15,	0.3
06,	2,	1,	3,	53,	uso_300ms_68.wav,	8,	133,	2.53,	4.045184850692749,	15,	0.3
06,	2,	1,	3,	54,	uso_300ms_69.wav,	5,	430,	12.43,	33.4550347328186,	15,	0.3
06,	2,	1,	3,	55,	uso_300ms_87.wav,	6,	118,	2.03,	4.255101919174194,	15,	0.3
06,	2,	1,	3,	56,	uso_300ms_30.wav,	5,	389,	11.07,	18.1298246383667,	15,	0.3
06,	2,	1,	3,	57,	uso_300ms_85.wav,	7,	421,	12.13,	5.027897357940674,	15,	0.3
06,	2,	1,	3,	58,	uso_300ms_98.wav,	6,	359,	10.07,	11.116036891937256,	15,	0.3
06,	2,	1,	3,	59,	uso_300ms_1.wav,	9,	434,	12.57,	10.664352893829346,	15,	0.3
06,	2,	1,	3,	60,	uso_300ms_10.wav,	8,	143,	2.87,	6.12488579750061,	15,	0.3
06,	2,	1,	3,	61,	uso_300ms_48.wav,	5,	405,	11.6,	12.038265228271484,	15,	0.3
06,	2,	1,	3,	62,	uso_300ms_35.wav,	7,	356,	9.97,	3.9862825870513916,	15,	0.3
06,	2,	1,	3,	63,	uso_300ms_43.wav,	6,	247,	6.33,	8.928205251693726,	15,	0.3
06,	2,	1,	3,	64,	uso_300ms_22.wav,	9,	213,	5.2,	1.3325142860412598,	15,	0.3
06,	2,	1,	3,	65,	uso_300ms_9.wav,	8,	231,	5.8,	4.292461156845093,	15,	0.3
06,	2,	1,	3,	66,	uso_300ms_74.wav,	5,	209,	5.07,	4.722809553146362,	15,	0.3
06,	2,	1,	3,	67,	uso_300ms_50.wav,	7,	403,	11.53,	8.929392099380493,	15,	0.3
06,	2,	1,	3,	68,	uso_300ms_27.wav,	6,	384,	10.9,	6.863621950149536,	15,	0.3
06,	2,	1,	3,	69,	uso_300ms_74.wav,	9,	404,	11.57,	8.710223197937012,	15,	0.3
06,	2,	1,	3,	70,	uso_300ms_29.wav,	8,	364,	10.23,	4.862454891204834,	15,	0.3
06,	2,	1,	3,	71,	uso_300ms_19.wav,	5,	412,	11.83,	9.716278076171875,	15,	0.3
06,	2,	1,	3,	72,	uso_300ms_75.wav,	7,	393,	11.2,	5.640143156051636,	15,	0.3
06,	2,	1,	3,	73,	uso_300ms_81.wav,	8,	348,	9.7,	8.97498869895935,	15,	0.3
06,	2,	1,	3,	74,	uso_300ms_87.wav,	6,	282,	7.5,	15.274744033813477,	15,	0.3
06,	2,	1,	3,	75,	uso_300ms_36.wav,	9,	331,	9.13,	7.224206447601318,	15,	0.3
