sub_id,cond_id,block_id,task_id,event_id,stim_id,speaker_id,led_id,led_distance,response_time,n_reps,isi
06,	2,	2,	3,	1,	uso_300ms_7.wav,	7,	292,	7.83,	10.244341373443604,	15,	0.3
06,	2,	2,	3,	2,	uso_300ms_84.wav,	5,	265,	6.93,	3.161550760269165,	15,	0.3
06,	2,	2,	3,	3,	uso_300ms_5.wav,	8,	328,	9.03,	1.8862345218658447,	15,	0.3
06,	2,	2,	3,	4,	uso_300ms_70.wav,	9,	357,	10.0,	1.9649848937988281,	15,	0.3
06,	2,	2,	3,	5,	uso_300ms_27.wav,	6,	295,	7.93,	1.410090684890747,	15,	0.3
06,	2,	2,	3,	6,	uso_300ms_24.wav,	5,	269,	7.07,	1.3361353874206543,	15,	0.3
06,	2,	2,	3,	7,	uso_300ms_52.wav,	9,	326,	8.97,	1.6069176197052002,	15,	0.3
06,	2,	2,	3,	8,	uso_300ms_51.wav,	7,	308,	8.37,	1.3529915809631348,	15,	0.3
06,	2,	2,	3,	9,	uso_300ms_73.wav,	8,	350,	9.77,	1.8918492794036865,	15,	0.3
06,	2,	2,	3,	10,	uso_300ms_47.wav,	6,	344,	9.57,	1.8358643054962158,	15,	0.3
06,	2,	2,	3,	11,	uso_300ms_81.wav,	5,	365,	10.27,	1.5155422687530518,	15,	0.3
06,	2,	2,	3,	12,	uso_300ms_36.wav,	8,	391,	11.13,	1.5283801555633545,	15,	0.3
06,	2,	2,	3,	13,	uso_300ms_12.wav,	9,	360,	10.1,	1.4262855052947998,	15,	0.3
06,	2,	2,	3,	14,	uso_300ms_71.wav,	7,	338,	9.37,	1.2680127620697021,	15,	0.3
06,	2,	2,	3,	15,	uso_300ms_22.wav,	6,	306,	8.3,	1.5990138053894043,	15,	0.3
06,	2,	2,	3,	16,	uso_300ms_96.wav,	8,	283,	7.53,	2.7177581787109375,	15,	0.3
06,	2,	2,	3,	17,	uso_300ms_65.wav,	6,	314,	8.57,	1.369588851928711,	15,	0.3
06,	2,	2,	3,	18,	uso_300ms_22.wav,	7,	283,	7.53,	1.3893775939941406,	15,	0.3
06,	2,	2,	3,	19,	uso_300ms_13.wav,	5,	256,	6.63,	1.4707789421081543,	15,	0.3
06,	2,	2,	3,	20,	uso_300ms_96.wav,	9,	284,	7.57,	2.435777187347412,	15,	0.3
06,	2,	2,	3,	21,	uso_300ms_46.wav,	6,	284,	7.57,	0.20084929466247559,	15,	0.3
06,	2,	2,	3,	22,	uso_300ms_62.wav,	7,	308,	8.37,	1.075796365737915,	15,	0.3
06,	2,	2,	3,	23,	uso_300ms_78.wav,	5,	278,	7.37,	2.279935836791992,	15,	0.3
06,	2,	2,	3,	24,	uso_300ms_43.wav,	8,	362,	10.17,	2.229033946990967,	15,	0.3
06,	2,	2,	3,	25,	uso_300ms_96.wav,	9,	372,	10.5,	1.6006660461425781,	15,	0.3
06,	2,	2,	3,	26,	uso_300ms_10.wav,	7,	396,	11.3,	2.205989122390747,	15,	0.3
06,	2,	2,	3,	27,	uso_300ms_92.wav,	8,	373,	10.53,	1.3519184589385986,	15,	0.3
06,	2,	2,	3,	28,	uso_300ms_76.wav,	5,	344,	9.57,	1.669494867324829,	15,	0.3
06,	2,	2,	3,	29,	uso_300ms_92.wav,	9,	378,	10.7,	1.3814969062805176,	15,	0.3
06,	2,	2,	3,	30,	uso_300ms_63.wav,	6,	382,	10.83,	1.4756572246551514,	15,	0.3
06,	2,	2,	3,	31,	uso_300ms_17.wav,	5,	352,	9.83,	1.4519340991973877,	15,	0.3
06,	2,	2,	3,	32,	uso_300ms_35.wav,	7,	386,	10.97,	1.3009300231933594,	15,	0.3
06,	2,	2,	3,	33,	uso_300ms_54.wav,	8,	399,	11.4,	1.3973898887634277,	15,	0.3
06,	2,	2,	3,	34,	uso_300ms_15.wav,	9,	407,	11.67,	2.3390166759490967,	15,	0.3
06,	2,	2,	3,	35,	uso_300ms_68.wav,	6,	377,	10.67,	1.175170660018921,	15,	0.3
06,	2,	2,	3,	36,	uso_300ms_3.wav,	7,	347,	9.67,	1.4873857498168945,	15,	0.3
06,	2,	2,	3,	37,	uso_300ms_65.wav,	6,	384,	10.9,	1.7782139778137207,	15,	0.3
06,	2,	2,	3,	38,	uso_300ms_56.wav,	5,	356,	9.97,	1.2701499462127686,	15,	0.3
06,	2,	2,	3,	39,	uso_300ms_27.wav,	8,	389,	11.07,	1.3321950435638428,	15,	0.3
06,	2,	2,	3,	40,	uso_300ms_13.wav,	9,	331,	9.13,	1.6385078430175781,	15,	0.3
06,	2,	2,	3,	41,	uso_300ms_96.wav,	8,	357,	10.0,	1.2623395919799805,	15,	0.3
06,	2,	2,	3,	42,	uso_300ms_44.wav,	7,	314,	8.57,	1.4393558502197266,	15,	0.3
06,	2,	2,	3,	43,	uso_300ms_36.wav,	6,	276,	7.3,	1.18565034866333,	15,	0.3
06,	2,	2,	3,	44,	uso_300ms_33.wav,	9,	309,	8.4,	2.410072088241577,	15,	0.3
06,	2,	2,	3,	45,	uso_300ms_81.wav,	5,	280,	7.43,	3.2787063121795654,	15,	0.3
06,	2,	2,	3,	46,	uso_300ms_15.wav,	9,	327,	9.0,	1.6262671947479248,	15,	0.3
06,	2,	2,	3,	47,	uso_300ms_51.wav,	8,	348,	9.7,	1.200110912322998,	15,	0.3
06,	2,	2,	3,	48,	uso_300ms_82.wav,	7,	356,	9.97,	1.5059969425201416,	15,	0.3
06,	2,	2,	3,	49,	uso_300ms_74.wav,	6,	373,	10.53,	1.8633637428283691,	15,	0.3
06,	2,	2,	3,	50,	uso_300ms_9.wav,	5,	351,	9.8,	1.4463269710540771,	15,	0.3
06,	2,	2,	3,	51,	uso_300ms_82.wav,	9,	331,	9.13,	2.243384838104248,	15,	0.3
06,	2,	2,	3,	52,	uso_300ms_8.wav,	7,	320,	8.77,	2.5988450050354004,	15,	0.3
06,	2,	2,	3,	53,	uso_300ms_8.wav,	8,	355,	9.93,	3.103025436401367,	15,	0.3
06,	2,	2,	3,	54,	uso_300ms_46.wav,	5,	364,	10.23,	1.507657527923584,	15,	0.3
06,	2,	2,	3,	55,	uso_300ms_87.wav,	6,	313,	8.53,	1.7005419731140137,	15,	0.3
06,	2,	2,	3,	56,	uso_300ms_45.wav,	9,	335,	9.27,	1.5992422103881836,	15,	0.3
06,	2,	2,	3,	57,	uso_300ms_1.wav,	7,	347,	9.67,	1.3288414478302002,	15,	0.3
06,	2,	2,	3,	58,	uso_300ms_83.wav,	6,	328,	9.03,	1.5368211269378662,	15,	0.3
06,	2,	2,	3,	59,	uso_300ms_84.wav,	8,	308,	8.37,	2.170989751815796,	15,	0.3
06,	2,	2,	3,	60,	uso_300ms_16.wav,	5,	361,	10.13,	3.1167969703674316,	15,	0.3
06,	2,	2,	3,	61,	uso_300ms_48.wav,	7,	315,	8.6,	2.2004294395446777,	15,	0.3
06,	2,	2,	3,	62,	uso_300ms_10.wav,	5,	287,	7.67,	2.7924885749816895,	15,	0.3
06,	2,	2,	3,	63,	uso_300ms_41.wav,	8,	264,	6.9,	2.4025378227233887,	15,	0.3
06,	2,	2,	3,	64,	uso_300ms_66.wav,	6,	323,	8.87,	1.8668007850646973,	15,	0.3
06,	2,	2,	3,	65,	uso_300ms_47.wav,	9,	351,	9.8,	1.1927337646484375,	15,	0.3
06,	2,	2,	3,	66,	uso_300ms_18.wav,	5,	337,	9.33,	2.007443904876709,	15,	0.3
06,	2,	2,	3,	67,	uso_300ms_89.wav,	6,	342,	9.5,	1.5601708889007568,	15,	0.3
06,	2,	2,	3,	68,	uso_300ms_86.wav,	9,	373,	10.53,	1.3481173515319824,	15,	0.3
06,	2,	2,	3,	69,	uso_300ms_6.wav,	7,	382,	10.83,	1.1845324039459229,	15,	0.3
06,	2,	2,	3,	70,	uso_300ms_11.wav,	8,	344,	9.57,	1.3353352546691895,	15,	0.3
06,	2,	2,	3,	71,	uso_300ms_99.wav,	5,	313,	8.53,	1.4692261219024658,	15,	0.3
06,	2,	2,	3,	72,	uso_300ms_1.wav,	7,	334,	9.23,	1.5033836364746094,	15,	0.3
06,	2,	2,	3,	73,	uso_300ms_43.wav,	6,	273,	7.2,	1.989483118057251,	15,	0.3
06,	2,	2,	3,	74,	uso_300ms_84.wav,	8,	348,	9.7,	1.8312911987304688,	15,	0.3
06,	2,	2,	3,	75,	uso_300ms_77.wav,	9,	412,	11.83,	2.170590877532959,	15,	0.3
