sub_id,cond_id,block_id,task_id,event_id,stim_id,speaker_id,led_id,led_distance,response_time,n_reps,isi
06,	2,	6,	1,	1,	uso_300ms_66.wav,	3,	100,	1.43,	0.20085501670837402,	15,	0.3
06,	2,	6,	1,	2,	uso_300ms_59.wav,	6,	210,	5.1,	1.5907797813415527,	15,	0.3
06,	2,	6,	1,	3,	uso_300ms_82.wav,	8,	296,	7.97,	2.1265268325805664,	15,	0.3
06,	2,	6,	1,	4,	uso_300ms_47.wav,	9,	360,	10.1,	1.9928884506225586,	15,	0.3
06,	2,	6,	1,	5,	uso_300ms_23.wav,	10,	392,	11.17,	1.700439214706421,	15,	0.3
06,	2,	6,	1,	6,	uso_300ms_44.wav,	0,	122,	2.17,	2.6987695693969727,	15,	0.3
06,	2,	6,	1,	7,	uso_300ms_76.wav,	2,	139,	2.73,	1.2512810230255127,	15,	0.3
06,	2,	6,	1,	8,	uso_300ms_79.wav,	1,	127,	2.33,	1.7663397789001465,	15,	0.3
06,	2,	6,	1,	9,	uso_300ms_28.wav,	7,	185,	4.27,	1.51263427734375,	15,	0.3
06,	2,	6,	1,	10,	uso_300ms_71.wav,	5,	197,	4.67,	1.373265027999878,	15,	0.3
06,	2,	6,	1,	11,	uso_300ms_99.wav,	4,	214,	5.23,	1.2799172401428223,	15,	0.3
06,	2,	6,	1,	12,	uso_300ms_11.wav,	9,	244,	6.23,	1.3963038921356201,	15,	0.3
06,	2,	6,	1,	13,	uso_300ms_62.wav,	0,	119,	2.07,	2.004995584487915,	15,	0.3
06,	2,	6,	1,	14,	uso_300ms_89.wav,	3,	150,	3.1,	1.921379804611206,	15,	0.3
06,	2,	6,	1,	15,	uso_300ms_68.wav,	6,	212,	5.17,	2.0406994819641113,	15,	0.3
06,	2,	6,	1,	16,	uso_300ms_22.wav,	5,	188,	4.37,	1.7383832931518555,	15,	0.3
06,	2,	6,	1,	17,	uso_300ms_84.wav,	8,	249,	6.4,	1.5348162651062012,	15,	0.3
06,	2,	6,	1,	18,	uso_300ms_98.wav,	7,	277,	7.33,	1.8839595317840576,	15,	0.3
06,	2,	6,	1,	19,	uso_300ms_34.wav,	2,	174,	3.9,	2.2082018852233887,	15,	0.3
06,	2,	6,	1,	20,	uso_300ms_9.wav,	10,	250,	6.43,	1.9908747673034668,	15,	0.3
06,	2,	6,	1,	21,	uso_300ms_69.wav,	4,	232,	5.83,	2.5359137058258057,	15,	0.3
06,	2,	6,	1,	22,	uso_300ms_93.wav,	1,	144,	2.9,	1.788879632949829,	15,	0.3
06,	2,	6,	1,	23,	uso_300ms_35.wav,	0,	105,	1.6,	1.8922374248504639,	15,	0.3
06,	2,	6,	1,	24,	uso_300ms_85.wav,	1,	116,	1.97,	1.3537547588348389,	15,	0.3
06,	2,	6,	1,	25,	uso_300ms_46.wav,	7,	178,	4.03,	1.6540067195892334,	15,	0.3
06,	2,	6,	1,	26,	uso_300ms_34.wav,	10,	224,	5.57,	1.8031537532806396,	15,	0.3
06,	2,	6,	1,	27,	uso_300ms_95.wav,	9,	269,	7.07,	1.622277021408081,	15,	0.3
06,	2,	6,	1,	28,	uso_300ms_23.wav,	2,	234,	5.9,	1.5472619533538818,	15,	0.3
06,	2,	6,	1,	29,	uso_300ms_66.wav,	5,	272,	7.17,	1.5031802654266357,	15,	0.3
06,	2,	6,	1,	30,	uso_300ms_41.wav,	3,	321,	8.8,	1.248002290725708,	15,	0.3
06,	2,	6,	1,	31,	uso_300ms_94.wav,	8,	355,	9.93,	1.1965856552124023,	15,	0.3
06,	2,	6,	1,	32,	uso_300ms_75.wav,	6,	334,	9.23,	1.7144381999969482,	15,	0.3
06,	2,	6,	1,	33,	uso_300ms_98.wav,	4,	397,	11.33,	1.3569393157958984,	15,	0.3
06,	2,	6,	1,	34,	uso_300ms_90.wav,	1,	222,	5.5,	2.9605400562286377,	15,	0.3
06,	2,	6,	1,	35,	uso_300ms_67.wav,	7,	245,	6.27,	1.7502105236053467,	15,	0.3
06,	2,	6,	1,	36,	uso_300ms_16.wav,	3,	204,	4.9,	1.5345971584320068,	15,	0.3
06,	2,	6,	1,	37,	uso_300ms_96.wav,	9,	286,	7.63,	2.9077248573303223,	15,	0.3
06,	2,	6,	1,	38,	uso_300ms_86.wav,	0,	180,	4.1,	1.9271442890167236,	15,	0.3
06,	2,	6,	1,	39,	uso_300ms_8.wav,	4,	194,	4.57,	1.4513356685638428,	15,	0.3
06,	2,	6,	1,	40,	uso_300ms_45.wav,	5,	217,	5.33,	1.2975327968597412,	15,	0.3
06,	2,	6,	1,	41,	uso_300ms_82.wav,	2,	183,	4.2,	2.0992844104766846,	15,	0.3
06,	2,	6,	1,	42,	uso_300ms_99.wav,	6,	248,	6.37,	1.996938705444336,	15,	0.3
06,	2,	6,	1,	43,	uso_300ms_11.wav,	8,	327,	9.0,	1.5682380199432373,	15,	0.3
06,	2,	6,	1,	44,	uso_300ms_10.wav,	10,	427,	12.33,	2.2565577030181885,	15,	0.3
06,	2,	6,	1,	45,	uso_300ms_63.wav,	4,	236,	5.97,	2.0805697441101074,	15,	0.3
06,	2,	6,	1,	46,	uso_300ms_61.wav,	6,	291,	7.8,	1.4354040622711182,	15,	0.3
06,	2,	6,	1,	47,	uso_300ms_27.wav,	2,	189,	4.4,	2.153384208679199,	15,	0.3
06,	2,	6,	1,	48,	uso_300ms_54.wav,	9,	255,	6.6,	1.374253273010254,	15,	0.3
06,	2,	6,	1,	49,	uso_300ms_84.wav,	0,	142,	2.83,	1.8420155048370361,	15,	0.3
06,	2,	6,	1,	50,	uso_300ms_41.wav,	8,	270,	7.1,	2.1707677841186523,	15,	0.3
06,	2,	6,	1,	51,	uso_300ms_68.wav,	5,	375,	10.6,	2.144465684890747,	15,	0.3
06,	2,	6,	1,	52,	uso_300ms_28.wav,	3,	345,	9.6,	1.2573390007019043,	15,	0.3
06,	2,	6,	1,	53,	uso_300ms_30.wav,	1,	220,	5.43,	2.050964593887329,	15,	0.3
06,	2,	6,	1,	54,	uso_300ms_81.wav,	10,	279,	7.4,	1.941344976425171,	15,	0.3
06,	2,	6,	1,	55,	uso_300ms_27.wav,	7,	336,	9.3,	2.0077693462371826,	15,	0.3
06,	2,	6,	1,	56,	uso_300ms_67.wav,	6,	361,	10.13,	1.397235631942749,	15,	0.3
06,	2,	6,	1,	57,	uso_300ms_21.wav,	0,	152,	3.17,	2.540222406387329,	15,	0.3
06,	2,	6,	1,	58,	uso_300ms_79.wav,	8,	202,	4.83,	2.3549203872680664,	15,	0.3
06,	2,	6,	1,	59,	uso_300ms_99.wav,	2,	180,	4.1,	2.937906265258789,	15,	0.3
06,	2,	6,	1,	60,	uso_300ms_8.wav,	9,	257,	6.67,	1.516080379486084,	15,	0.3
06,	2,	6,	1,	61,	uso_300ms_56.wav,	1,	293,	7.87,	2.6875312328338623,	15,	0.3
06,	2,	6,	1,	62,	uso_300ms_10.wav,	4,	341,	9.47,	1.7320184707641602,	15,	0.3
06,	2,	6,	1,	63,	uso_300ms_79.wav,	3,	359,	10.07,	2.293125867843628,	15,	0.3
06,	2,	6,	1,	64,	uso_300ms_75.wav,	7,	279,	7.4,	2.470773935317993,	15,	0.3
06,	2,	6,	1,	65,	uso_300ms_79.wav,	10,	397,	11.33,	2.1709253787994385,	15,	0.3
06,	2,	6,	1,	66,	uso_300ms_12.wav,	5,	343,	9.53,	2.192805528640747,	15,	0.3
06,	2,	6,	1,	67,	uso_300ms_87.wav,	0,	175,	3.93,	2.283151149749756,	15,	0.3
06,	2,	6,	1,	68,	uso_300ms_17.wav,	2,	153,	3.2,	2.8785152435302734,	15,	0.3
06,	2,	6,	1,	69,	uso_300ms_21.wav,	9,	197,	4.67,	1.3763537406921387,	15,	0.3
06,	2,	6,	1,	70,	uso_300ms_35.wav,	4,	212,	5.17,	1.497666835784912,	15,	0.3
06,	2,	6,	1,	71,	uso_300ms_91.wav,	1,	189,	4.4,	1.3862111568450928,	15,	0.3
06,	2,	6,	1,	72,	uso_300ms_58.wav,	7,	230,	5.77,	2.6725196838378906,	15,	0.3
06,	2,	6,	1,	73,	uso_300ms_47.wav,	10,	370,	10.43,	2.439375877380371,	15,	0.3
06,	2,	6,	1,	74,	uso_300ms_89.wav,	6,	322,	8.83,	2.763183116912842,	15,	0.3
06,	2,	6,	1,	75,	uso_300ms_71.wav,	3,	285,	7.6,	1.5951571464538574,	15,	0.3
06,	2,	6,	1,	76,	uso_300ms_34.wav,	5,	326,	8.97,	1.7895433902740479,	15,	0.3
06,	2,	6,	1,	77,	uso_300ms_17.wav,	8,	362,	10.17,	1.786935806274414,	15,	0.3
06,	2,	6,	1,	78,	uso_300ms_83.wav,	7,	380,	10.77,	1.2026920318603516,	15,	0.3
06,	2,	6,	1,	79,	uso_300ms_15.wav,	10,	411,	11.8,	1.6461906433105469,	15,	0.3
06,	2,	6,	1,	80,	uso_300ms_52.wav,	5,	375,	10.6,	1.336564064025879,	15,	0.3
06,	2,	6,	1,	81,	uso_300ms_72.wav,	3,	340,	9.43,	1.8554646968841553,	15,	0.3
06,	2,	6,	1,	82,	uso_300ms_99.wav,	9,	385,	10.93,	1.228611946105957,	15,	0.3
06,	2,	6,	1,	83,	uso_300ms_12.wav,	4,	351,	9.8,	2.714841842651367,	15,	0.3
06,	2,	6,	1,	84,	uso_300ms_48.wav,	0,	162,	3.5,	2.6877357959747314,	15,	0.3
06,	2,	6,	1,	85,	uso_300ms_14.wav,	6,	246,	6.3,	2.1137993335723877,	15,	0.3
06,	2,	6,	1,	86,	uso_300ms_10.wav,	2,	198,	4.7,	2.3595011234283447,	15,	0.3
06,	2,	6,	1,	87,	uso_300ms_86.wav,	8,	276,	7.3,	1.9908616542816162,	15,	0.3
06,	2,	6,	1,	88,	uso_300ms_25.wav,	1,	123,	2.2,	2.160714626312256,	15,	0.3
06,	2,	6,	1,	89,	uso_300ms_56.wav,	6,	189,	4.4,	2.28721284866333,	15,	0.3
06,	2,	6,	1,	90,	uso_300ms_97.wav,	7,	229,	5.73,	1.302696943283081,	15,	0.3
06,	2,	6,	1,	91,	uso_300ms_60.wav,	1,	132,	2.5,	1.770371675491333,	15,	0.3
06,	2,	6,	1,	92,	uso_300ms_29.wav,	3,	152,	3.17,	1.5883052349090576,	15,	0.3
06,	2,	6,	1,	93,	uso_300ms_69.wav,	2,	173,	3.87,	1.072685718536377,	15,	0.3
06,	2,	6,	1,	94,	uso_300ms_65.wav,	5,	197,	4.67,	1.2371125221252441,	15,	0.3
06,	2,	6,	1,	95,	uso_300ms_75.wav,	4,	162,	3.5,	1.1405725479125977,	15,	0.3
06,	2,	6,	1,	96,	uso_300ms_13.wav,	9,	249,	6.4,	1.9485514163970947,	15,	0.3
06,	2,	6,	1,	97,	uso_300ms_53.wav,	8,	289,	7.73,	1.6227707862854004,	15,	0.3
06,	2,	6,	1,	98,	uso_300ms_3.wav,	0,	157,	3.33,	3.721975088119507,	15,	0.3
06,	2,	6,	1,	99,	uso_300ms_25.wav,	10,	264,	6.9,	1.772928237915039,	15,	0.3
06,	2,	6,	1,	100,	uso_300ms_21.wav,	7,	318,	8.7,	2.033149480819702,	15,	0.3
06,	2,	6,	1,	101,	uso_300ms_42.wav,	10,	353,	9.87,	1.4137306213378906,	15,	0.3
06,	2,	6,	1,	102,	uso_300ms_18.wav,	2,	138,	2.7,	2.484464168548584,	15,	0.3
06,	2,	6,	1,	103,	uso_300ms_19.wav,	5,	213,	5.2,	1.6827127933502197,	15,	0.3
06,	2,	6,	1,	104,	uso_300ms_100.wav,	0,	106,	1.63,	2.627823829650879,	15,	0.3
06,	2,	6,	1,	105,	uso_300ms_22.wav,	1,	96,	1.3,	2.538163900375366,	15,	0.3
06,	2,	6,	1,	106,	uso_300ms_92.wav,	4,	170,	3.77,	1.1638879776000977,	15,	0.3
06,	2,	6,	1,	107,	uso_300ms_100.wav,	8,	232,	5.83,	1.6394894123077393,	15,	0.3
06,	2,	6,	1,	108,	uso_300ms_49.wav,	9,	264,	6.9,	1.228153944015503,	15,	0.3
06,	2,	6,	1,	109,	uso_300ms_28.wav,	3,	208,	5.03,	1.2318201065063477,	15,	0.3
06,	2,	6,	1,	110,	uso_300ms_46.wav,	6,	244,	6.23,	1.3156468868255615,	15,	0.3
06,	2,	6,	1,	111,	uso_300ms_100.wav,	7,	312,	8.5,	1.4025657176971436,	15,	0.3
06,	2,	6,	1,	112,	uso_300ms_98.wav,	3,	277,	7.33,	1.72068190574646,	15,	0.3
06,	2,	6,	1,	113,	uso_300ms_35.wav,	10,	373,	10.53,	1.9787342548370361,	15,	0.3
06,	2,	6,	1,	114,	uso_300ms_50.wav,	8,	407,	11.67,	1.7993683815002441,	15,	0.3
06,	2,	6,	1,	115,	uso_300ms_26.wav,	2,	343,	9.53,	1.4220728874206543,	15,	0.3
06,	2,	6,	1,	116,	uso_300ms_45.wav,	6,	371,	10.47,	1.2415881156921387,	15,	0.3
06,	2,	6,	1,	117,	uso_300ms_9.wav,	5,	268,	7.03,	1.958437442779541,	15,	0.3
06,	2,	6,	1,	118,	uso_300ms_6.wav,	1,	146,	2.97,	1.865403413772583,	15,	0.3
06,	2,	6,	1,	119,	uso_300ms_48.wav,	4,	199,	4.73,	1.4271183013916016,	15,	0.3
06,	2,	6,	1,	120,	uso_300ms_86.wav,	9,	263,	6.87,	1.8000309467315674,	15,	0.3
06,	2,	6,	1,	121,	uso_300ms_78.wav,	0,	148,	3.03,	2.171520948410034,	15,	0.3
06,	2,	6,	1,	122,	uso_300ms_25.wav,	5,	207,	5.0,	1.2935230731964111,	15,	0.3
06,	2,	6,	1,	123,	uso_300ms_48.wav,	4,	239,	6.07,	1.1527316570281982,	15,	0.3
06,	2,	6,	1,	124,	uso_300ms_85.wav,	8,	269,	7.07,	1.1320774555206299,	15,	0.3
06,	2,	6,	1,	125,	uso_300ms_90.wav,	0,	132,	2.5,	1.9055538177490234,	15,	0.3
06,	2,	6,	1,	126,	uso_300ms_79.wav,	9,	221,	5.47,	1.5692484378814697,	15,	0.3
06,	2,	6,	1,	127,	uso_300ms_6.wav,	2,	185,	4.27,	1.698909044265747,	15,	0.3
06,	2,	6,	1,	128,	uso_300ms_42.wav,	1,	160,	3.43,	2.48539137840271,	15,	0.3
06,	2,	6,	1,	129,	uso_300ms_83.wav,	10,	291,	7.8,	2.1172239780426025,	15,	0.3
06,	2,	6,	1,	130,	uso_300ms_43.wav,	6,	268,	7.03,	1.2921371459960938,	15,	0.3
06,	2,	6,	1,	131,	uso_300ms_17.wav,	7,	335,	9.27,	1.5569047927856445,	15,	0.3
06,	2,	6,	1,	132,	uso_300ms_42.wav,	3,	228,	5.7,	2.222175359725952,	15,	0.3
06,	2,	6,	1,	133,	uso_300ms_98.wav,	2,	198,	4.7,	1.3948261737823486,	15,	0.3
06,	2,	6,	1,	134,	uso_300ms_81.wav,	3,	177,	4.0,	1.7447404861450195,	15,	0.3
06,	2,	6,	1,	135,	uso_300ms_88.wav,	6,	237,	6.0,	3.0495662689208984,	15,	0.3
06,	2,	6,	1,	136,	uso_300ms_72.wav,	10,	322,	8.83,	1.7954137325286865,	15,	0.3
06,	2,	6,	1,	137,	uso_300ms_64.wav,	1,	210,	5.1,	2.407254219055176,	15,	0.3
06,	2,	6,	1,	138,	uso_300ms_8.wav,	0,	132,	2.5,	2.3198487758636475,	15,	0.3
06,	2,	6,	1,	139,	uso_300ms_76.wav,	4,	202,	4.83,	1.4578766822814941,	15,	0.3
06,	2,	6,	1,	140,	uso_300ms_74.wav,	9,	290,	7.77,	2.019472360610962,	15,	0.3
06,	2,	6,	1,	141,	uso_300ms_41.wav,	5,	260,	6.77,	1.4284782409667969,	15,	0.3
06,	2,	6,	1,	142,	uso_300ms_22.wav,	8,	240,	6.1,	2.1797211170196533,	15,	0.3
06,	2,	6,	1,	143,	uso_300ms_92.wav,	7,	316,	8.63,	1.5110740661621094,	15,	0.3
06,	2,	6,	1,	144,	uso_300ms_43.wav,	4,	347,	9.67,	0.9616928100585938,	15,	0.3
06,	2,	6,	1,	145,	uso_300ms_53.wav,	8,	378,	10.7,	1.2495818138122559,	15,	0.3
06,	2,	6,	1,	146,	uso_300ms_9.wav,	1,	294,	7.9,	1.5270321369171143,	15,	0.3
06,	2,	6,	1,	147,	uso_300ms_2.wav,	3,	325,	8.93,	1.3405261039733887,	15,	0.3
06,	2,	6,	1,	148,	uso_300ms_14.wav,	7,	338,	9.37,	1.122537612915039,	15,	0.3
06,	2,	6,	1,	149,	uso_300ms_32.wav,	2,	365,	10.27,	0.936948299407959,	15,	0.3
06,	2,	6,	1,	150,	uso_300ms_58.wav,	0,	145,	2.93,	2.785454511642456,	15,	0.3
06,	2,	6,	1,	151,	uso_300ms_81.wav,	6,	230,	5.77,	1.672802448272705,	15,	0.3
06,	2,	6,	1,	152,	uso_300ms_59.wav,	10,	295,	7.93,	2.1131622791290283,	15,	0.3
06,	2,	6,	1,	153,	uso_300ms_94.wav,	9,	329,	9.07,	1.4499483108520508,	15,	0.3
06,	2,	6,	1,	154,	uso_300ms_71.wav,	5,	363,	10.2,	2.4147379398345947,	15,	0.3
06,	2,	6,	1,	155,	uso_300ms_8.wav,	2,	211,	5.13,	1.7289245128631592,	15,	0.3
06,	2,	6,	1,	156,	uso_300ms_88.wav,	9,	375,	10.6,	2.4052178859710693,	15,	0.3
06,	2,	6,	1,	157,	uso_300ms_73.wav,	7,	404,	11.57,	1.204322099685669,	15,	0.3
06,	2,	6,	1,	158,	uso_300ms_5.wav,	5,	338,	9.37,	1.495840072631836,	15,	0.3
06,	2,	6,	1,	159,	uso_300ms_31.wav,	10,	374,	10.57,	1.9499058723449707,	15,	0.3
06,	2,	6,	1,	160,	uso_300ms_76.wav,	6,	422,	12.17,	1.7864768505096436,	15,	0.3
06,	2,	6,	1,	161,	uso_300ms_54.wav,	0,	157,	3.33,	2.808816432952881,	15,	0.3
06,	2,	6,	1,	162,	uso_300ms_87.wav,	4,	192,	4.5,	1.2508320808410645,	15,	0.3
06,	2,	6,	1,	163,	uso_300ms_8.wav,	8,	230,	5.77,	1.2566094398498535,	15,	0.3
06,	2,	6,	1,	164,	uso_300ms_40.wav,	1,	155,	3.27,	1.4657628536224365,	15,	0.3
06,	2,	6,	1,	165,	uso_300ms_67.wav,	3,	222,	5.5,	2.109506130218506,	15,	0.3
