sub_id,cond_id,block_id,task_id,event_id,stim_id,speaker_id,led_id,led_distance,response_time,n_reps,isi
06,	2,	3,	3,	1,	uso_300ms_87.wav,	5,	153.619717,	3.22,	nan,	90,	2
06,	2,	3,	3,	2,	uso_300ms_62.wav,	5,	191.92471799999998,	4.5,	nan,	90,	2
06,	2,	3,	3,	3,	uso_300ms_27.wav,	5,	207.2670659999999,	5.01,	nan,	90,	2
06,	2,	3,	3,	4,	uso_300ms_7.wav,	5,	243.36617799999985,	6.21,	nan,	90,	2
06,	2,	3,	3,	5,	uso_300ms_89.wav,	5,	275.414404,	7.28,	nan,	90,	2
06,	2,	3,	3,	6,	uso_300ms_40.wav,	7,	320.251301,	8.78,	nan,	90,	2
06,	2,	3,	3,	7,	uso_300ms_28.wav,	7,	334.32970800000004,	9.24,	nan,	90,	2
06,	2,	3,	3,	8,	uso_300ms_71.wav,	9,	374.0067440000001,	10.57,	nan,	90,	2
06,	2,	3,	3,	9,	uso_300ms_99.wav,	9,	410.93124700000004,	11.8,	nan,	90,	2
06,	2,	3,	3,	10,	uso_300ms_38.wav,	6,	284.40285900000003,	7.58,	nan,	90,	2
06,	2,	3,	3,	11,	uso_300ms_68.wav,	5,	225.99481699999995,	5.63,	nan,	90,	2
06,	2,	3,	3,	12,	uso_300ms_12.wav,	5,	100.94570399999989,	1.46,	nan,	90,	2
06,	2,	3,	3,	13,	uso_300ms_40.wav,	5,	117.51293999999992,	2.02,	nan,	90,	2
06,	2,	3,	3,	14,	uso_300ms_72.wav,	5,	157.189122,	3.34,	nan,	90,	2
06,	2,	3,	3,	15,	uso_300ms_30.wav,	5,	191.36216300000007,	4.48,	nan,	90,	2
06,	2,	3,	3,	16,	uso_300ms_49.wav,	5,	216.31517499999995,	5.31,	nan,	90,	2
06,	2,	3,	3,	17,	uso_300ms_29.wav,	5,	247.2959499999999,	6.34,	nan,	90,	2
06,	2,	3,	3,	18,	uso_300ms_78.wav,	6,	284.450452,	7.58,	nan,	90,	2
06,	2,	3,	3,	19,	uso_300ms_5.wav,	7,	314.81562600000007,	8.59,	nan,	90,	2
06,	2,	3,	3,	20,	uso_300ms_84.wav,	7,	333.6106750000002,	9.22,	nan,	90,	2
06,	2,	3,	3,	21,	uso_300ms_1.wav,	8,	362.4395519999998,	10.18,	nan,	90,	2
06,	2,	3,	3,	22,	uso_300ms_31.wav,	9,	398.3137119999998,	11.38,	nan,	90,	2
06,	2,	3,	3,	23,	uso_300ms_80.wav,	9,	435.4699919999995,	12.62,	nan,	90,	2
06,	2,	3,	3,	24,	uso_300ms_73.wav,	9,	428.7585319999995,	12.39,	nan,	90,	2
06,	2,	3,	3,	25,	uso_300ms_29.wav,	9,	436.53335499999963,	12.65,	nan,	90,	2
06,	2,	3,	3,	26,	uso_300ms_56.wav,	9,	441.1419029999997,	12.8,	nan,	90,	2
06,	2,	3,	3,	27,	uso_300ms_54.wav,	9,	414.78435499999955,	11.93,	nan,	90,	2
06,	2,	3,	3,	28,	uso_300ms_92.wav,	9,	395.0138209999995,	11.27,	nan,	90,	2
06,	2,	3,	3,	29,	uso_300ms_37.wav,	8,	368.49984399999954,	10.38,	nan,	90,	2
06,	2,	3,	3,	30,	uso_300ms_69.wav,	8,	343.69955099999936,	9.56,	nan,	90,	2
06,	2,	3,	3,	31,	uso_300ms_31.wav,	7,	334.46830099999937,	9.25,	nan,	90,	2
06,	2,	3,	3,	32,	uso_300ms_82.wav,	6,	309.7306929999991,	8.42,	nan,	90,	2
06,	2,	3,	3,	33,	uso_300ms_68.wav,	6,	286.347241999999,	7.64,	nan,	90,	2
06,	2,	3,	3,	34,	uso_300ms_37.wav,	6,	282.578994999999,	7.52,	nan,	90,	2
06,	2,	3,	3,	35,	uso_300ms_69.wav,	5,	230.4376889999988,	5.78,	nan,	90,	2
06,	2,	3,	3,	36,	uso_300ms_65.wav,	5,	219.31494099999884,	5.41,	nan,	90,	2
06,	2,	3,	3,	37,	uso_300ms_65.wav,	5,	200.53683899999888,	4.78,	nan,	90,	2
06,	2,	3,	3,	38,	uso_300ms_59.wav,	5,	177.34575499999897,	4.01,	nan,	90,	2
06,	2,	3,	3,	39,	uso_300ms_82.wav,	5,	155.05928799999907,	3.27,	nan,	90,	2
06,	2,	3,	3,	40,	uso_300ms_86.wav,	5,	165.0420579999991,	3.6,	nan,	90,	2
06,	2,	3,	3,	41,	uso_300ms_20.wav,	5,	140.63245599999905,	2.79,	nan,	90,	2
06,	2,	3,	3,	42,	uso_300ms_12.wav,	5,	127.97121999999908,	2.37,	nan,	90,	2
06,	2,	3,	3,	43,	uso_300ms_51.wav,	5,	166.55994499999906,	3.65,	nan,	90,	2
06,	2,	3,	3,	44,	uso_300ms_34.wav,	5,	162.63276299999902,	3.52,	nan,	90,	2
06,	2,	3,	3,	45,	uso_300ms_59.wav,	5,	191.25749199999902,	4.48,	nan,	90,	2
06,	2,	3,	3,	46,	uso_300ms_25.wav,	5,	191.25749199999902,	4.48,	nan,	90,	2
06,	2,	3,	3,	47,	uso_300ms_72.wav,	5,	202.14430499999898,	4.84,	nan,	90,	2
06,	2,	3,	3,	48,	uso_300ms_24.wav,	5,	202.14430499999898,	4.84,	nan,	90,	2
06,	2,	3,	3,	49,	uso_300ms_35.wav,	5,	215.44550199999895,	5.28,	nan,	90,	2
06,	2,	3,	3,	50,	uso_300ms_69.wav,	5,	215.44550199999895,	5.28,	nan,	90,	2
06,	2,	3,	3,	51,	uso_300ms_7.wav,	5,	230.35836499999883,	5.78,	nan,	90,	2
06,	2,	3,	3,	52,	uso_300ms_45.wav,	5,	240.83922699999883,	6.13,	nan,	90,	2
06,	2,	3,	3,	53,	uso_300ms_60.wav,	5,	269.1209069999988,	7.07,	nan,	90,	2
06,	2,	3,	3,	54,	uso_300ms_99.wav,	7,	314.03733099999886,	8.57,	nan,	90,	2
06,	2,	3,	3,	55,	uso_300ms_92.wav,	8,	361.6989029999991,	10.16,	nan,	90,	2
06,	2,	3,	3,	56,	uso_300ms_4.wav,	9,	408.05099899999925,	11.7,	nan,	90,	2
06,	2,	3,	3,	57,	uso_300ms_38.wav,	9,	451.0436689999994,	13.13,	nan,	90,	2
06,	2,	3,	3,	58,	uso_300ms_44.wav,	9,	399.3705789999993,	11.41,	nan,	90,	2
06,	2,	3,	3,	59,	uso_300ms_10.wav,	9,	438.5485569999992,	12.72,	nan,	90,	2
06,	2,	3,	3,	60,	uso_300ms_53.wav,	9,	446.8185669999993,	12.99,	nan,	90,	2
06,	2,	3,	3,	61,	uso_300ms_6.wav,	9,	447.8426739999993,	13.03,	nan,	90,	2
06,	2,	3,	3,	62,	uso_300ms_37.wav,	9,	423.3666699999992,	12.21,	nan,	90,	2
06,	2,	3,	3,	63,	uso_300ms_19.wav,	9,	407.041920999999,	11.67,	nan,	90,	2
06,	2,	3,	3,	64,	uso_300ms_60.wav,	9,	397.9513359999988,	11.37,	nan,	90,	2
06,	2,	3,	3,	65,	uso_300ms_44.wav,	9,	379.8337819999988,	10.76,	nan,	90,	2
06,	2,	3,	3,	66,	uso_300ms_8.wav,	8,	363.2845499999987,	10.21,	nan,	90,	2
06,	2,	3,	3,	67,	uso_300ms_42.wav,	7,	337.8720649999986,	9.36,	nan,	90,	2
06,	2,	3,	3,	68,	uso_300ms_67.wav,	7,	320.40476899999857,	8.78,	nan,	90,	2
06,	2,	3,	3,	69,	uso_300ms_53.wav,	6,	307.96117699999854,	8.37,	nan,	90,	2
06,	2,	3,	3,	70,	uso_300ms_78.wav,	6,	297.94716599999856,	8.03,	nan,	90,	2
06,	2,	3,	3,	71,	uso_300ms_64.wav,	5,	276.6411189999984,	7.32,	nan,	90,	2
06,	2,	3,	3,	72,	uso_300ms_62.wav,	5,	265.6514269999984,	6.96,	nan,	90,	2
06,	2,	3,	3,	73,	uso_300ms_82.wav,	5,	254.40096399999834,	6.58,	nan,	90,	2
06,	2,	3,	3,	74,	uso_300ms_38.wav,	5,	241.00253699999828,	6.13,	nan,	90,	2
06,	2,	3,	3,	75,	uso_300ms_52.wav,	5,	234.32806499999828,	5.91,	nan,	90,	2
06,	2,	3,	3,	76,	uso_300ms_40.wav,	5,	227.09357199999823,	5.67,	nan,	90,	2
06,	2,	3,	3,	77,	uso_300ms_4.wav,	5,	209.3258289999982,	5.08,	nan,	90,	2
06,	2,	3,	3,	78,	uso_300ms_65.wav,	5,	190.07944099999816,	4.44,	nan,	90,	2
06,	2,	3,	3,	79,	uso_300ms_33.wav,	5,	190.05050299999823,	4.44,	nan,	90,	2
06,	2,	3,	3,	80,	uso_300ms_60.wav,	5,	231.23470899999816,	5.81,	nan,	90,	2
06,	2,	3,	3,	81,	uso_300ms_18.wav,	5,	266.7024489999982,	6.99,	nan,	90,	2
06,	2,	3,	3,	82,	uso_300ms_59.wav,	6,	304.007387999998,	8.23,	nan,	90,	2
06,	2,	3,	3,	83,	uso_300ms_36.wav,	6,	305.63392199999834,	8.29,	nan,	90,	2
06,	2,	3,	3,	84,	uso_300ms_90.wav,	8,	352.66316999999833,	9.86,	nan,	90,	2
06,	2,	3,	3,	85,	uso_300ms_77.wav,	9,	374.37807999999853,	10.58,	nan,	90,	2
06,	2,	3,	3,	86,	uso_300ms_75.wav,	9,	416.76971599999854,	11.99,	nan,	90,	2
06,	2,	3,	3,	87,	uso_300ms_89.wav,	9,	441.77178399999866,	12.83,	nan,	90,	2
06,	2,	3,	3,	88,	uso_300ms_78.wav,	9,	408.8826129999988,	11.73,	nan,	90,	2
06,	2,	3,	3,	89,	uso_300ms_53.wav,	5,	168.11788599999883,	3.7,	nan,	90,	2
06,	2,	3,	3,	90,	uso_300ms_89.wav,	5,	168.09185999999883,	3.7,	nan,	90,	2
