sub_id,cond_id,block_id,task_id,event_id,stim_id,speaker_id,led_id,led_distance,response_time,n_reps,isi
06,	2,	5,	3,	1,	uso_300ms_33.wav,	5,	91.83902600000036,	1.16,	nan,	90,	2
06,	2,	5,	3,	2,	uso_300ms_58.wav,	5,	182.73581100000047,	4.19,	nan,	90,	2
06,	2,	5,	3,	3,	uso_300ms_63.wav,	5,	204.57870200000048,	4.92,	nan,	90,	2
06,	2,	5,	3,	4,	uso_300ms_5.wav,	5,	280.19571200000047,	7.44,	nan,	90,	2
06,	2,	5,	3,	5,	uso_300ms_63.wav,	7,	337.92499200000054,	9.36,	nan,	90,	2
06,	2,	5,	3,	6,	uso_300ms_55.wav,	6,	310.94502500000095,	8.46,	nan,	90,	2
06,	2,	5,	3,	7,	uso_300ms_94.wav,	6,	295.3382240000007,	7.94,	nan,	90,	2
06,	2,	5,	3,	8,	uso_300ms_7.wav,	5,	273.07629900000074,	7.2,	nan,	90,	2
06,	2,	5,	3,	9,	uso_300ms_72.wav,	5,	254.71493500000068,	6.59,	nan,	90,	2
06,	2,	5,	3,	10,	uso_300ms_66.wav,	5,	251.99168300000062,	6.5,	nan,	90,	2
06,	2,	5,	3,	11,	uso_300ms_20.wav,	5,	243.27180400000054,	6.21,	nan,	90,	2
06,	2,	5,	3,	12,	uso_300ms_75.wav,	5,	234.57923200000056,	5.92,	nan,	90,	2
06,	2,	5,	3,	13,	uso_300ms_64.wav,	5,	230.4896850000006,	5.78,	nan,	90,	2
06,	2,	5,	3,	14,	uso_300ms_90.wav,	5,	219.3087810000006,	5.41,	nan,	90,	2
06,	2,	5,	3,	15,	uso_300ms_75.wav,	5,	213.10053000000062,	5.2,	nan,	90,	2
06,	2,	5,	3,	16,	uso_300ms_68.wav,	5,	203.65054400000068,	4.89,	nan,	90,	2
06,	2,	5,	3,	17,	uso_300ms_66.wav,	5,	244.47136600000076,	6.25,	nan,	90,	2
06,	2,	5,	3,	18,	uso_300ms_87.wav,	6,	306.3585760000008,	8.31,	nan,	90,	2
06,	2,	5,	3,	19,	uso_300ms_30.wav,	7,	340.9817310000009,	9.47,	nan,	90,	2
06,	2,	5,	3,	20,	uso_300ms_25.wav,	8,	358.49267200000094,	10.05,	nan,	90,	2
06,	2,	5,	3,	21,	uso_300ms_67.wav,	9,	402.342765000001,	11.51,	nan,	90,	2
06,	2,	5,	3,	22,	uso_300ms_83.wav,	9,	412.93752400000113,	11.86,	nan,	90,	2
06,	2,	5,	3,	23,	uso_300ms_71.wav,	9,	439.9404230000011,	12.76,	nan,	90,	2
06,	2,	5,	3,	24,	uso_300ms_94.wav,	9,	447.71881600000114,	13.02,	nan,	90,	2
06,	2,	5,	3,	25,	uso_300ms_95.wav,	9,	446.62682300000114,	12.99,	nan,	90,	2
06,	2,	5,	3,	26,	uso_300ms_65.wav,	9,	448.20978200000104,	13.04,	nan,	90,	2
06,	2,	5,	3,	27,	uso_300ms_14.wav,	9,	406.7873170000009,	11.66,	nan,	90,	2
06,	2,	5,	3,	28,	uso_300ms_72.wav,	9,	377.0877170000008,	10.67,	nan,	90,	2
06,	2,	5,	3,	29,	uso_300ms_41.wav,	8,	352.6168300000007,	9.85,	nan,	90,	2
06,	2,	5,	3,	30,	uso_300ms_19.wav,	7,	340.09391400000055,	9.44,	nan,	90,	2
06,	2,	5,	3,	31,	uso_300ms_70.wav,	7,	336.0206420000005,	9.3,	nan,	90,	2
06,	2,	5,	3,	32,	uso_300ms_73.wav,	7,	314.77863800000034,	8.59,	nan,	90,	2
06,	2,	5,	3,	33,	uso_300ms_54.wav,	6,	291.2370220000003,	7.81,	nan,	90,	2
06,	2,	5,	3,	34,	uso_300ms_96.wav,	5,	274.18771700000013,	7.24,	nan,	90,	2
06,	2,	5,	3,	35,	uso_300ms_81.wav,	5,	266.95563899999985,	7.0,	nan,	90,	2
06,	2,	5,	3,	36,	uso_300ms_50.wav,	5,	241.46199599999989,	6.15,	nan,	90,	2
06,	2,	5,	3,	37,	uso_300ms_63.wav,	5,	236.95664899999994,	6.0,	nan,	90,	2
06,	2,	5,	3,	38,	uso_300ms_18.wav,	5,	211.653686,	5.16,	nan,	90,	2
06,	2,	5,	3,	39,	uso_300ms_31.wav,	5,	181.54108599999986,	4.15,	nan,	90,	2
06,	2,	5,	3,	40,	uso_300ms_11.wav,	5,	159.49685399999987,	3.42,	nan,	90,	2
06,	2,	5,	3,	41,	uso_300ms_36.wav,	5,	159.49685399999987,	3.42,	nan,	90,	2
06,	2,	5,	3,	42,	uso_300ms_57.wav,	6,	306.80691900000016,	8.33,	nan,	90,	2
06,	2,	5,	3,	43,	uso_300ms_39.wav,	7,	314.869043,	8.6,	nan,	90,	2
06,	2,	5,	3,	44,	uso_300ms_89.wav,	8,	348.14321400000006,	9.7,	nan,	90,	2
06,	2,	5,	3,	45,	uso_300ms_44.wav,	8,	363.61826100000013,	10.22,	nan,	90,	2
06,	2,	5,	3,	46,	uso_300ms_79.wav,	9,	402.8191220000006,	11.53,	nan,	90,	2
06,	2,	5,	3,	47,	uso_300ms_9.wav,	9,	421.6249510000011,	12.15,	nan,	90,	2
06,	2,	5,	3,	48,	uso_300ms_9.wav,	9,	395.361168000001,	11.28,	nan,	90,	2
06,	2,	5,	3,	49,	uso_300ms_94.wav,	9,	377.09073400000085,	10.67,	nan,	90,	2
06,	2,	5,	3,	50,	uso_300ms_47.wav,	8,	369.2779290000008,	10.41,	nan,	90,	2
06,	2,	5,	3,	51,	uso_300ms_54.wav,	8,	364.5596280000009,	10.25,	nan,	90,	2
06,	2,	5,	3,	52,	uso_300ms_50.wav,	8,	346.82555500000115,	9.66,	nan,	90,	2
06,	2,	5,	3,	53,	uso_300ms_15.wav,	7,	336.361794000001,	9.31,	nan,	90,	2
06,	2,	5,	3,	54,	uso_300ms_62.wav,	7,	336.361794000001,	9.31,	nan,	90,	2
06,	2,	5,	3,	55,	uso_300ms_64.wav,	7,	314.87047100000063,	8.6,	nan,	90,	2
06,	2,	5,	3,	56,	uso_300ms_64.wav,	6,	301.8417560000006,	8.16,	nan,	90,	2
06,	2,	5,	3,	57,	uso_300ms_86.wav,	6,	289.12840500000044,	7.74,	nan,	90,	2
06,	2,	5,	3,	58,	uso_300ms_18.wav,	6,	289.1193330000005,	7.74,	nan,	90,	2
06,	2,	5,	3,	59,	uso_300ms_73.wav,	5,	268.56308400000046,	7.05,	nan,	90,	2
06,	2,	5,	3,	60,	uso_300ms_90.wav,	5,	265.3793020000005,	6.95,	nan,	90,	2
06,	2,	5,	3,	61,	uso_300ms_20.wav,	5,	237.4152260000005,	6.01,	nan,	90,	2
06,	2,	5,	3,	62,	uso_300ms_23.wav,	5,	230.4623920000005,	5.78,	nan,	90,	2
06,	2,	5,	3,	63,	uso_300ms_78.wav,	5,	269.380159,	7.08,	nan,	90,	2
06,	2,	5,	3,	64,	uso_300ms_66.wav,	9,	447.9312659999998,	13.03,	nan,	90,	2
06,	2,	5,	3,	65,	uso_300ms_53.wav,	6,	287.5283939999999,	7.68,	nan,	90,	2
06,	2,	5,	3,	66,	uso_300ms_85.wav,	8,	358.8440299999998,	10.06,	nan,	90,	2
06,	2,	5,	3,	67,	uso_300ms_46.wav,	7,	334.5429489999997,	9.25,	nan,	90,	2
06,	2,	5,	3,	68,	uso_300ms_80.wav,	7,	334.40916499999963,	9.25,	nan,	90,	2
06,	2,	5,	3,	69,	uso_300ms_94.wav,	7,	320.36444199999954,	8.78,	nan,	90,	2
06,	2,	5,	3,	70,	uso_300ms_53.wav,	9,	414.39098299999944,	11.91,	nan,	90,	2
06,	2,	5,	3,	71,	uso_300ms_57.wav,	9,	425.74948399999954,	12.29,	nan,	90,	2
06,	2,	5,	3,	72,	uso_300ms_14.wav,	9,	428.5793809999995,	12.39,	nan,	90,	2
06,	2,	5,	3,	73,	uso_300ms_93.wav,	8,	358.3969259999994,	10.05,	nan,	90,	2
06,	2,	5,	3,	74,	uso_300ms_38.wav,	7,	316.6876639999995,	8.66,	nan,	90,	2
06,	2,	5,	3,	75,	uso_300ms_15.wav,	7,	312.1805880000001,	8.51,	nan,	90,	2
06,	2,	5,	3,	76,	uso_300ms_39.wav,	6,	283.82137600000004,	7.56,	nan,	90,	2
06,	2,	5,	3,	77,	uso_300ms_45.wav,	5,	268.49599600000005,	7.05,	nan,	90,	2
06,	2,	5,	3,	78,	uso_300ms_54.wav,	5,	252.248989,	6.51,	nan,	90,	2
06,	2,	5,	3,	79,	uso_300ms_80.wav,	5,	236.6908730000001,	5.99,	nan,	90,	2
06,	2,	5,	3,	80,	uso_300ms_3.wav,	7,	333.6249270000002,	9.22,	nan,	90,	2
06,	2,	5,	3,	81,	uso_300ms_39.wav,	7,	323.28591300000033,	8.88,	nan,	90,	2
06,	2,	5,	3,	82,	uso_300ms_48.wav,	6,	301.5947330000003,	8.15,	nan,	90,	2
06,	2,	5,	3,	83,	uso_300ms_64.wav,	6,	301.52481000000034,	8.15,	nan,	90,	2
06,	2,	5,	3,	84,	uso_300ms_18.wav,	5,	272.4935420000004,	7.18,	nan,	90,	2
06,	2,	5,	3,	85,	uso_300ms_86.wav,	7,	333.4834290000005,	9.22,	nan,	90,	2
06,	2,	5,	3,	86,	uso_300ms_62.wav,	8,	351.6997110000003,	9.82,	nan,	90,	2
06,	2,	5,	3,	87,	uso_300ms_38.wav,	9,	395.5712100000004,	11.29,	nan,	90,	2
06,	2,	5,	3,	88,	uso_300ms_38.wav,	9,	381.06554400000044,	10.8,	nan,	90,	2
06,	2,	5,	3,	89,	uso_300ms_77.wav,	9,	373.9551190000004,	10.57,	nan,	90,	2
06,	2,	5,	3,	90,	uso_300ms_95.wav,	8,	360.2361410000004,	10.11,	nan,	90,	2
