sub_id,cond_id,block_id,task_id,event_id,stim_id,speaker_id,led_id,led_distance,response_time,n_reps,isi
06,	2,	4,	3,	1,	uso_300ms_66.wav,	9,	98,	1.37,	0.2001659870147705,	15,	0.3
06,	2,	4,	3,	2,	uso_300ms_40.wav,	6,	172,	3.83,	1.1757848262786865,	15,	0.3
06,	2,	4,	3,	3,	uso_300ms_92.wav,	5,	215,	5.27,	1.2701623439788818,	15,	0.3
06,	2,	4,	3,	4,	uso_300ms_81.wav,	7,	250,	6.43,	1.4144039154052734,	15,	0.3
06,	2,	4,	3,	5,	uso_300ms_83.wav,	8,	285,	7.6,	1.386686086654663,	15,	0.3
06,	2,	4,	3,	6,	uso_300ms_34.wav,	7,	334,	9.23,	1.6272516250610352,	15,	0.3
06,	2,	4,	3,	7,	uso_300ms_90.wav,	5,	286,	7.63,	1.6768860816955566,	15,	0.3
06,	2,	4,	3,	8,	uso_300ms_50.wav,	9,	346,	9.63,	1.931016206741333,	15,	0.3
06,	2,	4,	3,	9,	uso_300ms_96.wav,	6,	263,	6.87,	1.948256492614746,	15,	0.3
06,	2,	4,	3,	10,	uso_300ms_59.wav,	8,	359,	10.07,	2.1903793811798096,	15,	0.3
06,	2,	4,	3,	11,	uso_300ms_3.wav,	7,	332,	9.17,	2.1509170532226562,	15,	0.3
06,	2,	4,	3,	12,	uso_300ms_86.wav,	5,	246,	6.3,	2.2403504848480225,	15,	0.3
06,	2,	4,	3,	13,	uso_300ms_71.wav,	8,	363,	10.2,	2.362560510635376,	15,	0.3
06,	2,	4,	3,	14,	uso_300ms_70.wav,	6,	279,	7.4,	2.571592092514038,	15,	0.3
06,	2,	4,	3,	15,	uso_300ms_42.wav,	9,	384,	10.9,	2.144254446029663,	15,	0.3
06,	2,	4,	3,	16,	uso_300ms_84.wav,	6,	356,	9.97,	1.7037131786346436,	15,	0.3
06,	2,	4,	3,	17,	uso_300ms_13.wav,	5,	273,	7.2,	1.7729122638702393,	15,	0.3
06,	2,	4,	3,	18,	uso_300ms_67.wav,	8,	324,	8.9,	1.79750657081604,	15,	0.3
06,	2,	4,	3,	19,	uso_300ms_19.wav,	9,	354,	9.9,	1.5710625648498535,	15,	0.3
06,	2,	4,	3,	20,	uso_300ms_63.wav,	7,	335,	9.27,	1.537013053894043,	15,	0.3
06,	2,	4,	3,	21,	uso_300ms_62.wav,	5,	314,	8.57,	1.1519784927368164,	15,	0.3
06,	2,	4,	3,	22,	uso_300ms_19.wav,	9,	398,	11.37,	1.8603253364562988,	15,	0.3
06,	2,	4,	3,	23,	uso_300ms_36.wav,	8,	418,	12.03,	2.0776712894439697,	15,	0.3
06,	2,	4,	3,	24,	uso_300ms_73.wav,	7,	430,	12.43,	1.42641282081604,	15,	0.3
06,	2,	4,	3,	25,	uso_300ms_65.wav,	6,	405,	11.6,	1.0746629238128662,	15,	0.3
06,	2,	4,	3,	26,	uso_300ms_88.wav,	5,	386,	10.97,	1.6795780658721924,	15,	0.3
06,	2,	4,	3,	27,	uso_300ms_98.wav,	8,	356,	9.97,	1.8142428398132324,	15,	0.3
06,	2,	4,	3,	28,	uso_300ms_2.wav,	6,	329,	9.07,	1.183302879333496,	15,	0.3
06,	2,	4,	3,	29,	uso_300ms_99.wav,	7,	280,	7.43,	1.6266589164733887,	15,	0.3
06,	2,	4,	3,	30,	uso_300ms_33.wav,	9,	400,	11.43,	2.27421236038208,	15,	0.3
06,	2,	4,	3,	31,	uso_300ms_21.wav,	5,	348,	9.7,	2.2203118801116943,	15,	0.3
06,	2,	4,	3,	32,	uso_300ms_94.wav,	6,	274,	7.23,	2.0948948860168457,	15,	0.3
06,	2,	4,	3,	33,	uso_300ms_35.wav,	7,	390,	11.1,	2.2911112308502197,	15,	0.3
06,	2,	4,	3,	34,	uso_300ms_52.wav,	9,	426,	12.3,	2.0249903202056885,	15,	0.3
06,	2,	4,	3,	35,	uso_300ms_34.wav,	8,	438,	12.7,	1.7632806301116943,	15,	0.3
06,	2,	4,	3,	36,	uso_300ms_76.wav,	7,	417,	12.0,	1.1055717468261719,	15,	0.3
06,	2,	4,	3,	37,	uso_300ms_95.wav,	8,	354,	9.9,	1.4649922847747803,	15,	0.3
06,	2,	4,	3,	38,	uso_300ms_56.wav,	5,	289,	7.73,	1.890744924545288,	15,	0.3
06,	2,	4,	3,	39,	uso_300ms_83.wav,	6,	260,	6.77,	1.3713927268981934,	15,	0.3
06,	2,	4,	3,	40,	uso_300ms_63.wav,	9,	328,	9.03,	1.946373701095581,	15,	0.3
06,	2,	4,	3,	41,	uso_300ms_47.wav,	7,	347,	9.67,	1.3673102855682373,	15,	0.3
06,	2,	4,	3,	42,	uso_300ms_88.wav,	5,	321,	8.8,	1.273033618927002,	15,	0.3
06,	2,	4,	3,	43,	uso_300ms_74.wav,	6,	290,	7.77,	2.8282878398895264,	15,	0.3
06,	2,	4,	3,	44,	uso_300ms_92.wav,	8,	369,	10.4,	1.7733938694000244,	15,	0.3
06,	2,	4,	3,	45,	uso_300ms_87.wav,	9,	273,	7.2,	2.0188381671905518,	15,	0.3
06,	2,	4,	3,	46,	uso_300ms_100.wav,	8,	304,	8.23,	2.67663311958313,	15,	0.3
06,	2,	4,	3,	47,	uso_300ms_55.wav,	7,	334,	9.23,	1.5405173301696777,	15,	0.3
06,	2,	4,	3,	48,	uso_300ms_54.wav,	6,	268,	7.03,	1.8930468559265137,	15,	0.3
06,	2,	4,	3,	49,	uso_300ms_28.wav,	9,	344,	9.57,	2.040940999984741,	15,	0.3
06,	2,	4,	3,	50,	uso_300ms_74.wav,	5,	359,	10.07,	3.2170639038085938,	15,	0.3
06,	2,	4,	3,	51,	uso_300ms_5.wav,	7,	361,	10.13,	2.0216100215911865,	15,	0.3
06,	2,	4,	3,	52,	uso_300ms_69.wav,	5,	354,	9.9,	1.5306003093719482,	15,	0.3
06,	2,	4,	3,	53,	uso_300ms_86.wav,	8,	324,	8.9,	1.3969614505767822,	15,	0.3
06,	2,	4,	3,	54,	uso_300ms_72.wav,	9,	296,	7.97,	1.3659820556640625,	15,	0.3
06,	2,	4,	3,	55,	uso_300ms_11.wav,	6,	264,	6.9,	1.3998124599456787,	15,	0.3
06,	2,	4,	3,	56,	uso_300ms_60.wav,	5,	236,	5.97,	1.0211119651794434,	15,	0.3
06,	2,	4,	3,	57,	uso_300ms_20.wav,	9,	264,	6.9,	2.300525426864624,	15,	0.3
06,	2,	4,	3,	58,	uso_300ms_30.wav,	7,	236,	5.97,	1.3881795406341553,	15,	0.3
06,	2,	4,	3,	59,	uso_300ms_52.wav,	8,	302,	8.17,	1.9155585765838623,	15,	0.3
06,	2,	4,	3,	60,	uso_300ms_14.wav,	6,	342,	9.5,	2.6720330715179443,	15,	0.3
06,	2,	4,	3,	61,	uso_300ms_99.wav,	7,	393,	11.2,	2.6702563762664795,	15,	0.3
06,	2,	4,	3,	62,	uso_300ms_100.wav,	5,	251,	6.47,	2.7385170459747314,	15,	0.3
06,	2,	4,	3,	63,	uso_300ms_71.wav,	8,	351,	9.8,	1.9353585243225098,	15,	0.3
06,	2,	4,	3,	64,	uso_300ms_72.wav,	6,	387,	11.0,	1.7050740718841553,	15,	0.3
06,	2,	4,	3,	65,	uso_300ms_47.wav,	9,	411,	11.8,	1.4946141242980957,	15,	0.3
06,	2,	4,	3,	66,	uso_300ms_97.wav,	8,	424,	12.23,	3.0030813217163086,	15,	0.3
06,	2,	4,	3,	67,	uso_300ms_80.wav,	9,	437,	12.67,	2.213615655899048,	15,	0.3
06,	2,	4,	3,	68,	uso_300ms_19.wav,	5,	363,	10.2,	1.7012534141540527,	15,	0.3
06,	2,	4,	3,	69,	uso_300ms_97.wav,	6,	281,	7.47,	1.9318914413452148,	15,	0.3
06,	2,	4,	3,	70,	uso_300ms_34.wav,	7,	244,	6.23,	1.2880892753601074,	15,	0.3
06,	2,	4,	3,	71,	uso_300ms_43.wav,	5,	213,	5.2,	1.009622573852539,	15,	0.3
06,	2,	4,	3,	72,	uso_300ms_66.wav,	9,	248,	6.37,	1.244121789932251,	15,	0.3
06,	2,	4,	3,	73,	uso_300ms_45.wav,	7,	273,	7.2,	1.2632014751434326,	15,	0.3
06,	2,	4,	3,	74,	uso_300ms_20.wav,	8,	289,	7.73,	3.7832894325256348,	15,	0.3
06,	2,	4,	3,	75,	uso_300ms_8.wav,	6,	262,	6.83,	1.4567539691925049,	15,	0.3
