sub_id,cond_id,block_id,task_id,event_id,stim_id,speaker_id,led_id,led_distance,response_time,n_reps,isi
03,	1,	1,	2,	1,	uso_300ms_19.wav,	1,	194,	4.57,	2.6758532524108887,	15,	0.3
03,	1,	1,	2,	2,	uso_300ms_19.wav,	5,	333,	9.2,	5.0670366287231445,	15,	0.3
03,	1,	1,	2,	3,	uso_300ms_70.wav,	3,	400,	11.43,	3.0173511505126953,	15,	0.3
03,	1,	1,	2,	4,	uso_300ms_83.wav,	4,	339,	9.4,	4.789481163024902,	15,	0.3
03,	1,	1,	2,	5,	uso_300ms_68.wav,	2,	263,	6.87,	3.8121731281280518,	15,	0.3
03,	1,	1,	2,	6,	uso_300ms_94.wav,	4,	347,	9.67,	2.4891247749328613,	15,	0.3
03,	1,	1,	2,	7,	uso_300ms_31.wav,	1,	235,	5.93,	4.085176944732666,	15,	0.3
03,	1,	1,	2,	8,	uso_300ms_36.wav,	5,	406,	11.63,	3.10174298286438,	15,	0.3
03,	1,	1,	2,	9,	uso_300ms_2.wav,	2,	287,	7.67,	3.8915915489196777,	15,	0.3
03,	1,	1,	2,	10,	uso_300ms_55.wav,	3,	361,	10.13,	1.7288939952850342,	15,	0.3
03,	1,	1,	2,	11,	uso_300ms_90.wav,	4,	409,	11.73,	1.8381659984588623,	15,	0.3
03,	1,	1,	2,	12,	uso_300ms_58.wav,	3,	227,	5.67,	2.9731061458587646,	15,	0.3
03,	1,	1,	2,	13,	uso_300ms_32.wav,	2,	277,	7.33,	3.0047876834869385,	15,	0.3
03,	1,	1,	2,	14,	uso_300ms_40.wav,	1,	162,	3.5,	2.1279168128967285,	15,	0.3
03,	1,	1,	2,	15,	uso_300ms_88.wav,	5,	261,	6.8,	2.088836193084717,	15,	0.3
03,	1,	1,	2,	16,	uso_300ms_91.wav,	3,	302,	8.17,	1.3338420391082764,	15,	0.3
03,	1,	1,	2,	17,	uso_300ms_77.wav,	5,	339,	9.4,	1.2533729076385498,	15,	0.3
03,	1,	1,	2,	18,	uso_300ms_6.wav,	1,	146,	2.97,	3.7285146713256836,	15,	0.3
03,	1,	1,	2,	19,	uso_300ms_88.wav,	2,	232,	5.83,	1.984706163406372,	15,	0.3
03,	1,	1,	2,	20,	uso_300ms_94.wav,	4,	302,	8.17,	1.464048147201538,	15,	0.3
03,	1,	1,	2,	21,	uso_300ms_82.wav,	2,	258,	6.7,	1.415658950805664,	15,	0.3
03,	1,	1,	2,	22,	uso_300ms_37.wav,	3,	302,	8.17,	1.409517765045166,	15,	0.3
03,	1,	1,	2,	23,	uso_300ms_22.wav,	1,	199,	4.73,	1.6161081790924072,	15,	0.3
03,	1,	1,	2,	24,	uso_300ms_74.wav,	4,	352,	9.83,	2.6021811962127686,	15,	0.3
03,	1,	1,	2,	25,	uso_300ms_75.wav,	5,	400,	11.43,	1.5419065952301025,	15,	0.3
03,	1,	1,	2,	26,	uso_300ms_67.wav,	4,	371,	10.47,	1.3595938682556152,	15,	0.3
03,	1,	1,	2,	27,	uso_300ms_36.wav,	5,	422,	12.17,	2.0871546268463135,	15,	0.3
03,	1,	1,	2,	28,	uso_300ms_97.wav,	1,	135,	2.6,	3.034762382507324,	15,	0.3
03,	1,	1,	2,	29,	uso_300ms_11.wav,	3,	305,	8.27,	1.8489389419555664,	15,	0.3
03,	1,	1,	2,	30,	uso_300ms_96.wav,	2,	344,	9.57,	2.1186468601226807,	15,	0.3
03,	1,	1,	2,	31,	uso_300ms_15.wav,	3,	399,	11.4,	1.9224328994750977,	15,	0.3
03,	1,	1,	2,	32,	uso_300ms_86.wav,	2,	316,	8.63,	3.412898063659668,	15,	0.3
03,	1,	1,	2,	33,	uso_300ms_31.wav,	4,	371,	10.47,	2.2524852752685547,	15,	0.3
03,	1,	1,	2,	34,	uso_300ms_31.wav,	5,	411,	11.8,	2.3934319019317627,	15,	0.3
03,	1,	1,	2,	35,	uso_300ms_39.wav,	1,	242,	6.17,	1.8389217853546143,	15,	0.3
03,	1,	1,	2,	36,	uso_300ms_100.wav,	3,	327,	9.0,	1.3101799488067627,	15,	0.3
03,	1,	1,	2,	37,	uso_300ms_85.wav,	5,	388,	11.03,	1.2749464511871338,	15,	0.3
03,	1,	1,	2,	38,	uso_300ms_27.wav,	4,	242,	6.17,	2.5984559059143066,	15,	0.3
03,	1,	1,	2,	39,	uso_300ms_16.wav,	1,	132,	2.5,	1.6048638820648193,	15,	0.3
03,	1,	1,	2,	40,	uso_300ms_65.wav,	2,	253,	6.53,	3.250689744949341,	15,	0.3
03,	1,	1,	2,	41,	uso_300ms_27.wav,	5,	337,	9.33,	1.6922850608825684,	15,	0.3
03,	1,	1,	2,	42,	uso_300ms_28.wav,	4,	286,	7.63,	1.5237250328063965,	15,	0.3
03,	1,	1,	2,	43,	uso_300ms_56.wav,	1,	219,	5.4,	1.4968812465667725,	15,	0.3
03,	1,	1,	2,	44,	uso_300ms_1.wav,	3,	339,	9.4,	1.656419277191162,	15,	0.3
03,	1,	1,	2,	45,	uso_300ms_100.wav,	2,	339,	9.4,	1.277714490890503,	15,	0.3
03,	1,	1,	2,	46,	uso_300ms_94.wav,	1,	217,	5.33,	1.5378611087799072,	15,	0.3
03,	1,	1,	2,	47,	uso_300ms_46.wav,	3,	369,	10.4,	2.782654047012329,	15,	0.3
03,	1,	1,	2,	48,	uso_300ms_80.wav,	4,	417,	12.0,	1.339120864868164,	15,	0.3
03,	1,	1,	2,	49,	uso_300ms_15.wav,	2,	298,	8.03,	3.110490083694458,	15,	0.3
03,	1,	1,	2,	50,	uso_300ms_78.wav,	5,	387,	11.0,	3.063533067703247,	15,	0.3
03,	1,	1,	2,	51,	uso_300ms_74.wav,	1,	229,	5.73,	3.9487483501434326,	15,	0.3
03,	1,	1,	2,	52,	uso_300ms_9.wav,	4,	321,	8.8,	2.434115171432495,	15,	0.3
03,	1,	1,	2,	53,	uso_300ms_37.wav,	2,	229,	5.73,	3.0722689628601074,	15,	0.3
03,	1,	1,	2,	54,	uso_300ms_75.wav,	5,	335,	9.27,	1.540501356124878,	15,	0.3
03,	1,	1,	2,	55,	uso_300ms_92.wav,	3,	197,	4.67,	1.8390393257141113,	15,	0.3
03,	1,	1,	2,	56,	uso_300ms_61.wav,	2,	166,	3.63,	1.1361303329467773,	15,	0.3
03,	1,	1,	2,	57,	uso_300ms_22.wav,	4,	252,	6.5,	1.258159875869751,	15,	0.3
03,	1,	1,	2,	58,	uso_300ms_91.wav,	3,	308,	8.37,	1.1891438961029053,	15,	0.3
03,	1,	1,	2,	59,	uso_300ms_45.wav,	1,	164,	3.57,	1.760033130645752,	15,	0.3
03,	1,	1,	2,	60,	uso_300ms_60.wav,	5,	256,	6.63,	1.3859081268310547,	15,	0.3
03,	1,	1,	2,	61,	uso_300ms_4.wav,	2,	311,	8.47,	1.2929658889770508,	15,	0.3
03,	1,	1,	2,	62,	uso_300ms_35.wav,	5,	366,	10.3,	1.1815617084503174,	15,	0.3
03,	1,	1,	2,	63,	uso_300ms_4.wav,	1,	255,	6.6,	1.5652689933776855,	15,	0.3
03,	1,	1,	2,	64,	uso_300ms_72.wav,	4,	207,	5.0,	2.505833625793457,	15,	0.3
03,	1,	1,	2,	65,	uso_300ms_85.wav,	3,	179,	4.07,	2.2967822551727295,	15,	0.3
03,	1,	1,	2,	66,	uso_300ms_20.wav,	5,	339,	9.4,	2.0768868923187256,	15,	0.3
03,	1,	1,	2,	67,	uso_300ms_96.wav,	2,	241,	6.13,	3.4801785945892334,	15,	0.3
03,	1,	1,	2,	68,	uso_300ms_18.wav,	4,	377,	10.67,	1.9766600131988525,	15,	0.3
03,	1,	1,	2,	69,	uso_300ms_100.wav,	3,	261,	6.8,	2.5772154331207275,	15,	0.3
03,	1,	1,	2,	70,	uso_300ms_43.wav,	1,	128,	2.37,	1.641850471496582,	15,	0.3
03,	1,	1,	2,	71,	uso_300ms_15.wav,	3,	227,	5.67,	2.1677823066711426,	15,	0.3
03,	1,	1,	2,	72,	uso_300ms_16.wav,	1,	159,	3.4,	3.3417985439300537,	15,	0.3
03,	1,	1,	2,	73,	uso_300ms_19.wav,	2,	218,	5.37,	1.2450649738311768,	15,	0.3
03,	1,	1,	2,	74,	uso_300ms_43.wav,	4,	286,	7.63,	2.45920729637146,	15,	0.3
03,	1,	1,	2,	75,	uso_300ms_4.wav,	5,	412,	11.83,	2.7853078842163086,	15,	0.3
