sub_id,cond_id,block_id,task_id,event_id,stim_id,speaker_id,led_id,led_distance,response_time,n_reps,isi
03,	1,	2,	2,	1,	uso_300ms_18.wav,	5,	347,	9.67,	2.5822083950042725,	15,	0.3
03,	1,	2,	2,	2,	uso_300ms_89.wav,	4,	197,	4.67,	2.0762672424316406,	15,	0.3
03,	1,	2,	2,	3,	uso_300ms_14.wav,	2,	159,	3.4,	1.8554537296295166,	15,	0.3
03,	1,	2,	2,	4,	uso_300ms_15.wav,	3,	251,	6.47,	1.341919183731079,	15,	0.3
03,	1,	2,	2,	5,	uso_300ms_95.wav,	1,	157,	3.33,	2.365351438522339,	15,	0.3
03,	1,	2,	2,	6,	uso_300ms_80.wav,	2,	277,	7.33,	1.372229814529419,	15,	0.3
03,	1,	2,	2,	7,	uso_300ms_5.wav,	1,	226,	5.63,	1.2003271579742432,	15,	0.3
03,	1,	2,	2,	8,	uso_300ms_76.wav,	4,	348,	9.7,	1.4986042976379395,	15,	0.3
03,	1,	2,	2,	9,	uso_300ms_27.wav,	5,	310,	8.43,	1.4841406345367432,	15,	0.3
03,	1,	2,	2,	10,	uso_300ms_64.wav,	3,	365,	10.27,	1.4023149013519287,	15,	0.3
03,	1,	2,	2,	11,	uso_300ms_32.wav,	5,	406,	11.63,	1.1387720108032227,	15,	0.3
03,	1,	2,	2,	12,	uso_300ms_44.wav,	3,	280,	7.43,	1.5661368370056152,	15,	0.3
03,	1,	2,	2,	13,	uso_300ms_24.wav,	2,	174,	3.9,	1.2752699851989746,	15,	0.3
03,	1,	2,	2,	14,	uso_300ms_19.wav,	1,	235,	5.93,	1.9304108619689941,	15,	0.3
03,	1,	2,	2,	15,	uso_300ms_28.wav,	4,	326,	8.97,	1.3751540184020996,	15,	0.3
03,	1,	2,	2,	16,	uso_300ms_31.wav,	3,	251,	6.47,	1.4408972263336182,	15,	0.3
03,	1,	2,	2,	17,	uso_300ms_45.wav,	5,	355,	9.93,	1.5081112384796143,	15,	0.3
03,	1,	2,	2,	18,	uso_300ms_97.wav,	4,	197,	4.67,	1.6937944889068604,	15,	0.3
03,	1,	2,	2,	19,	uso_300ms_11.wav,	2,	164,	3.57,	1.4194917678833008,	15,	0.3
03,	1,	2,	2,	20,	uso_300ms_10.wav,	1,	129,	2.4,	0.9678723812103271,	15,	0.3
03,	1,	2,	2,	21,	uso_300ms_99.wav,	3,	215,	5.27,	2.5764076709747314,	15,	0.3
03,	1,	2,	2,	22,	uso_300ms_85.wav,	5,	280,	7.43,	1.007706880569458,	15,	0.3
03,	1,	2,	2,	23,	uso_300ms_24.wav,	2,	161,	3.47,	1.3917813301086426,	15,	0.3
03,	1,	2,	2,	24,	uso_300ms_11.wav,	1,	119,	2.07,	0.9856488704681396,	15,	0.3
03,	1,	2,	2,	25,	uso_300ms_10.wav,	4,	236,	5.97,	1.3349888324737549,	15,	0.3
03,	1,	2,	2,	26,	uso_300ms_98.wav,	2,	181,	4.13,	1.157461166381836,	15,	0.3
03,	1,	2,	2,	27,	uso_300ms_25.wav,	1,	131,	2.47,	1.2942028045654297,	15,	0.3
03,	1,	2,	2,	28,	uso_300ms_80.wav,	4,	291,	7.8,	1.4388511180877686,	15,	0.3
03,	1,	2,	2,	29,	uso_300ms_3.wav,	3,	223,	5.53,	1.4937047958374023,	15,	0.3
03,	1,	2,	2,	30,	uso_300ms_89.wav,	5,	313,	8.53,	1.206784725189209,	15,	0.3
03,	1,	2,	2,	31,	uso_300ms_100.wav,	1,	144,	2.9,	1.6108825206756592,	15,	0.3
03,	1,	2,	2,	32,	uso_300ms_44.wav,	2,	206,	4.97,	1.066669225692749,	15,	0.3
03,	1,	2,	2,	33,	uso_300ms_82.wav,	5,	342,	9.5,	1.5067968368530273,	15,	0.3
03,	1,	2,	2,	34,	uso_300ms_23.wav,	3,	182,	4.17,	1.5937883853912354,	15,	0.3
03,	1,	2,	2,	35,	uso_300ms_70.wav,	4,	279,	7.4,	1.3627524375915527,	15,	0.3
03,	1,	2,	2,	36,	uso_300ms_69.wav,	3,	150,	3.1,	1.5381031036376953,	15,	0.3
03,	1,	2,	2,	37,	uso_300ms_11.wav,	2,	123,	2.2,	0.9010343551635742,	15,	0.3
03,	1,	2,	2,	38,	uso_300ms_28.wav,	5,	256,	6.63,	1.3634510040283203,	15,	0.3
03,	1,	2,	2,	39,	uso_300ms_90.wav,	1,	128,	2.37,	2.625310182571411,	15,	0.3
03,	1,	2,	2,	40,	uso_300ms_18.wav,	4,	227,	5.67,	1.565481424331665,	15,	0.3
03,	1,	2,	2,	41,	uso_300ms_59.wav,	3,	186,	4.3,	1.5058302879333496,	15,	0.3
03,	1,	2,	2,	42,	uso_300ms_67.wav,	4,	267,	7.0,	1.7517380714416504,	15,	0.3
03,	1,	2,	2,	43,	uso_300ms_76.wav,	1,	141,	2.8,	1.3951694965362549,	15,	0.3
03,	1,	2,	2,	44,	uso_300ms_35.wav,	5,	312,	8.5,	1.507995367050171,	15,	0.3
03,	1,	2,	2,	45,	uso_300ms_55.wav,	2,	165,	3.6,	1.458923101425171,	15,	0.3
03,	1,	2,	2,	46,	uso_300ms_61.wav,	3,	247,	6.33,	1.5314791202545166,	15,	0.3
03,	1,	2,	2,	47,	uso_300ms_28.wav,	1,	132,	2.5,	1.3736457824707031,	15,	0.3
03,	1,	2,	2,	48,	uso_300ms_13.wav,	5,	281,	7.47,	1.40183687210083,	15,	0.3
03,	1,	2,	2,	49,	uso_300ms_46.wav,	4,	351,	9.8,	3.717986583709717,	15,	0.3
03,	1,	2,	2,	50,	uso_300ms_20.wav,	2,	170,	3.77,	1.6692659854888916,	15,	0.3
03,	1,	2,	2,	51,	uso_300ms_17.wav,	3,	243,	6.2,	2.2407097816467285,	15,	0.3
03,	1,	2,	2,	52,	uso_300ms_35.wav,	5,	343,	9.53,	1.3178799152374268,	15,	0.3
03,	1,	2,	2,	53,	uso_300ms_66.wav,	4,	203,	4.87,	1.7417221069335938,	15,	0.3
03,	1,	2,	2,	54,	uso_300ms_15.wav,	2,	172,	3.83,	0.9137802124023438,	15,	0.3
03,	1,	2,	2,	55,	uso_300ms_23.wav,	1,	107,	1.67,	1.0641069412231445,	15,	0.3
03,	1,	2,	2,	56,	uso_300ms_89.wav,	3,	236,	5.97,	2.1016557216644287,	15,	0.3
03,	1,	2,	2,	57,	uso_300ms_3.wav,	4,	298,	8.03,	0.9367566108703613,	15,	0.3
03,	1,	2,	2,	58,	uso_300ms_72.wav,	2,	252,	6.5,	1.1158215999603271,	15,	0.3
03,	1,	2,	2,	59,	uso_300ms_85.wav,	5,	353,	9.87,	1.3117120265960693,	15,	0.3
03,	1,	2,	2,	60,	uso_300ms_7.wav,	1,	144,	2.9,	1.9232628345489502,	15,	0.3
03,	1,	2,	2,	61,	uso_300ms_99.wav,	5,	267,	7.0,	2.1025338172912598,	15,	0.3
03,	1,	2,	2,	62,	uso_300ms_88.wav,	3,	166,	3.63,	1.3311426639556885,	15,	0.3
03,	1,	2,	2,	63,	uso_300ms_82.wav,	4,	235,	5.93,	1.9257123470306396,	15,	0.3
03,	1,	2,	2,	64,	uso_300ms_50.wav,	1,	147,	3.0,	1.4735195636749268,	15,	0.3
03,	1,	2,	2,	65,	uso_300ms_23.wav,	2,	235,	5.93,	2.344613552093506,	15,	0.3
03,	1,	2,	2,	66,	uso_300ms_33.wav,	1,	147,	3.0,	2.458838939666748,	15,	0.3
03,	1,	2,	2,	67,	uso_300ms_85.wav,	5,	288,	7.7,	2.582071304321289,	15,	0.3
03,	1,	2,	2,	68,	uso_300ms_91.wav,	3,	336,	9.3,	1.2230839729309082,	15,	0.3
03,	1,	2,	2,	69,	uso_300ms_26.wav,	2,	188,	4.37,	2.1000723838806152,	15,	0.3
03,	1,	2,	2,	70,	uso_300ms_55.wav,	4,	308,	8.37,	1.7606735229492188,	15,	0.3
03,	1,	2,	2,	71,	uso_300ms_40.wav,	1,	152,	3.17,	1.6926474571228027,	15,	0.3
03,	1,	2,	2,	72,	uso_300ms_6.wav,	4,	242,	6.17,	1.1057064533233643,	15,	0.3
03,	1,	2,	2,	73,	uso_300ms_1.wav,	2,	280,	7.43,	1.0769193172454834,	15,	0.3
03,	1,	2,	2,	74,	uso_300ms_77.wav,	3,	308,	8.37,	1.0245904922485352,	15,	0.3
03,	1,	2,	2,	75,	uso_300ms_35.wav,	5,	376,	10.63,	1.21370267868042,	15,	0.3
