sub_id,cond_id,block_id,task_id,event_id,stim_id,speaker_id,led_id,led_distance,response_time,n_reps,isi
03,	1,	4,	2,	1,	uso_300ms_6.wav,	2,	144,	2.9,	2.7209630012512207,	15,	0.3
03,	1,	4,	2,	2,	uso_300ms_64.wav,	5,	265,	6.93,	2.576871633529663,	15,	0.3
03,	1,	4,	2,	3,	uso_300ms_4.wav,	3,	202,	4.83,	2.0643386840820312,	15,	0.3
03,	1,	4,	2,	4,	uso_300ms_36.wav,	1,	145,	2.93,	2.700753688812256,	15,	0.3
03,	1,	4,	2,	5,	uso_300ms_8.wav,	4,	254,	6.57,	2.4099466800689697,	15,	0.3
03,	1,	4,	2,	6,	uso_300ms_26.wav,	1,	151,	3.13,	2.427788496017456,	15,	0.3
03,	1,	4,	2,	7,	uso_300ms_27.wav,	2,	192,	4.5,	3.898404121398926,	15,	0.3
03,	1,	4,	2,	8,	uso_300ms_69.wav,	3,	224,	5.57,	2.0463201999664307,	15,	0.3
03,	1,	4,	2,	9,	uso_300ms_63.wav,	5,	278,	7.37,	2.382389783859253,	15,	0.3
03,	1,	4,	2,	10,	uso_300ms_94.wav,	4,	208,	5.03,	2.495136260986328,	15,	0.3
03,	1,	4,	2,	11,	uso_300ms_75.wav,	3,	183,	4.2,	2.156921625137329,	15,	0.3
03,	1,	4,	2,	12,	uso_300ms_16.wav,	4,	273,	7.2,	2.12664532661438,	15,	0.3
03,	1,	4,	2,	13,	uso_300ms_60.wav,	1,	154,	3.23,	2.1579833030700684,	15,	0.3
03,	1,	4,	2,	14,	uso_300ms_69.wav,	5,	296,	7.97,	3.0919029712677,	15,	0.3
03,	1,	4,	2,	15,	uso_300ms_62.wav,	2,	170,	3.77,	4.0083043575286865,	15,	0.3
03,	1,	4,	2,	16,	uso_300ms_25.wav,	5,	319,	8.73,	2.535020112991333,	15,	0.3
03,	1,	4,	2,	17,	uso_300ms_98.wav,	4,	257,	6.67,	2.9496591091156006,	15,	0.3
03,	1,	4,	2,	18,	uso_300ms_26.wav,	1,	146,	2.97,	1.7132055759429932,	15,	0.3
03,	1,	4,	2,	19,	uso_300ms_100.wav,	2,	213,	5.2,	1.5759599208831787,	15,	0.3
03,	1,	4,	2,	20,	uso_300ms_90.wav,	3,	289,	7.73,	2.1697614192962646,	15,	0.3
03,	1,	4,	2,	21,	uso_300ms_29.wav,	2,	253,	6.53,	1.8849456310272217,	15,	0.3
03,	1,	4,	2,	22,	uso_300ms_65.wav,	4,	296,	7.97,	1.5955896377563477,	15,	0.3
03,	1,	4,	2,	23,	uso_300ms_58.wav,	3,	207,	5.0,	1.6006145477294922,	15,	0.3
03,	1,	4,	2,	24,	uso_300ms_57.wav,	1,	181,	4.13,	1.5574002265930176,	15,	0.3
03,	1,	4,	2,	25,	uso_300ms_8.wav,	5,	243,	6.2,	2.426776647567749,	15,	0.3
03,	1,	4,	2,	26,	uso_300ms_79.wav,	3,	199,	4.73,	2.8167178630828857,	15,	0.3
03,	1,	4,	2,	27,	uso_300ms_10.wav,	2,	250,	6.43,	1.658452033996582,	15,	0.3
03,	1,	4,	2,	28,	uso_300ms_95.wav,	5,	293,	7.87,	3.4462971687316895,	15,	0.3
03,	1,	4,	2,	29,	uso_300ms_13.wav,	1,	170,	3.77,	4.148283243179321,	15,	0.3
03,	1,	4,	2,	30,	uso_300ms_5.wav,	4,	246,	6.3,	2.2844839096069336,	15,	0.3
03,	1,	4,	2,	31,	uso_300ms_77.wav,	5,	271,	7.13,	1.4823839664459229,	15,	0.3
03,	1,	4,	2,	32,	uso_300ms_11.wav,	1,	161,	3.47,	2.6378419399261475,	15,	0.3
03,	1,	4,	2,	33,	uso_300ms_78.wav,	3,	306,	8.3,	2.4478182792663574,	15,	0.3
03,	1,	4,	2,	34,	uso_300ms_6.wav,	4,	273,	7.2,	2.9799978733062744,	15,	0.3
03,	1,	4,	2,	35,	uso_300ms_48.wav,	2,	191,	4.47,	1.7013118267059326,	15,	0.3
03,	1,	4,	2,	36,	uso_300ms_3.wav,	5,	265,	6.93,	1.8129229545593262,	15,	0.3
03,	1,	4,	2,	37,	uso_300ms_96.wav,	1,	139,	2.73,	1.919065237045288,	15,	0.3
03,	1,	4,	2,	38,	uso_300ms_33.wav,	2,	188,	4.37,	1.4431431293487549,	15,	0.3
03,	1,	4,	2,	39,	uso_300ms_25.wav,	4,	252,	6.5,	2.5985958576202393,	15,	0.3
03,	1,	4,	2,	40,	uso_300ms_10.wav,	3,	277,	7.33,	1.3471574783325195,	15,	0.3
03,	1,	4,	2,	41,	uso_300ms_50.wav,	5,	306,	8.3,	2.5972254276275635,	15,	0.3
03,	1,	4,	2,	42,	uso_300ms_35.wav,	4,	282,	7.5,	4.581817150115967,	15,	0.3
03,	1,	4,	2,	43,	uso_300ms_17.wav,	2,	191,	4.47,	1.5261118412017822,	15,	0.3
03,	1,	4,	2,	44,	uso_300ms_69.wav,	1,	146,	2.97,	1.3456652164459229,	15,	0.3
03,	1,	4,	2,	45,	uso_300ms_23.wav,	3,	201,	4.8,	1.3484604358673096,	15,	0.3
03,	1,	4,	2,	46,	uso_300ms_31.wav,	4,	244,	6.23,	1.4126694202423096,	15,	0.3
03,	1,	4,	2,	47,	uso_300ms_15.wav,	5,	301,	8.13,	2.2780683040618896,	15,	0.3
03,	1,	4,	2,	48,	uso_300ms_52.wav,	3,	258,	6.7,	1.3472201824188232,	15,	0.3
03,	1,	4,	2,	49,	uso_300ms_96.wav,	1,	180,	4.1,	1.4515130519866943,	15,	0.3
03,	1,	4,	2,	50,	uso_300ms_7.wav,	2,	149,	3.07,	2.187441110610962,	15,	0.3
03,	1,	4,	2,	51,	uso_300ms_21.wav,	5,	241,	6.13,	1.4062087535858154,	15,	0.3
03,	1,	4,	2,	52,	uso_300ms_97.wav,	4,	202,	4.83,	1.6163060665130615,	15,	0.3
03,	1,	4,	2,	53,	uso_300ms_59.wav,	2,	176,	3.97,	1.603550910949707,	15,	0.3
03,	1,	4,	2,	54,	uso_300ms_54.wav,	3,	272,	7.17,	1.5130863189697266,	15,	0.3
03,	1,	4,	2,	55,	uso_300ms_49.wav,	1,	149,	3.07,	1.9652795791625977,	15,	0.3
03,	1,	4,	2,	56,	uso_300ms_37.wav,	2,	168,	3.7,	3.0404951572418213,	15,	0.3
03,	1,	4,	2,	57,	uso_300ms_56.wav,	3,	220,	5.43,	2.497509479522705,	15,	0.3
03,	1,	4,	2,	58,	uso_300ms_71.wav,	4,	302,	8.17,	1.562516450881958,	15,	0.3
03,	1,	4,	2,	59,	uso_300ms_39.wav,	5,	328,	9.03,	2.0558836460113525,	15,	0.3
03,	1,	4,	2,	60,	uso_300ms_29.wav,	1,	163,	3.53,	2.2513864040374756,	15,	0.3
03,	1,	4,	2,	61,	uso_300ms_82.wav,	4,	236,	5.97,	1.6363580226898193,	15,	0.3
03,	1,	4,	2,	62,	uso_300ms_23.wav,	1,	139,	2.73,	2.2583415508270264,	15,	0.3
03,	1,	4,	2,	63,	uso_300ms_61.wav,	2,	184,	4.23,	1.9262006282806396,	15,	0.3
03,	1,	4,	2,	64,	uso_300ms_87.wav,	5,	277,	7.33,	1.9395921230316162,	15,	0.3
03,	1,	4,	2,	65,	uso_300ms_83.wav,	3,	302,	8.17,	2.3867733478546143,	15,	0.3
03,	1,	4,	2,	66,	uso_300ms_68.wav,	4,	270,	7.1,	3.526090145111084,	15,	0.3
03,	1,	4,	2,	67,	uso_300ms_7.wav,	3,	187,	4.33,	1.6732311248779297,	15,	0.3
03,	1,	4,	2,	68,	uso_300ms_77.wav,	2,	161,	3.47,	1.1432828903198242,	15,	0.3
03,	1,	4,	2,	69,	uso_300ms_74.wav,	1,	142,	2.83,	1.2757236957550049,	15,	0.3
03,	1,	4,	2,	70,	uso_300ms_40.wav,	5,	269,	7.07,	2.338653564453125,	15,	0.3
03,	1,	4,	2,	71,	uso_300ms_65.wav,	2,	229,	5.73,	4.452936887741089,	15,	0.3
03,	1,	4,	2,	72,	uso_300ms_45.wav,	3,	270,	7.1,	1.2271978855133057,	15,	0.3
03,	1,	4,	2,	73,	uso_300ms_12.wav,	1,	174,	3.9,	2.013702154159546,	15,	0.3
03,	1,	4,	2,	74,	uso_300ms_82.wav,	4,	258,	6.7,	1.5159308910369873,	15,	0.3
03,	1,	4,	2,	75,	uso_300ms_80.wav,	5,	298,	8.03,	1.8353228569030762,	15,	0.3
