sub_id,cond_id,block_id,task_id,event_id,stim_id,speaker_id,led_id,led_distance,response_time,n_reps,isi
03,	1,	3,	2,	1,	uso_300ms_2.wav,	1,	90,	1.1,	nan,	90,	2
03,	1,	3,	2,	2,	uso_300ms_58.wav,	1,	152.2119679999999,	3.17,	nan,	90,	2
03,	1,	3,	2,	3,	uso_300ms_32.wav,	3,	219.40999399999967,	5.41,	nan,	90,	2
03,	1,	3,	2,	4,	uso_300ms_2.wav,	3,	219.40999399999967,	5.41,	nan,	90,	2
03,	1,	3,	2,	5,	uso_300ms_39.wav,	5,	270.7283099999996,	7.12,	nan,	90,	2
03,	1,	3,	2,	6,	uso_300ms_4.wav,	5,	321.8605239999997,	8.83,	nan,	90,	2
03,	1,	3,	2,	7,	uso_300ms_3.wav,	5,	357.8297159999997,	10.03,	nan,	90,	2
03,	1,	3,	2,	8,	uso_300ms_23.wav,	5,	380.5367709999996,	10.78,	nan,	90,	2
03,	1,	3,	2,	9,	uso_300ms_32.wav,	5,	380.4920479999995,	10.78,	nan,	90,	2
03,	1,	3,	2,	10,	uso_300ms_24.wav,	5,	413.59502699999956,	11.89,	nan,	90,	2
03,	1,	3,	2,	11,	uso_300ms_9.wav,	5,	396.7286459999991,	11.32,	nan,	90,	2
03,	1,	3,	2,	12,	uso_300ms_56.wav,	5,	343.257220999999,	9.54,	nan,	90,	2
03,	1,	3,	2,	13,	uso_300ms_14.wav,	3,	214.63588199999893,	5.25,	nan,	90,	2
03,	1,	3,	2,	14,	uso_300ms_28.wav,	5,	397.584234999999,	11.35,	nan,	90,	2
03,	1,	3,	2,	15,	uso_300ms_32.wav,	5,	355.88135699999896,	9.96,	nan,	90,	2
03,	1,	3,	2,	16,	uso_300ms_31.wav,	3,	206.52302899999896,	4.98,	nan,	90,	2
03,	1,	3,	2,	17,	uso_300ms_87.wav,	1,	154.72769799999895,	3.26,	nan,	90,	2
03,	1,	3,	2,	18,	uso_300ms_33.wav,	2,	188.00738499999895,	4.37,	nan,	90,	2
03,	1,	3,	2,	19,	uso_300ms_29.wav,	5,	394.74101699999903,	11.26,	nan,	90,	2
03,	1,	3,	2,	20,	uso_300ms_85.wav,	5,	427.42328199999923,	12.35,	nan,	90,	2
03,	1,	3,	2,	21,	uso_300ms_43.wav,	5,	260.27375399999937,	6.78,	nan,	90,	2
03,	1,	3,	2,	22,	uso_300ms_43.wav,	3,	203.39812399999937,	4.88,	nan,	90,	2
03,	1,	3,	2,	23,	uso_300ms_25.wav,	2,	163.7101749999994,	3.56,	nan,	90,	2
03,	1,	3,	2,	24,	uso_300ms_21.wav,	5,	264.7439889999993,	6.92,	nan,	90,	2
03,	1,	3,	2,	25,	uso_300ms_84.wav,	4,	222.9448679999993,	5.53,	nan,	90,	2
03,	1,	3,	2,	26,	uso_300ms_40.wav,	2,	181.83068299999937,	4.16,	nan,	90,	2
03,	1,	3,	2,	27,	uso_300ms_5.wav,	1,	153.1837569999994,	3.21,	nan,	90,	2
03,	1,	3,	2,	28,	uso_300ms_7.wav,	1,	124.78023499999946,	2.26,	nan,	90,	2
03,	1,	3,	2,	29,	uso_300ms_13.wav,	1,	96.92356699999947,	1.33,	nan,	90,	2
03,	1,	3,	2,	30,	uso_300ms_27.wav,	1,	113.84634699999944,	1.89,	nan,	90,	2
03,	1,	3,	2,	31,	uso_300ms_71.wav,	1,	113.84634699999944,	1.89,	nan,	90,	2
03,	1,	3,	2,	32,	uso_300ms_91.wav,	3,	192.75235599999942,	4.53,	nan,	90,	2
03,	1,	3,	2,	33,	uso_300ms_79.wav,	4,	225.76135299999945,	5.63,	nan,	90,	2
03,	1,	3,	2,	34,	uso_300ms_10.wav,	5,	274.98020799999944,	7.27,	nan,	90,	2
03,	1,	3,	2,	35,	uso_300ms_2.wav,	5,	274.98020799999944,	7.27,	nan,	90,	2
03,	1,	3,	2,	36,	uso_300ms_38.wav,	5,	274.98020799999944,	7.27,	nan,	90,	2
03,	1,	3,	2,	37,	uso_300ms_53.wav,	5,	275.4333249999995,	7.28,	nan,	90,	2
03,	1,	3,	2,	38,	uso_300ms_31.wav,	5,	315.0818639999996,	8.6,	nan,	90,	2
03,	1,	3,	2,	39,	uso_300ms_71.wav,	5,	330.75363899999957,	9.13,	nan,	90,	2
03,	1,	3,	2,	40,	uso_300ms_4.wav,	4,	250.96042199999962,	6.47,	nan,	90,	2
03,	1,	3,	2,	41,	uso_300ms_84.wav,	3,	217.47107099999977,	5.35,	nan,	90,	2
03,	1,	3,	2,	42,	uso_300ms_38.wav,	3,	217.47107099999977,	5.35,	nan,	90,	2
03,	1,	3,	2,	43,	uso_300ms_64.wav,	3,	217.47107099999977,	5.35,	nan,	90,	2
03,	1,	3,	2,	44,	uso_300ms_86.wav,	2,	182.70191699999972,	4.19,	nan,	90,	2
03,	1,	3,	2,	45,	uso_300ms_7.wav,	2,	182.70191699999972,	4.19,	nan,	90,	2
03,	1,	3,	2,	46,	uso_300ms_18.wav,	1,	92.5375909999997,	1.18,	nan,	90,	2
03,	1,	3,	2,	47,	uso_300ms_10.wav,	1,	92.5375909999997,	1.18,	nan,	90,	2
03,	1,	3,	2,	48,	uso_300ms_98.wav,	1,	155.12590699999973,	3.27,	nan,	90,	2
03,	1,	3,	2,	49,	uso_300ms_58.wav,	2,	181.3090919999997,	4.14,	nan,	90,	2
03,	1,	3,	2,	50,	uso_300ms_50.wav,	1,	151.93676299999976,	3.16,	nan,	90,	2
03,	1,	3,	2,	51,	uso_300ms_66.wav,	3,	194.14605599999976,	4.57,	nan,	90,	2
03,	1,	3,	2,	52,	uso_300ms_85.wav,	2,	169.48503499999987,	3.75,	nan,	90,	2
03,	1,	3,	2,	53,	uso_300ms_61.wav,	1,	148.89293899999987,	3.06,	nan,	90,	2
03,	1,	3,	2,	54,	uso_300ms_27.wav,	3,	193.30924799999985,	4.54,	nan,	90,	2
03,	1,	3,	2,	55,	uso_300ms_99.wav,	4,	234.25340999999992,	5.91,	nan,	90,	2
03,	1,	3,	2,	56,	uso_300ms_35.wav,	5,	280.4357209999999,	7.45,	nan,	90,	2
03,	1,	3,	2,	57,	uso_300ms_1.wav,	5,	310.055374,	8.44,	nan,	90,	2
03,	1,	3,	2,	58,	uso_300ms_86.wav,	5,	273.759352,	7.23,	nan,	90,	2
03,	1,	3,	2,	59,	uso_300ms_96.wav,	4,	236.775615,	5.99,	nan,	90,	2
03,	1,	3,	2,	60,	uso_300ms_75.wav,	3,	215.35473299999992,	5.28,	nan,	90,	2
03,	1,	3,	2,	61,	uso_300ms_1.wav,	2,	185.47117299999994,	4.28,	nan,	90,	2
03,	1,	3,	2,	62,	uso_300ms_59.wav,	1,	159.5529659999999,	3.42,	nan,	90,	2
03,	1,	3,	2,	63,	uso_300ms_40.wav,	2,	190.84992399999993,	4.46,	nan,	90,	2
03,	1,	3,	2,	64,	uso_300ms_55.wav,	3,	209.76495999999995,	5.09,	nan,	90,	2
03,	1,	3,	2,	65,	uso_300ms_50.wav,	4,	241.92464,	6.16,	nan,	90,	2
03,	1,	3,	2,	66,	uso_300ms_78.wav,	5,	271.4546230000001,	7.15,	nan,	90,	2
03,	1,	3,	2,	67,	uso_300ms_23.wav,	4,	244.25750900000008,	6.24,	nan,	90,	2
03,	1,	3,	2,	68,	uso_300ms_94.wav,	3,	218.54376500000006,	5.38,	nan,	90,	2
03,	1,	3,	2,	69,	uso_300ms_5.wav,	2,	187.51642600000008,	4.35,	nan,	90,	2
03,	1,	3,	2,	70,	uso_300ms_75.wav,	2,	187.51642600000008,	4.35,	nan,	90,	2
03,	1,	3,	2,	71,	uso_300ms_46.wav,	1,	139.32510800000009,	2.74,	nan,	90,	2
03,	1,	3,	2,	72,	uso_300ms_35.wav,	1,	139.32510800000009,	2.74,	nan,	90,	2
03,	1,	3,	2,	73,	uso_300ms_44.wav,	3,	193.4996620000001,	4.55,	nan,	90,	2
03,	1,	3,	2,	74,	uso_300ms_34.wav,	3,	193.4996620000001,	4.55,	nan,	90,	2
03,	1,	3,	2,	75,	uso_300ms_87.wav,	3,	193.4996620000001,	4.55,	nan,	90,	2
03,	1,	3,	2,	76,	uso_300ms_14.wav,	3,	193.4996620000001,	4.55,	nan,	90,	2
03,	1,	3,	2,	77,	uso_300ms_49.wav,	4,	223.42203000000006,	5.55,	nan,	90,	2
03,	1,	3,	2,	78,	uso_300ms_72.wav,	3,	204.64947900000004,	4.92,	nan,	90,	2
03,	1,	3,	2,	79,	uso_300ms_27.wav,	4,	229.20290300000008,	5.74,	nan,	90,	2
03,	1,	3,	2,	80,	uso_300ms_53.wav,	3,	211.74860600000008,	5.16,	nan,	90,	2
03,	1,	3,	2,	81,	uso_300ms_41.wav,	5,	266.9249860000001,	7.0,	nan,	90,	2
03,	1,	3,	2,	82,	uso_300ms_10.wav,	4,	234.7510890000001,	5.93,	nan,	90,	2
03,	1,	3,	2,	83,	uso_300ms_36.wav,	3,	221.6754320000001,	5.49,	nan,	90,	2
03,	1,	3,	2,	84,	uso_300ms_32.wav,	3,	200.10303500000003,	4.77,	nan,	90,	2
03,	1,	3,	2,	85,	uso_300ms_84.wav,	2,	179.93446,	4.1,	nan,	90,	2
03,	1,	3,	2,	86,	uso_300ms_24.wav,	1,	154.5348549999999,	3.25,	nan,	90,	2
03,	1,	3,	2,	87,	uso_300ms_92.wav,	3,	192.25121199999992,	4.51,	nan,	90,	2
03,	1,	3,	2,	88,	uso_300ms_60.wav,	4,	235.59993699999995,	5.95,	nan,	90,	2
03,	1,	3,	2,	89,	uso_300ms_10.wav,	5,	268.06322799999987,	7.04,	nan,	90,	2
03,	1,	3,	2,	90,	uso_300ms_29.wav,	5,	296.7805739999999,	7.99,	nan,	90,	2
