sub_id,cond_id,block_id,task_id,event_id,stim_id,speaker_id,led_id,led_distance,response_time,n_reps,isi
03,	1,	5,	2,	1,	uso_300ms_28.wav,	1,	90.001512,	1.1,	nan,	90,	2
03,	1,	5,	2,	2,	uso_300ms_4.wav,	1,	116.56748500000027,	1.99,	nan,	90,	2
03,	1,	5,	2,	3,	uso_300ms_82.wav,	1,	153.7596960000004,	3.23,	nan,	90,	2
03,	1,	5,	2,	4,	uso_300ms_72.wav,	5,	411.6776570000004,	11.82,	nan,	90,	2
03,	1,	5,	2,	5,	uso_300ms_99.wav,	5,	306.6223360000004,	8.32,	nan,	90,	2
03,	1,	5,	2,	6,	uso_300ms_46.wav,	5,	293.37388400000026,	7.88,	nan,	90,	2
03,	1,	5,	2,	7,	uso_300ms_25.wav,	5,	264.40572800000007,	6.91,	nan,	90,	2
03,	1,	5,	2,	8,	uso_300ms_8.wav,	5,	293.5466930000001,	7.88,	nan,	90,	2
03,	1,	5,	2,	9,	uso_300ms_32.wav,	5,	274.83988600000015,	7.26,	nan,	90,	2
03,	1,	5,	2,	10,	uso_300ms_25.wav,	4,	249.41185400000015,	6.41,	nan,	90,	2
03,	1,	5,	2,	11,	uso_300ms_42.wav,	4,	242.32182000000014,	6.18,	nan,	90,	2
03,	1,	5,	2,	12,	uso_300ms_93.wav,	4,	240.19657100000018,	6.11,	nan,	90,	2
03,	1,	5,	2,	13,	uso_300ms_13.wav,	4,	240.19657100000018,	6.11,	nan,	90,	2
03,	1,	5,	2,	14,	uso_300ms_21.wav,	4,	240.19657100000018,	6.11,	nan,	90,	2
03,	1,	5,	2,	15,	uso_300ms_81.wav,	3,	200.05143800000016,	4.77,	nan,	90,	2
03,	1,	5,	2,	16,	uso_300ms_34.wav,	3,	200.05143800000016,	4.77,	nan,	90,	2
03,	1,	5,	2,	17,	uso_300ms_88.wav,	3,	200.05143800000016,	4.77,	nan,	90,	2
03,	1,	5,	2,	18,	uso_300ms_85.wav,	2,	177.44001700000015,	4.01,	nan,	90,	2
03,	1,	5,	2,	19,	uso_300ms_28.wav,	1,	143.1052830000003,	2.87,	nan,	90,	2
03,	1,	5,	2,	20,	uso_300ms_3.wav,	1,	153.38475500000033,	3.21,	nan,	90,	2
03,	1,	5,	2,	21,	uso_300ms_10.wav,	3,	221.94795600000032,	5.5,	nan,	90,	2
03,	1,	5,	2,	22,	uso_300ms_99.wav,	3,	221.94795600000032,	5.5,	nan,	90,	2
03,	1,	5,	2,	23,	uso_300ms_11.wav,	3,	193.51440400000027,	4.55,	nan,	90,	2
03,	1,	5,	2,	24,	uso_300ms_45.wav,	3,	193.51440400000027,	4.55,	nan,	90,	2
03,	1,	5,	2,	25,	uso_300ms_78.wav,	3,	193.51440400000027,	4.55,	nan,	90,	2
03,	1,	5,	2,	26,	uso_300ms_92.wav,	5,	303.64458500000035,	8.22,	nan,	90,	2
03,	1,	5,	2,	27,	uso_300ms_2.wav,	5,	303.64458500000035,	8.22,	nan,	90,	2
03,	1,	5,	2,	28,	uso_300ms_14.wav,	4,	240.02494500000032,	6.1,	nan,	90,	2
03,	1,	5,	2,	29,	uso_300ms_67.wav,	4,	240.02494500000032,	6.1,	nan,	90,	2
03,	1,	5,	2,	30,	uso_300ms_99.wav,	4,	240.02494500000032,	6.1,	nan,	90,	2
03,	1,	5,	2,	31,	uso_300ms_36.wav,	4,	240.02494500000032,	6.1,	nan,	90,	2
03,	1,	5,	2,	32,	uso_300ms_40.wav,	3,	195.95522700000032,	4.63,	nan,	90,	2
03,	1,	5,	2,	33,	uso_300ms_60.wav,	3,	195.95522700000032,	4.63,	nan,	90,	2
03,	1,	5,	2,	34,	uso_300ms_56.wav,	1,	152.2020490000003,	3.17,	nan,	90,	2
03,	1,	5,	2,	35,	uso_300ms_27.wav,	1,	152.2020490000003,	3.17,	nan,	90,	2
03,	1,	5,	2,	36,	uso_300ms_39.wav,	3,	195.40974500000033,	4.61,	nan,	90,	2
03,	1,	5,	2,	37,	uso_300ms_53.wav,	3,	195.40974500000033,	4.61,	nan,	90,	2
03,	1,	5,	2,	38,	uso_300ms_86.wav,	5,	272.92458100000033,	7.2,	nan,	90,	2
03,	1,	5,	2,	39,	uso_300ms_47.wav,	5,	272.92458100000033,	7.2,	nan,	90,	2
03,	1,	5,	2,	40,	uso_300ms_20.wav,	5,	272.92458100000033,	7.2,	nan,	90,	2
03,	1,	5,	2,	41,	uso_300ms_35.wav,	3,	201.11951200000036,	4.8,	nan,	90,	2
03,	1,	5,	2,	42,	uso_300ms_83.wav,	5,	278.17466500000046,	7.37,	nan,	90,	2
03,	1,	5,	2,	43,	uso_300ms_81.wav,	2,	166.1428640000005,	3.64,	nan,	90,	2
03,	1,	5,	2,	44,	uso_300ms_69.wav,	2,	166.1428640000005,	3.64,	nan,	90,	2
03,	1,	5,	2,	45,	uso_300ms_41.wav,	2,	170.1428640000005,	3.77,	nan,	90,	2
03,	1,	5,	2,	46,	uso_300ms_96.wav,	2,	183.1428640000005,	4.2,	nan,	90,	2
03,	1,	5,	2,	47,	uso_300ms_70.wav,	3,	196.1428640000005,	4.64,	nan,	90,	2
03,	1,	5,	2,	48,	uso_300ms_94.wav,	3,	209.1428640000005,	5.07,	nan,	90,	2
03,	1,	5,	2,	49,	uso_300ms_95.wav,	3,	222.1428640000005,	5.5,	nan,	90,	2
03,	1,	5,	2,	50,	uso_300ms_16.wav,	4,	235.1428640000005,	5.94,	nan,	90,	2
03,	1,	5,	2,	51,	uso_300ms_66.wav,	4,	246.1428640000005,	6.3,	nan,	90,	2
03,	1,	5,	2,	52,	uso_300ms_73.wav,	5,	257.1428640000005,	6.67,	nan,	90,	2
03,	1,	5,	2,	53,	uso_300ms_32.wav,	5,	266.1428640000005,	6.97,	nan,	90,	2
03,	1,	5,	2,	54,	uso_300ms_90.wav,	5,	275.1428640000005,	7.27,	nan,	90,	2
03,	1,	5,	2,	55,	uso_300ms_85.wav,	5,	284.1428640000005,	7.57,	nan,	90,	2
03,	1,	5,	2,	56,	uso_300ms_10.wav,	5,	288.1428640000005,	7.7,	nan,	90,	2
03,	1,	5,	2,	57,	uso_300ms_95.wav,	5,	299.1428640000005,	8.07,	nan,	90,	2
03,	1,	5,	2,	58,	uso_300ms_50.wav,	5,	357.89650400000045,	10.03,	nan,	90,	2
03,	1,	5,	2,	59,	uso_300ms_33.wav,	5,	367.17956100000106,	10.34,	nan,	90,	2
03,	1,	5,	2,	60,	uso_300ms_85.wav,	5,	339.0718100000019,	9.4,	nan,	90,	2
03,	1,	5,	2,	61,	uso_300ms_81.wav,	5,	309.33228200000286,	8.41,	nan,	90,	2
03,	1,	5,	2,	62,	uso_300ms_3.wav,	5,	270.1769420000032,	7.11,	nan,	90,	2
03,	1,	5,	2,	63,	uso_300ms_47.wav,	3,	216.0093390000039,	5.3,	nan,	90,	2
03,	1,	5,	2,	64,	uso_300ms_30.wav,	2,	179.7776890000046,	4.09,	nan,	90,	2
03,	1,	5,	2,	65,	uso_300ms_20.wav,	2,	163.72864900000454,	3.56,	nan,	90,	2
03,	1,	5,	2,	66,	uso_300ms_4.wav,	1,	153.19964100000453,	3.21,	nan,	90,	2
03,	1,	5,	2,	67,	uso_300ms_65.wav,	1,	116.68288100000456,	1.99,	nan,	90,	2
03,	1,	5,	2,	68,	uso_300ms_35.wav,	1,	133.75652500000456,	2.56,	nan,	90,	2
03,	1,	5,	2,	69,	uso_300ms_60.wav,	2,	164.56039600000457,	3.59,	nan,	90,	2
03,	1,	5,	2,	70,	uso_300ms_77.wav,	3,	193.83915600000455,	4.56,	nan,	90,	2
03,	1,	5,	2,	71,	uso_300ms_88.wav,	4,	230.80267000000455,	5.79,	nan,	90,	2
03,	1,	5,	2,	72,	uso_300ms_58.wav,	5,	266.88373600000455,	7.0,	nan,	90,	2
03,	1,	5,	2,	73,	uso_300ms_19.wav,	5,	266.88373600000455,	7.0,	nan,	90,	2
03,	1,	5,	2,	74,	uso_300ms_70.wav,	4,	238.20091400000447,	6.04,	nan,	90,	2
03,	1,	5,	2,	75,	uso_300ms_45.wav,	4,	238.20393800000446,	6.04,	nan,	90,	2
03,	1,	5,	2,	76,	uso_300ms_93.wav,	4,	238.20393800000446,	6.04,	nan,	90,	2
03,	1,	5,	2,	77,	uso_300ms_56.wav,	4,	238.20393800000446,	6.04,	nan,	90,	2
03,	1,	5,	2,	78,	uso_300ms_77.wav,	3,	211.86568900000447,	5.16,	nan,	90,	2
03,	1,	5,	2,	79,	uso_300ms_4.wav,	2,	183.71303300000443,	4.22,	nan,	90,	2
03,	1,	5,	2,	80,	uso_300ms_26.wav,	2,	183.71303300000443,	4.22,	nan,	90,	2
03,	1,	5,	2,	81,	uso_300ms_61.wav,	4,	222.6203420000045,	5.52,	nan,	90,	2
03,	1,	5,	2,	82,	uso_300ms_78.wav,	5,	277.1845370000045,	7.34,	nan,	90,	2
03,	1,	5,	2,	83,	uso_300ms_55.wav,	5,	277.1739530000046,	7.34,	nan,	90,	2
03,	1,	5,	2,	84,	uso_300ms_53.wav,	5,	264.6549220000044,	6.92,	nan,	90,	2
03,	1,	5,	2,	85,	uso_300ms_48.wav,	4,	245.6850480000044,	6.29,	nan,	90,	2
03,	1,	5,	2,	86,	uso_300ms_39.wav,	4,	229.26970500000456,	5.74,	nan,	90,	2
03,	1,	5,	2,	87,	uso_300ms_77.wav,	3,	218.80521600000463,	5.39,	nan,	90,	2
03,	1,	5,	2,	88,	uso_300ms_87.wav,	2,	186.1487810000047,	4.3,	nan,	90,	2
03,	1,	5,	2,	89,	uso_300ms_34.wav,	1,	159.88639800000485,	3.43,	nan,	90,	2
03,	1,	5,	2,	90,	uso_300ms_38.wav,	1,	131.8463300000051,	2.49,	nan,	90,	2
