sub_id,cond_id,block_id,task_id,event_id,stim_id,speaker_id,led_id,led_distance,response_time,n_reps,isi
03,	1,	6,	1,	1,	uso_300ms_82.wav,	9,	268,	7.03,	1.9524617195129395,	15,	0.3
03,	1,	6,	1,	2,	uso_300ms_100.wav,	7,	305,	8.27,	2.0149307250976562,	15,	0.3
03,	1,	6,	1,	3,	uso_300ms_65.wav,	3,	252,	6.5,	1.8539471626281738,	15,	0.3
03,	1,	6,	1,	4,	uso_300ms_9.wav,	4,	258,	6.7,	2.5393903255462646,	15,	0.3
03,	1,	6,	1,	5,	uso_300ms_51.wav,	5,	283,	7.53,	3.2879467010498047,	15,	0.3
03,	1,	6,	1,	6,	uso_300ms_92.wav,	1,	150,	3.1,	3.943204402923584,	15,	0.3
03,	1,	6,	1,	7,	uso_300ms_65.wav,	6,	260,	6.77,	2.3966734409332275,	15,	0.3
03,	1,	6,	1,	8,	uso_300ms_27.wav,	8,	321,	8.8,	3.141727924346924,	15,	0.3
03,	1,	6,	1,	9,	uso_300ms_99.wav,	0,	119,	2.07,	2.4811887741088867,	15,	0.3
03,	1,	6,	1,	10,	uso_300ms_49.wav,	2,	174,	3.9,	2.2179932594299316,	15,	0.3
03,	1,	6,	1,	11,	uso_300ms_66.wav,	10,	296,	7.97,	2.4449691772460938,	15,	0.3
03,	1,	6,	1,	12,	uso_300ms_84.wav,	1,	187,	4.33,	4.815174102783203,	15,	0.3
03,	1,	6,	1,	13,	uso_300ms_12.wav,	9,	270,	7.1,	4.759867906570435,	15,	0.3
03,	1,	6,	1,	14,	uso_300ms_16.wav,	10,	248,	6.37,	12.325591802597046,	15,	0.3
03,	1,	6,	1,	15,	uso_300ms_9.wav,	2,	163,	3.53,	5.3570473194122314,	15,	0.3
03,	1,	6,	1,	16,	uso_300ms_6.wav,	8,	163,	3.53,	0.3303663730621338,	15,	0.3
03,	1,	6,	1,	17,	uso_300ms_3.wav,	7,	292,	7.83,	2.389826774597168,	15,	0.3
03,	1,	6,	1,	18,	uso_300ms_14.wav,	6,	217,	5.33,	2.2910869121551514,	15,	0.3
03,	1,	6,	1,	19,	uso_300ms_10.wav,	0,	167,	3.67,	3.233741521835327,	15,	0.3
03,	1,	6,	1,	20,	uso_300ms_74.wav,	3,	268,	7.03,	3.0049946308135986,	15,	0.3
03,	1,	6,	1,	21,	uso_300ms_71.wav,	5,	309,	8.4,	1.802595615386963,	15,	0.3
03,	1,	6,	1,	22,	uso_300ms_9.wav,	4,	186,	4.3,	4.595996141433716,	15,	0.3
03,	1,	6,	1,	23,	uso_300ms_78.wav,	2,	253,	6.53,	3.015601396560669,	15,	0.3
03,	1,	6,	1,	24,	uso_300ms_24.wav,	7,	282,	7.5,	2.476754903793335,	15,	0.3
03,	1,	6,	1,	25,	uso_300ms_36.wav,	6,	319,	8.73,	3.272956371307373,	15,	0.3
03,	1,	6,	1,	26,	uso_300ms_84.wav,	0,	135,	2.6,	2.95285701751709,	15,	0.3
03,	1,	6,	1,	27,	uso_300ms_75.wav,	1,	154,	3.23,	1.666409969329834,	15,	0.3
03,	1,	6,	1,	28,	uso_300ms_7.wav,	10,	287,	7.67,	3.645167112350464,	15,	0.3
03,	1,	6,	1,	29,	uso_300ms_12.wav,	5,	305,	8.27,	6.501911878585815,	15,	0.3
03,	1,	6,	1,	30,	uso_300ms_10.wav,	4,	257,	6.67,	1.7226710319519043,	15,	0.3
03,	1,	6,	1,	31,	uso_300ms_24.wav,	8,	326,	8.97,	4.455617666244507,	15,	0.3
03,	1,	6,	1,	32,	uso_300ms_49.wav,	9,	348,	9.7,	1.9740498065948486,	15,	0.3
03,	1,	6,	1,	33,	uso_300ms_70.wav,	3,	213,	5.2,	2.8172736167907715,	15,	0.3
03,	1,	6,	1,	34,	uso_300ms_62.wav,	4,	255,	6.6,	1.6743590831756592,	15,	0.3
03,	1,	6,	1,	35,	uso_300ms_77.wav,	7,	288,	7.7,	1.5391485691070557,	15,	0.3
03,	1,	6,	1,	36,	uso_300ms_82.wav,	5,	294,	7.9,	2.6646840572357178,	15,	0.3
03,	1,	6,	1,	37,	uso_300ms_9.wav,	9,	301,	8.13,	1.9656124114990234,	15,	0.3
03,	1,	6,	1,	38,	uso_300ms_91.wav,	2,	190,	4.43,	3.2233381271362305,	15,	0.3
03,	1,	6,	1,	39,	uso_300ms_44.wav,	10,	352,	9.83,	2.1846439838409424,	15,	0.3
03,	1,	6,	1,	40,	uso_300ms_6.wav,	8,	278,	7.37,	3.015510082244873,	15,	0.3
03,	1,	6,	1,	41,	uso_300ms_71.wav,	6,	302,	8.17,	3.6054821014404297,	15,	0.3
03,	1,	6,	1,	42,	uso_300ms_50.wav,	3,	206,	4.97,	1.8049967288970947,	15,	0.3
03,	1,	6,	1,	43,	uso_300ms_39.wav,	0,	147,	3.0,	3.0636069774627686,	15,	0.3
03,	1,	6,	1,	44,	uso_300ms_47.wav,	1,	175,	3.93,	2.2948272228240967,	15,	0.3
03,	1,	6,	1,	45,	uso_300ms_66.wav,	10,	295,	7.93,	2.357022762298584,	15,	0.3
03,	1,	6,	1,	46,	uso_300ms_65.wav,	8,	318,	8.7,	1.6711523532867432,	15,	0.3
03,	1,	6,	1,	47,	uso_300ms_4.wav,	6,	316,	8.63,	2.774230480194092,	15,	0.3
03,	1,	6,	1,	48,	uso_300ms_76.wav,	2,	227,	5.67,	2.1603057384490967,	15,	0.3
03,	1,	6,	1,	49,	uso_300ms_53.wav,	3,	227,	5.67,	1.184643268585205,	15,	0.3
03,	1,	6,	1,	50,	uso_300ms_85.wav,	0,	140,	2.77,	2.083690643310547,	15,	0.3
03,	1,	6,	1,	51,	uso_300ms_95.wav,	1,	153,	3.2,	1.9066503047943115,	15,	0.3
03,	1,	6,	1,	52,	uso_300ms_63.wav,	9,	279,	7.4,	2.100238561630249,	15,	0.3
03,	1,	6,	1,	53,	uso_300ms_36.wav,	7,	300,	8.1,	1.8170843124389648,	15,	0.3
03,	1,	6,	1,	54,	uso_300ms_78.wav,	5,	322,	8.83,	1.5720531940460205,	15,	0.3
03,	1,	6,	1,	55,	uso_300ms_20.wav,	4,	288,	7.7,	1.684295415878296,	15,	0.3
03,	1,	6,	1,	56,	uso_300ms_84.wav,	0,	146,	2.97,	1.6996631622314453,	15,	0.3
03,	1,	6,	1,	57,	uso_300ms_21.wav,	10,	306,	8.3,	2.466571092605591,	15,	0.3
03,	1,	6,	1,	58,	uso_300ms_84.wav,	5,	279,	7.4,	1.3353638648986816,	15,	0.3
03,	1,	6,	1,	59,	uso_300ms_93.wav,	2,	196,	4.63,	2.3668272495269775,	15,	0.3
03,	1,	6,	1,	60,	uso_300ms_45.wav,	6,	259,	6.73,	2.7128682136535645,	15,	0.3
03,	1,	6,	1,	61,	uso_300ms_96.wav,	8,	285,	7.6,	1.1128835678100586,	15,	0.3
03,	1,	6,	1,	62,	uso_300ms_53.wav,	9,	316,	8.63,	1.1573426723480225,	15,	0.3
03,	1,	6,	1,	63,	uso_300ms_57.wav,	1,	194,	4.57,	1.4844865798950195,	15,	0.3
03,	1,	6,	1,	64,	uso_300ms_70.wav,	3,	226,	5.63,	1.239037036895752,	15,	0.3
03,	1,	6,	1,	65,	uso_300ms_42.wav,	4,	248,	6.37,	1.192770004272461,	15,	0.3
03,	1,	6,	1,	66,	uso_300ms_39.wav,	7,	290,	7.77,	2.1278443336486816,	15,	0.3
03,	1,	6,	1,	67,	uso_300ms_68.wav,	8,	314,	8.57,	2.8725059032440186,	15,	0.3
03,	1,	6,	1,	68,	uso_300ms_38.wav,	3,	195,	4.6,	1.5315942764282227,	15,	0.3
03,	1,	6,	1,	69,	uso_300ms_15.wav,	2,	224,	5.57,	1.2057313919067383,	15,	0.3
03,	1,	6,	1,	70,	uso_300ms_1.wav,	5,	255,	6.6,	2.290980339050293,	15,	0.3
03,	1,	6,	1,	71,	uso_300ms_69.wav,	10,	300,	8.1,	1.406862497329712,	15,	0.3
03,	1,	6,	1,	72,	uso_300ms_7.wav,	7,	330,	9.1,	1.332754135131836,	15,	0.3
03,	1,	6,	1,	73,	uso_300ms_17.wav,	4,	246,	6.3,	1.318505048751831,	15,	0.3
03,	1,	6,	1,	74,	uso_300ms_50.wav,	6,	279,	7.4,	1.1439869403839111,	15,	0.3
03,	1,	6,	1,	75,	uso_300ms_6.wav,	0,	142,	2.83,	1.495192289352417,	15,	0.3
03,	1,	6,	1,	76,	uso_300ms_16.wav,	1,	172,	3.83,	1.1165881156921387,	15,	0.3
03,	1,	6,	1,	77,	uso_300ms_93.wav,	9,	310,	8.43,	2.3479578495025635,	15,	0.3
03,	1,	6,	1,	78,	uso_300ms_90.wav,	7,	259,	6.73,	1.342275619506836,	15,	0.3
03,	1,	6,	1,	79,	uso_300ms_14.wav,	5,	217,	5.33,	1.2876415252685547,	15,	0.3
03,	1,	6,	1,	80,	uso_300ms_61.wav,	10,	287,	7.67,	1.580596685409546,	15,	0.3
03,	1,	6,	1,	81,	uso_300ms_46.wav,	0,	152,	3.17,	1.488504409790039,	15,	0.3
03,	1,	6,	1,	82,	uso_300ms_18.wav,	1,	196,	4.63,	2.2421767711639404,	15,	0.3
03,	1,	6,	1,	83,	uso_300ms_58.wav,	2,	196,	4.63,	1.6846303939819336,	15,	0.3
03,	1,	6,	1,	84,	uso_300ms_96.wav,	3,	238,	6.03,	1.3844585418701172,	15,	0.3
03,	1,	6,	1,	85,	uso_300ms_79.wav,	4,	281,	7.47,	1.1605322360992432,	15,	0.3
03,	1,	6,	1,	86,	uso_300ms_48.wav,	6,	306,	8.3,	1.097538948059082,	15,	0.3
03,	1,	6,	1,	87,	uso_300ms_84.wav,	9,	332,	9.17,	1.1301274299621582,	15,	0.3
03,	1,	6,	1,	88,	uso_300ms_15.wav,	8,	332,	9.17,	1.7787535190582275,	15,	0.3
03,	1,	6,	1,	89,	uso_300ms_1.wav,	6,	332,	9.17,	1.8896129131317139,	15,	0.3
03,	1,	6,	1,	90,	uso_300ms_81.wav,	0,	144,	2.9,	2.6274843215942383,	15,	0.3
03,	1,	6,	1,	91,	uso_300ms_7.wav,	10,	322,	8.83,	2.9617228507995605,	15,	0.3
03,	1,	6,	1,	92,	uso_300ms_93.wav,	4,	250,	6.43,	1.6434030532836914,	15,	0.3
03,	1,	6,	1,	93,	uso_300ms_8.wav,	2,	173,	3.87,	1.5327367782592773,	15,	0.3
03,	1,	6,	1,	94,	uso_300ms_34.wav,	1,	152,	3.17,	0.962291955947876,	15,	0.3
03,	1,	6,	1,	95,	uso_300ms_25.wav,	8,	232,	5.83,	2.950873374938965,	15,	0.3
03,	1,	6,	1,	96,	uso_300ms_52.wav,	5,	264,	6.9,	1.643075942993164,	15,	0.3
03,	1,	6,	1,	97,	uso_300ms_23.wav,	7,	290,	7.77,	1.434079647064209,	15,	0.3
03,	1,	6,	1,	98,	uso_300ms_94.wav,	9,	307,	8.33,	0.9960615634918213,	15,	0.3
03,	1,	6,	1,	99,	uso_300ms_29.wav,	3,	217,	5.33,	1.3501827716827393,	15,	0.3
03,	1,	6,	1,	100,	uso_300ms_13.wav,	5,	236,	5.97,	1.0103986263275146,	15,	0.3
03,	1,	6,	1,	101,	uso_300ms_35.wav,	4,	276,	7.3,	0.9027621746063232,	15,	0.3
03,	1,	6,	1,	102,	uso_300ms_95.wav,	10,	322,	8.83,	2.3632752895355225,	15,	0.3
03,	1,	6,	1,	103,	uso_300ms_66.wav,	3,	270,	7.1,	1.4959173202514648,	15,	0.3
03,	1,	6,	1,	104,	uso_300ms_22.wav,	0,	127,	2.33,	1.4329102039337158,	15,	0.3
03,	1,	6,	1,	105,	uso_300ms_16.wav,	7,	280,	7.43,	1.443648338317871,	15,	0.3
03,	1,	6,	1,	106,	uso_300ms_17.wav,	2,	170,	3.77,	1.29549241065979,	15,	0.3
03,	1,	6,	1,	107,	uso_300ms_39.wav,	1,	199,	4.73,	1.5387496948242188,	15,	0.3
03,	1,	6,	1,	108,	uso_300ms_4.wav,	9,	325,	8.93,	1.3356108665466309,	15,	0.3
03,	1,	6,	1,	109,	uso_300ms_66.wav,	8,	281,	7.47,	1.8920609951019287,	15,	0.3
03,	1,	6,	1,	110,	uso_300ms_61.wav,	6,	298,	8.03,	1.1213548183441162,	15,	0.3
03,	1,	6,	1,	111,	uso_300ms_33.wav,	0,	150,	3.1,	1.5658471584320068,	15,	0.3
03,	1,	6,	1,	112,	uso_300ms_38.wav,	9,	308,	8.37,	1.6292164325714111,	15,	0.3
03,	1,	6,	1,	113,	uso_300ms_86.wav,	3,	212,	5.17,	1.325456142425537,	15,	0.3
03,	1,	6,	1,	114,	uso_300ms_33.wav,	1,	184,	4.23,	1.495776891708374,	15,	0.3
03,	1,	6,	1,	115,	uso_300ms_94.wav,	10,	351,	9.8,	1.9304945468902588,	15,	0.3
03,	1,	6,	1,	116,	uso_300ms_51.wav,	6,	315,	8.6,	2.5484366416931152,	15,	0.3
03,	1,	6,	1,	117,	uso_300ms_52.wav,	2,	218,	5.37,	1.2716600894927979,	15,	0.3
03,	1,	6,	1,	118,	uso_300ms_76.wav,	7,	291,	7.8,	1.2260291576385498,	15,	0.3
03,	1,	6,	1,	119,	uso_300ms_6.wav,	5,	291,	7.8,	1.0466139316558838,	15,	0.3
03,	1,	6,	1,	120,	uso_300ms_95.wav,	4,	255,	6.6,	1.098259687423706,	15,	0.3
03,	1,	6,	1,	121,	uso_300ms_10.wav,	8,	328,	9.03,	1.223095178604126,	15,	0.3
03,	1,	6,	1,	122,	uso_300ms_26.wav,	7,	286,	7.63,	1.71876859664917,	15,	0.3
03,	1,	6,	1,	123,	uso_300ms_24.wav,	9,	328,	9.03,	1.1631605625152588,	15,	0.3
03,	1,	6,	1,	124,	uso_300ms_68.wav,	4,	244,	6.23,	1.2410802841186523,	15,	0.3
03,	1,	6,	1,	125,	uso_300ms_94.wav,	8,	294,	7.9,	1.0553679466247559,	15,	0.3
03,	1,	6,	1,	126,	uso_300ms_83.wav,	10,	338,	9.37,	1.0509111881256104,	15,	0.3
03,	1,	6,	1,	127,	uso_300ms_84.wav,	6,	308,	8.37,	1.252229928970337,	15,	0.3
03,	1,	6,	1,	128,	uso_300ms_16.wav,	0,	139,	2.73,	1.6844611167907715,	15,	0.3
03,	1,	6,	1,	129,	uso_300ms_89.wav,	5,	218,	5.37,	1.535231113433838,	15,	0.3
03,	1,	6,	1,	130,	uso_300ms_88.wav,	1,	173,	3.87,	1.175236463546753,	15,	0.3
03,	1,	6,	1,	131,	uso_300ms_79.wav,	3,	215,	5.27,	0.9295110702514648,	15,	0.3
03,	1,	6,	1,	132,	uso_300ms_85.wav,	2,	240,	6.1,	1.2729010581970215,	15,	0.3
03,	1,	6,	1,	133,	uso_300ms_26.wav,	9,	293,	7.87,	1.9340834617614746,	15,	0.3
03,	1,	6,	1,	134,	uso_300ms_36.wav,	5,	319,	8.73,	1.0455355644226074,	15,	0.3
03,	1,	6,	1,	135,	uso_300ms_97.wav,	10,	359,	10.07,	2.239442825317383,	15,	0.3
03,	1,	6,	1,	136,	uso_300ms_36.wav,	8,	313,	8.53,	1.5914661884307861,	15,	0.3
03,	1,	6,	1,	137,	uso_300ms_66.wav,	7,	358,	10.03,	1.0814311504364014,	15,	0.3
03,	1,	6,	1,	138,	uso_300ms_67.wav,	2,	193,	4.53,	1.7370870113372803,	15,	0.3
03,	1,	6,	1,	139,	uso_300ms_24.wav,	4,	229,	5.73,	1.677919864654541,	15,	0.3
03,	1,	6,	1,	140,	uso_300ms_8.wav,	3,	256,	6.63,	1.7933874130249023,	15,	0.3
03,	1,	6,	1,	141,	uso_300ms_86.wav,	0,	157,	3.33,	1.3922510147094727,	15,	0.3
03,	1,	6,	1,	142,	uso_300ms_55.wav,	6,	245,	6.27,	1.2141287326812744,	15,	0.3
03,	1,	6,	1,	143,	uso_300ms_68.wav,	1,	211,	5.13,	1.0775341987609863,	15,	0.3
03,	1,	6,	1,	144,	uso_300ms_23.wav,	0,	148,	3.03,	1.597762107849121,	15,	0.3
03,	1,	6,	1,	145,	uso_300ms_43.wav,	3,	190,	4.43,	1.2634036540985107,	15,	0.3
03,	1,	6,	1,	146,	uso_300ms_43.wav,	9,	279,	7.4,	2.81583571434021,	15,	0.3
03,	1,	6,	1,	147,	uso_300ms_36.wav,	10,	350,	9.77,	2.2622931003570557,	15,	0.3
03,	1,	6,	1,	148,	uso_300ms_79.wav,	6,	350,	9.77,	1.2281889915466309,	15,	0.3
03,	1,	6,	1,	149,	uso_300ms_24.wav,	7,	273,	7.2,	1.2876904010772705,	15,	0.3
03,	1,	6,	1,	150,	uso_300ms_100.wav,	1,	168,	3.7,	1.396069049835205,	15,	0.3
03,	1,	6,	1,	151,	uso_300ms_30.wav,	2,	199,	4.73,	1.3309791088104248,	15,	0.3
03,	1,	6,	1,	152,	uso_300ms_96.wav,	5,	246,	6.3,	1.0802216529846191,	15,	0.3
03,	1,	6,	1,	153,	uso_300ms_46.wav,	8,	292,	7.83,	1.0990099906921387,	15,	0.3
03,	1,	6,	1,	154,	uso_300ms_28.wav,	4,	264,	6.9,	1.1367032527923584,	15,	0.3
03,	1,	6,	1,	155,	uso_300ms_5.wav,	5,	293,	7.87,	1.1798925399780273,	15,	0.3
03,	1,	6,	1,	156,	uso_300ms_12.wav,	8,	299,	8.07,	2.424299955368042,	15,	0.3
03,	1,	6,	1,	157,	uso_300ms_44.wav,	6,	333,	9.2,	3.7807817459106445,	15,	0.3
03,	1,	6,	1,	158,	uso_300ms_74.wav,	2,	215,	5.27,	1.4912760257720947,	15,	0.3
03,	1,	6,	1,	159,	uso_300ms_85.wav,	1,	181,	4.13,	1.1868274211883545,	15,	0.3
03,	1,	6,	1,	160,	uso_300ms_30.wav,	3,	224,	5.57,	3.1931285858154297,	15,	0.3
03,	1,	6,	1,	161,	uso_300ms_30.wav,	0,	145,	2.93,	1.1451678276062012,	15,	0.3
03,	1,	6,	1,	162,	uso_300ms_41.wav,	9,	343,	9.53,	2.613678455352783,	15,	0.3
03,	1,	6,	1,	163,	uso_300ms_93.wav,	4,	312,	8.5,	1.1000165939331055,	15,	0.3
03,	1,	6,	1,	164,	uso_300ms_13.wav,	7,	262,	6.83,	1.5185649394989014,	15,	0.3
03,	1,	6,	1,	165,	uso_300ms_66.wav,	10,	378,	10.7,	2.7017314434051514,	15,	0.3
