sub_id,cond_id,block_id,task_id,event_id,stim_id,speaker_id,led_id,led_distance,response_time,n_reps,isi
27,	1,	2,	2,	1,	uso_300ms_34.wav,	5,	90,	1.1,	0.20090723037719727,	15,	0.3
27,	1,	2,	2,	2,	uso_300ms_58.wav,	3,	184,	4.23,	4.520901918411255,	15,	0.3
27,	1,	2,	2,	3,	uso_300ms_35.wav,	1,	151,	3.13,	2.5887398719787598,	15,	0.3
27,	1,	2,	2,	4,	uso_300ms_81.wav,	2,	198,	4.7,	2.459282875061035,	15,	0.3
27,	1,	2,	2,	5,	uso_300ms_62.wav,	4,	237,	6.0,	2.2926576137542725,	15,	0.3
27,	1,	2,	2,	6,	uso_300ms_69.wav,	3,	237,	6.0,	1.412867784500122,	15,	0.3
27,	1,	2,	2,	7,	uso_300ms_19.wav,	5,	329,	9.07,	2.3131566047668457,	15,	0.3
27,	1,	2,	2,	8,	uso_300ms_87.wav,	1,	192,	4.5,	2.942138433456421,	15,	0.3
27,	1,	2,	2,	9,	uso_300ms_55.wav,	4,	211,	5.13,	2.4584732055664062,	15,	0.3
27,	1,	2,	2,	10,	uso_300ms_7.wav,	2,	189,	4.4,	2.402480363845825,	15,	0.3
27,	1,	2,	2,	11,	uso_300ms_7.wav,	4,	225,	5.6,	2.5894947052001953,	15,	0.3
27,	1,	2,	2,	12,	uso_300ms_37.wav,	5,	289,	7.73,	2.5377047061920166,	15,	0.3
27,	1,	2,	2,	13,	uso_300ms_50.wav,	2,	201,	4.8,	2.3167433738708496,	15,	0.3
27,	1,	2,	2,	14,	uso_300ms_84.wav,	1,	153,	3.2,	2.541693687438965,	15,	0.3
27,	1,	2,	2,	15,	uso_300ms_69.wav,	3,	189,	4.4,	2.1104848384857178,	15,	0.3
27,	1,	2,	2,	16,	uso_300ms_15.wav,	5,	284,	7.57,	2.0391550064086914,	15,	0.3
27,	1,	2,	2,	17,	uso_300ms_9.wav,	1,	155,	3.27,	2.288499593734741,	15,	0.3
27,	1,	2,	2,	18,	uso_300ms_91.wav,	3,	310,	8.43,	2.3397433757781982,	15,	0.3
27,	1,	2,	2,	19,	uso_300ms_41.wav,	4,	363,	10.2,	2.111701488494873,	15,	0.3
27,	1,	2,	2,	20,	uso_300ms_55.wav,	2,	248,	6.37,	2.202699661254883,	15,	0.3
27,	1,	2,	2,	21,	uso_300ms_33.wav,	4,	301,	8.13,	1.9562957286834717,	15,	0.3
27,	1,	2,	2,	22,	uso_300ms_5.wav,	5,	351,	9.8,	1.8353114128112793,	15,	0.3
27,	1,	2,	2,	23,	uso_300ms_70.wav,	2,	258,	6.7,	2.105861186981201,	15,	0.3
27,	1,	2,	2,	24,	uso_300ms_69.wav,	1,	159,	3.4,	1.8568646907806396,	15,	0.3
27,	1,	2,	2,	25,	uso_300ms_52.wav,	3,	201,	4.8,	1.5514075756072998,	15,	0.3
27,	1,	2,	2,	26,	uso_300ms_86.wav,	1,	170,	3.77,	1.7531025409698486,	15,	0.3
27,	1,	2,	2,	27,	uso_300ms_80.wav,	3,	243,	6.2,	1.682274580001831,	15,	0.3
27,	1,	2,	2,	28,	uso_300ms_40.wav,	2,	200,	4.77,	1.8106403350830078,	15,	0.3
27,	1,	2,	2,	29,	uso_300ms_76.wav,	4,	310,	8.43,	2.0540127754211426,	15,	0.3
27,	1,	2,	2,	30,	uso_300ms_14.wav,	5,	248,	6.37,	1.9892299175262451,	15,	0.3
27,	1,	2,	2,	31,	uso_300ms_71.wav,	3,	279,	7.4,	1.8479106426239014,	15,	0.3
27,	1,	2,	2,	32,	uso_300ms_19.wav,	4,	323,	8.87,	1.6653454303741455,	15,	0.3
27,	1,	2,	2,	33,	uso_300ms_83.wav,	2,	270,	7.1,	1.8593828678131104,	15,	0.3
27,	1,	2,	2,	34,	uso_300ms_1.wav,	5,	325,	8.93,	1.8238801956176758,	15,	0.3
27,	1,	2,	2,	35,	uso_300ms_35.wav,	1,	222,	5.5,	2.279435157775879,	15,	0.3
27,	1,	2,	2,	36,	uso_300ms_29.wav,	4,	265,	6.93,	1.6400461196899414,	15,	0.3
27,	1,	2,	2,	37,	uso_300ms_36.wav,	2,	216,	5.3,	1.905550241470337,	15,	0.3
27,	1,	2,	2,	38,	uso_300ms_73.wav,	3,	264,	6.9,	2.0317864418029785,	15,	0.3
27,	1,	2,	2,	39,	uso_300ms_72.wav,	1,	169,	3.73,	1.8607983589172363,	15,	0.3
27,	1,	2,	2,	40,	uso_300ms_18.wav,	5,	210,	5.1,	1.488471508026123,	15,	0.3
27,	1,	2,	2,	41,	uso_300ms_100.wav,	4,	271,	7.13,	2.020883560180664,	15,	0.3
27,	1,	2,	2,	42,	uso_300ms_98.wav,	3,	217,	5.33,	2.067976474761963,	15,	0.3
27,	1,	2,	2,	43,	uso_300ms_69.wav,	1,	141,	2.8,	1.946603775024414,	15,	0.3
27,	1,	2,	2,	44,	uso_300ms_43.wav,	5,	307,	8.33,	2.4225082397460938,	15,	0.3
27,	1,	2,	2,	45,	uso_300ms_69.wav,	2,	189,	4.4,	2.1922552585601807,	15,	0.3
27,	1,	2,	2,	46,	uso_300ms_81.wav,	3,	285,	7.6,	2.108262538909912,	15,	0.3
27,	1,	2,	2,	47,	uso_300ms_44.wav,	4,	341,	9.47,	1.9536094665527344,	15,	0.3
27,	1,	2,	2,	48,	uso_300ms_27.wav,	2,	196,	4.63,	2.104992389678955,	15,	0.3
27,	1,	2,	2,	49,	uso_300ms_92.wav,	1,	142,	2.83,	1.4802229404449463,	15,	0.3
27,	1,	2,	2,	50,	uso_300ms_74.wav,	5,	258,	6.7,	1.8198800086975098,	15,	0.3
27,	1,	2,	2,	51,	uso_300ms_83.wav,	2,	194,	4.57,	1.842414140701294,	15,	0.3
27,	1,	2,	2,	52,	uso_300ms_74.wav,	3,	252,	6.5,	2.1646406650543213,	15,	0.3
27,	1,	2,	2,	53,	uso_300ms_4.wav,	4,	301,	8.13,	1.938873529434204,	15,	0.3
27,	1,	2,	2,	54,	uso_300ms_85.wav,	1,	188,	4.37,	2.2633798122406006,	15,	0.3
27,	1,	2,	2,	55,	uso_300ms_84.wav,	5,	295,	7.93,	1.883392572402954,	15,	0.3
27,	1,	2,	2,	56,	uso_300ms_92.wav,	4,	227,	5.67,	1.7264058589935303,	15,	0.3
27,	1,	2,	2,	57,	uso_300ms_24.wav,	2,	181,	4.13,	1.8968119621276855,	15,	0.3
27,	1,	2,	2,	58,	uso_300ms_74.wav,	3,	260,	6.77,	2.0254392623901367,	15,	0.3
27,	1,	2,	2,	59,	uso_300ms_23.wav,	5,	305,	8.27,	1.993199110031128,	15,	0.3
27,	1,	2,	2,	60,	uso_300ms_36.wav,	1,	184,	4.23,	1.8024086952209473,	15,	0.3
27,	1,	2,	2,	61,	uso_300ms_80.wav,	4,	299,	8.07,	2.3126285076141357,	15,	0.3
27,	1,	2,	2,	62,	uso_300ms_34.wav,	3,	218,	5.37,	1.9499335289001465,	15,	0.3
27,	1,	2,	2,	63,	uso_300ms_93.wav,	5,	302,	8.17,	1.6431944370269775,	15,	0.3
27,	1,	2,	2,	64,	uso_300ms_37.wav,	2,	210,	5.1,	1.9231958389282227,	15,	0.3
27,	1,	2,	2,	65,	uso_300ms_59.wav,	1,	176,	3.97,	1.3194940090179443,	15,	0.3
27,	1,	2,	2,	66,	uso_300ms_85.wav,	4,	246,	6.3,	1.7566354274749756,	15,	0.3
27,	1,	2,	2,	67,	uso_300ms_10.wav,	3,	211,	5.13,	1.7259953022003174,	15,	0.3
27,	1,	2,	2,	68,	uso_300ms_78.wav,	2,	270,	7.1,	1.7676987648010254,	15,	0.3
27,	1,	2,	2,	69,	uso_300ms_77.wav,	1,	166,	3.63,	2.0910916328430176,	15,	0.3
27,	1,	2,	2,	70,	uso_300ms_47.wav,	5,	247,	6.33,	1.5932040214538574,	15,	0.3
27,	1,	2,	2,	71,	uso_300ms_99.wav,	4,	297,	8.0,	1.569777011871338,	15,	0.3
27,	1,	2,	2,	72,	uso_300ms_62.wav,	2,	250,	6.43,	1.6299898624420166,	15,	0.3
27,	1,	2,	2,	73,	uso_300ms_54.wav,	1,	211,	5.13,	1.329408884048462,	15,	0.3
27,	1,	2,	2,	74,	uso_300ms_44.wav,	3,	215,	5.27,	1.6354897022247314,	15,	0.3
27,	1,	2,	2,	75,	uso_300ms_28.wav,	5,	267,	7.0,	1.5910701751708984,	15,	0.3
