sub_id,cond_id,block_id,task_id,event_id,stim_id,speaker_id,led_id,led_distance,response_time,n_reps,isi
27,	1,	4,	2,	1,	uso_300ms_17.wav,	5,	90,	1.1,	0.20102763175964355,	15,	0.3
27,	1,	4,	2,	2,	uso_300ms_88.wav,	4,	195,	4.6,	3.5960025787353516,	15,	0.3
27,	1,	4,	2,	3,	uso_300ms_40.wav,	2,	155,	3.27,	2.6814255714416504,	15,	0.3
27,	1,	4,	2,	4,	uso_300ms_20.wav,	1,	131,	2.47,	1.964937448501587,	15,	0.3
27,	1,	4,	2,	5,	uso_300ms_11.wav,	3,	172,	3.83,	2.252591609954834,	15,	0.3
27,	1,	4,	2,	6,	uso_300ms_47.wav,	5,	203,	4.87,	1.9515063762664795,	15,	0.3
27,	1,	4,	2,	7,	uso_300ms_24.wav,	1,	167,	3.67,	1.9030165672302246,	15,	0.3
27,	1,	4,	2,	8,	uso_300ms_14.wav,	4,	202,	4.83,	2.065053701400757,	15,	0.3
27,	1,	4,	2,	9,	uso_300ms_98.wav,	2,	182,	4.17,	1.704895257949829,	15,	0.3
27,	1,	4,	2,	10,	uso_300ms_94.wav,	3,	214,	5.23,	1.438368797302246,	15,	0.3
27,	1,	4,	2,	11,	uso_300ms_21.wav,	4,	250,	6.43,	1.470844030380249,	15,	0.3
27,	1,	4,	2,	12,	uso_300ms_34.wav,	1,	172,	3.83,	1.7697150707244873,	15,	0.3
27,	1,	4,	2,	13,	uso_300ms_82.wav,	5,	291,	7.8,	1.866931438446045,	15,	0.3
27,	1,	4,	2,	14,	uso_300ms_18.wav,	3,	210,	5.1,	1.832423210144043,	15,	0.3
27,	1,	4,	2,	15,	uso_300ms_100.wav,	2,	189,	4.4,	1.5306689739227295,	15,	0.3
27,	1,	4,	2,	16,	uso_300ms_59.wav,	4,	257,	6.67,	1.9481756687164307,	15,	0.3
27,	1,	4,	2,	17,	uso_300ms_97.wav,	1,	146,	2.97,	1.6364116668701172,	15,	0.3
27,	1,	4,	2,	18,	uso_300ms_44.wav,	2,	170,	3.77,	1.3718013763427734,	15,	0.3
27,	1,	4,	2,	19,	uso_300ms_91.wav,	5,	305,	8.27,	1.912400245666504,	15,	0.3
27,	1,	4,	2,	20,	uso_300ms_25.wav,	3,	251,	6.47,	1.9062352180480957,	15,	0.3
27,	1,	4,	2,	21,	uso_300ms_59.wav,	4,	292,	7.83,	1.5513391494750977,	15,	0.3
27,	1,	4,	2,	22,	uso_300ms_2.wav,	1,	176,	3.97,	1.9967553615570068,	15,	0.3
27,	1,	4,	2,	23,	uso_300ms_41.wav,	3,	232,	5.83,	1.9551489353179932,	15,	0.3
27,	1,	4,	2,	24,	uso_300ms_5.wav,	2,	196,	4.63,	1.645972490310669,	15,	0.3
27,	1,	4,	2,	25,	uso_300ms_93.wav,	5,	249,	6.4,	1.147012710571289,	15,	0.3
27,	1,	4,	2,	26,	uso_300ms_16.wav,	4,	266,	6.97,	1.1585168838500977,	15,	0.3
27,	1,	4,	2,	27,	uso_300ms_70.wav,	1,	184,	4.23,	1.500270128250122,	15,	0.3
27,	1,	4,	2,	28,	uso_300ms_66.wav,	3,	226,	5.63,	1.655257225036621,	15,	0.3
27,	1,	4,	2,	29,	uso_300ms_40.wav,	5,	292,	7.83,	1.497450351715088,	15,	0.3
27,	1,	4,	2,	30,	uso_300ms_39.wav,	2,	265,	6.93,	1.6973319053649902,	15,	0.3
27,	1,	4,	2,	31,	uso_300ms_8.wav,	5,	298,	8.03,	2.1657094955444336,	15,	0.3
27,	1,	4,	2,	32,	uso_300ms_55.wav,	1,	203,	4.87,	1.718095064163208,	15,	0.3
27,	1,	4,	2,	33,	uso_300ms_24.wav,	2,	173,	3.87,	1.5987789630889893,	15,	0.3
27,	1,	4,	2,	34,	uso_300ms_58.wav,	4,	240,	6.1,	1.731881856918335,	15,	0.3
27,	1,	4,	2,	35,	uso_300ms_36.wav,	3,	201,	4.8,	1.5886914730072021,	15,	0.3
27,	1,	4,	2,	36,	uso_300ms_5.wav,	1,	175,	3.93,	1.283977746963501,	15,	0.3
27,	1,	4,	2,	37,	uso_300ms_81.wav,	5,	292,	7.83,	1.7136218547821045,	15,	0.3
27,	1,	4,	2,	38,	uso_300ms_8.wav,	4,	269,	7.07,	1.3626859188079834,	15,	0.3
27,	1,	4,	2,	39,	uso_300ms_92.wav,	3,	217,	5.33,	2.0295960903167725,	15,	0.3
27,	1,	4,	2,	40,	uso_300ms_94.wav,	2,	178,	4.03,	1.3514769077301025,	15,	0.3
27,	1,	4,	2,	41,	uso_300ms_98.wav,	3,	217,	5.33,	1.547515869140625,	15,	0.3
27,	1,	4,	2,	42,	uso_300ms_22.wav,	5,	268,	7.03,	1.460221767425537,	15,	0.3
27,	1,	4,	2,	43,	uso_300ms_55.wav,	1,	202,	4.83,	1.405409574508667,	15,	0.3
27,	1,	4,	2,	44,	uso_300ms_49.wav,	2,	214,	5.23,	1.6277661323547363,	15,	0.3
27,	1,	4,	2,	45,	uso_300ms_18.wav,	4,	247,	6.33,	1.6897602081298828,	15,	0.3
27,	1,	4,	2,	46,	uso_300ms_20.wav,	2,	229,	5.73,	1.2155885696411133,	15,	0.3
27,	1,	4,	2,	47,	uso_300ms_73.wav,	3,	282,	7.5,	1.8628342151641846,	15,	0.3
27,	1,	4,	2,	48,	uso_300ms_9.wav,	1,	197,	4.67,	1.541001319885254,	15,	0.3
27,	1,	4,	2,	49,	uso_300ms_96.wav,	4,	260,	6.77,	1.4459264278411865,	15,	0.3
27,	1,	4,	2,	50,	uso_300ms_7.wav,	5,	301,	8.13,	1.7396187782287598,	15,	0.3
27,	1,	4,	2,	51,	uso_300ms_31.wav,	4,	364,	10.23,	1.832552194595337,	15,	0.3
27,	1,	4,	2,	52,	uso_300ms_29.wav,	1,	223,	5.53,	1.7852990627288818,	15,	0.3
27,	1,	4,	2,	53,	uso_300ms_81.wav,	2,	248,	6.37,	1.2386226654052734,	15,	0.3
27,	1,	4,	2,	54,	uso_300ms_9.wav,	3,	210,	5.1,	1.458641767501831,	15,	0.3
27,	1,	4,	2,	55,	uso_300ms_31.wav,	5,	298,	8.03,	1.6129696369171143,	15,	0.3
27,	1,	4,	2,	56,	uso_300ms_58.wav,	1,	232,	5.83,	1.407299280166626,	15,	0.3
27,	1,	4,	2,	57,	uso_300ms_53.wav,	5,	356,	9.97,	1.6416456699371338,	15,	0.3
27,	1,	4,	2,	58,	uso_300ms_9.wav,	4,	323,	8.87,	1.755882740020752,	15,	0.3
27,	1,	4,	2,	59,	uso_300ms_99.wav,	2,	261,	6.8,	1.6036009788513184,	15,	0.3
27,	1,	4,	2,	60,	uso_300ms_47.wav,	3,	210,	5.1,	2.2036352157592773,	15,	0.3
27,	1,	4,	2,	61,	uso_300ms_76.wav,	1,	180,	4.1,	1.4237384796142578,	15,	0.3
27,	1,	4,	2,	62,	uso_300ms_16.wav,	3,	290,	7.77,	2.2803986072540283,	15,	0.3
27,	1,	4,	2,	63,	uso_300ms_46.wav,	2,	262,	6.83,	1.7618439197540283,	15,	0.3
27,	1,	4,	2,	64,	uso_300ms_39.wav,	5,	364,	10.23,	1.6840977668762207,	15,	0.3
27,	1,	4,	2,	65,	uso_300ms_24.wav,	4,	368,	10.37,	1.4442262649536133,	15,	0.3
27,	1,	4,	2,	66,	uso_300ms_18.wav,	5,	295,	7.93,	2.004467725753784,	15,	0.3
27,	1,	4,	2,	67,	uso_300ms_44.wav,	4,	357,	10.0,	2.037135601043701,	15,	0.3
27,	1,	4,	2,	68,	uso_300ms_84.wav,	3,	269,	7.07,	1.6190996170043945,	15,	0.3
27,	1,	4,	2,	69,	uso_300ms_40.wav,	1,	219,	5.4,	1.4757087230682373,	15,	0.3
27,	1,	4,	2,	70,	uso_300ms_88.wav,	2,	240,	6.1,	1.7794015407562256,	15,	0.3
27,	1,	4,	2,	71,	uso_300ms_42.wav,	4,	290,	7.77,	1.3319451808929443,	15,	0.3
27,	1,	4,	2,	72,	uso_300ms_68.wav,	2,	240,	6.1,	1.814183235168457,	15,	0.3
27,	1,	4,	2,	73,	uso_300ms_34.wav,	5,	317,	8.67,	1.7402746677398682,	15,	0.3
27,	1,	4,	2,	74,	uso_300ms_46.wav,	3,	358,	10.03,	1.9397449493408203,	15,	0.3
27,	1,	4,	2,	75,	uso_300ms_36.wav,	1,	174,	3.9,	1.9762530326843262,	15,	0.3
