sub_id,cond_id,block_id,task_id,event_id,stim_id,speaker_id,led_id,led_distance,response_time,n_reps,isi
27,	1,	1,	2,	1,	uso_300ms_5.wav,	3,	222,	5.5,	0.20004487037658691,	15,	0.3
27,	1,	1,	2,	2,	uso_300ms_42.wav,	5,	200,	4.77,	11.09691858291626,	15,	0.3
27,	1,	1,	2,	3,	uso_300ms_97.wav,	4,	179,	4.07,	5.743191242218018,	15,	0.3
27,	1,	1,	2,	4,	uso_300ms_2.wav,	2,	201,	4.8,	7.750260591506958,	15,	0.3
27,	1,	1,	2,	5,	uso_300ms_97.wav,	1,	171,	3.8,	6.4204912185668945,	15,	0.3
27,	1,	1,	2,	6,	uso_300ms_74.wav,	5,	307,	8.33,	3.6906206607818604,	15,	0.3
27,	1,	1,	2,	7,	uso_300ms_69.wav,	2,	263,	6.87,	3.2970871925354004,	15,	0.3
27,	1,	1,	2,	8,	uso_300ms_78.wav,	4,	234,	5.9,	1.9175796508789062,	15,	0.3
27,	1,	1,	2,	9,	uso_300ms_27.wav,	3,	304,	8.23,	2.968595027923584,	15,	0.3
27,	1,	1,	2,	10,	uso_300ms_57.wav,	1,	188,	4.37,	2.843721389770508,	15,	0.3
27,	1,	1,	2,	11,	uso_300ms_66.wav,	4,	347,	9.67,	3.675656795501709,	15,	0.3
27,	1,	1,	2,	12,	uso_300ms_77.wav,	1,	254,	6.57,	2.4007391929626465,	15,	0.3
27,	1,	1,	2,	13,	uso_300ms_61.wav,	5,	355,	9.93,	2.6077799797058105,	15,	0.3
27,	1,	1,	2,	14,	uso_300ms_15.wav,	2,	253,	6.53,	2.7719109058380127,	15,	0.3
27,	1,	1,	2,	15,	uso_300ms_2.wav,	3,	162,	3.5,	2.6278750896453857,	15,	0.3
27,	1,	1,	2,	16,	uso_300ms_45.wav,	2,	231,	5.8,	3.463982343673706,	15,	0.3
27,	1,	1,	2,	17,	uso_300ms_4.wav,	1,	199,	4.73,	2.0878710746765137,	15,	0.3
27,	1,	1,	2,	18,	uso_300ms_75.wav,	5,	266,	6.97,	2.4789230823516846,	15,	0.3
27,	1,	1,	2,	19,	uso_300ms_28.wav,	4,	296,	7.97,	1.8256897926330566,	15,	0.3
27,	1,	1,	2,	20,	uso_300ms_80.wav,	3,	242,	6.17,	1.8609280586242676,	15,	0.3
27,	1,	1,	2,	21,	uso_300ms_14.wav,	4,	276,	7.3,	2.68804669380188,	15,	0.3
27,	1,	1,	2,	22,	uso_300ms_47.wav,	1,	152,	3.17,	3.0788097381591797,	15,	0.3
27,	1,	1,	2,	23,	uso_300ms_37.wav,	5,	219,	5.4,	2.6722538471221924,	15,	0.3
27,	1,	1,	2,	24,	uso_300ms_63.wav,	2,	179,	4.07,	2.7310562133789062,	15,	0.3
27,	1,	1,	2,	25,	uso_300ms_14.wav,	3,	213,	5.2,	2.320963144302368,	15,	0.3
27,	1,	1,	2,	26,	uso_300ms_70.wav,	2,	255,	6.6,	2.458014965057373,	15,	0.3
27,	1,	1,	2,	27,	uso_300ms_71.wav,	1,	163,	3.53,	1.8495373725891113,	15,	0.3
27,	1,	1,	2,	28,	uso_300ms_40.wav,	4,	205,	4.93,	2.0042426586151123,	15,	0.3
27,	1,	1,	2,	29,	uso_300ms_34.wav,	5,	323,	8.87,	2.4456324577331543,	15,	0.3
27,	1,	1,	2,	30,	uso_300ms_99.wav,	3,	264,	6.9,	1.6942074298858643,	15,	0.3
27,	1,	1,	2,	31,	uso_300ms_76.wav,	1,	195,	4.6,	1.5544884204864502,	15,	0.3
27,	1,	1,	2,	32,	uso_300ms_18.wav,	5,	249,	6.4,	2.114821195602417,	15,	0.3
27,	1,	1,	2,	33,	uso_300ms_76.wav,	4,	320,	8.77,	2.600651741027832,	15,	0.3
27,	1,	1,	2,	34,	uso_300ms_84.wav,	3,	250,	6.43,	2.453374147415161,	15,	0.3
27,	1,	1,	2,	35,	uso_300ms_84.wav,	2,	193,	4.53,	1.9220848083496094,	15,	0.3
27,	1,	1,	2,	36,	uso_300ms_26.wav,	3,	225,	5.6,	1.797727346420288,	15,	0.3
27,	1,	1,	2,	37,	uso_300ms_77.wav,	2,	271,	7.13,	2.1825242042541504,	15,	0.3
27,	1,	1,	2,	38,	uso_300ms_75.wav,	1,	159,	3.4,	1.8353629112243652,	15,	0.3
27,	1,	1,	2,	39,	uso_300ms_85.wav,	4,	242,	6.17,	2.020092487335205,	15,	0.3
27,	1,	1,	2,	40,	uso_300ms_22.wav,	5,	315,	8.6,	1.6655006408691406,	15,	0.3
27,	1,	1,	2,	41,	uso_300ms_85.wav,	3,	229,	5.73,	1.7333297729492188,	15,	0.3
27,	1,	1,	2,	42,	uso_300ms_84.wav,	5,	272,	7.17,	2.0072097778320312,	15,	0.3
27,	1,	1,	2,	43,	uso_300ms_49.wav,	1,	153,	3.2,	1.7148585319519043,	15,	0.3
27,	1,	1,	2,	44,	uso_300ms_50.wav,	2,	210,	5.1,	1.5561110973358154,	15,	0.3
27,	1,	1,	2,	45,	uso_300ms_39.wav,	4,	322,	8.83,	2.2015740871429443,	15,	0.3
27,	1,	1,	2,	46,	uso_300ms_27.wav,	3,	238,	6.03,	1.5691335201263428,	15,	0.3
27,	1,	1,	2,	47,	uso_300ms_70.wav,	4,	310,	8.43,	1.759162425994873,	15,	0.3
27,	1,	1,	2,	48,	uso_300ms_92.wav,	5,	237,	6.0,	2.337327480316162,	15,	0.3
27,	1,	1,	2,	49,	uso_300ms_37.wav,	1,	151,	3.13,	1.6561903953552246,	15,	0.3
27,	1,	1,	2,	50,	uso_300ms_23.wav,	2,	212,	5.17,	1.418407917022705,	15,	0.3
27,	1,	1,	2,	51,	uso_300ms_62.wav,	1,	242,	6.17,	2.5673203468322754,	15,	0.3
27,	1,	1,	2,	52,	uso_300ms_23.wav,	5,	298,	8.03,	2.990807294845581,	15,	0.3
27,	1,	1,	2,	53,	uso_300ms_11.wav,	4,	367,	10.33,	2.1320223808288574,	15,	0.3
27,	1,	1,	2,	54,	uso_300ms_34.wav,	2,	247,	6.33,	1.9208920001983643,	15,	0.3
27,	1,	1,	2,	55,	uso_300ms_74.wav,	3,	323,	8.87,	2.037210464477539,	15,	0.3
27,	1,	1,	2,	56,	uso_300ms_15.wav,	2,	236,	5.97,	1.9464545249938965,	15,	0.3
27,	1,	1,	2,	57,	uso_300ms_41.wav,	5,	373,	10.53,	2.2629549503326416,	15,	0.3
27,	1,	1,	2,	58,	uso_300ms_47.wav,	4,	309,	8.4,	2.0049357414245605,	15,	0.3
27,	1,	1,	2,	59,	uso_300ms_32.wav,	3,	356,	9.97,	1.7953152656555176,	15,	0.3
27,	1,	1,	2,	60,	uso_300ms_32.wav,	1,	276,	7.3,	1.7590854167938232,	15,	0.3
27,	1,	1,	2,	61,	uso_300ms_45.wav,	4,	339,	9.4,	2.238490581512451,	15,	0.3
27,	1,	1,	2,	62,	uso_300ms_32.wav,	2,	368,	10.37,	1.3971292972564697,	15,	0.3
27,	1,	1,	2,	63,	uso_300ms_58.wav,	1,	195,	4.6,	3.895700693130493,	15,	0.3
27,	1,	1,	2,	64,	uso_300ms_58.wav,	3,	252,	6.5,	1.8578176498413086,	15,	0.3
27,	1,	1,	2,	65,	uso_300ms_59.wav,	5,	336,	9.3,	1.7305757999420166,	15,	0.3
27,	1,	1,	2,	66,	uso_300ms_34.wav,	3,	190,	4.43,	1.9227299690246582,	15,	0.3
27,	1,	1,	2,	67,	uso_300ms_55.wav,	1,	148,	3.03,	2.436343193054199,	15,	0.3
27,	1,	1,	2,	68,	uso_300ms_80.wav,	2,	265,	6.93,	2.5601396560668945,	15,	0.3
27,	1,	1,	2,	69,	uso_300ms_85.wav,	4,	316,	8.63,	1.7491731643676758,	15,	0.3
27,	1,	1,	2,	70,	uso_300ms_10.wav,	5,	373,	10.53,	2.522690534591675,	15,	0.3
27,	1,	1,	2,	71,	uso_300ms_82.wav,	4,	374,	10.57,	1.1314048767089844,	15,	0.3
27,	1,	1,	2,	72,	uso_300ms_12.wav,	5,	322,	8.83,	2.509777069091797,	15,	0.3
27,	1,	1,	2,	73,	uso_300ms_46.wav,	2,	263,	6.87,	2.3897087574005127,	15,	0.3
27,	1,	1,	2,	74,	uso_300ms_1.wav,	3,	210,	5.1,	1.5382256507873535,	15,	0.3
27,	1,	1,	2,	75,	uso_300ms_14.wav,	1,	149,	3.07,	2.0005147457122803,	15,	0.3
