sub_id,cond_id,block_id,task_id,event_id,stim_id,speaker_id,led_id,led_distance,response_time,n_reps,isi
27,	1,	3,	2,	1,	uso_300ms_69.wav,	1,	90,	1.1,	nan,	90,	2
27,	1,	3,	2,	2,	uso_300ms_3.wav,	1,	148.93250999999998,	3.06,	nan,	90,	2
27,	1,	3,	2,	3,	uso_300ms_98.wav,	2,	188.18027099999995,	4.37,	nan,	90,	2
27,	1,	3,	2,	4,	uso_300ms_30.wav,	3,	215.26502800000003,	5.28,	nan,	90,	2
27,	1,	3,	2,	5,	uso_300ms_1.wav,	4,	252.11377000000007,	6.5,	nan,	90,	2
27,	1,	3,	2,	6,	uso_300ms_43.wav,	5,	274.48097500000006,	7.25,	nan,	90,	2
27,	1,	3,	2,	7,	uso_300ms_80.wav,	5,	309.118893,	8.4,	nan,	90,	2
27,	1,	3,	2,	8,	uso_300ms_100.wav,	5,	322.2320980000001,	8.84,	nan,	90,	2
27,	1,	3,	2,	9,	uso_300ms_64.wav,	5,	341.5737840000001,	9.49,	nan,	90,	2
27,	1,	3,	2,	10,	uso_300ms_79.wav,	5,	365.11571500000014,	10.27,	nan,	90,	2
27,	1,	3,	2,	11,	uso_300ms_71.wav,	5,	392.53776700000026,	11.18,	nan,	90,	2
27,	1,	3,	2,	12,	uso_300ms_20.wav,	5,	413.90733900000026,	11.9,	nan,	90,	2
27,	1,	3,	2,	13,	uso_300ms_57.wav,	5,	421.6391120000002,	12.15,	nan,	90,	2
27,	1,	3,	2,	14,	uso_300ms_79.wav,	5,	438.0593200000002,	12.7,	nan,	90,	2
27,	1,	3,	2,	15,	uso_300ms_71.wav,	5,	387.30113700000015,	11.01,	nan,	90,	2
27,	1,	3,	2,	16,	uso_300ms_3.wav,	5,	367.492852,	10.35,	nan,	90,	2
27,	1,	3,	2,	17,	uso_300ms_16.wav,	4,	234.6738999999998,	5.92,	nan,	90,	2
27,	1,	3,	2,	18,	uso_300ms_83.wav,	3,	204.1513169999998,	4.91,	nan,	90,	2
27,	1,	3,	2,	19,	uso_300ms_55.wav,	5,	423.2955639999999,	12.21,	nan,	90,	2
27,	1,	3,	2,	20,	uso_300ms_31.wav,	5,	319.0973369999998,	8.74,	nan,	90,	2
27,	1,	3,	2,	21,	uso_300ms_35.wav,	4,	242.98520299999996,	6.2,	nan,	90,	2
27,	1,	3,	2,	22,	uso_300ms_97.wav,	3,	200.70045700000003,	4.79,	nan,	90,	2
27,	1,	3,	2,	23,	uso_300ms_27.wav,	2,	177.14951700000003,	4.0,	nan,	90,	2
27,	1,	3,	2,	24,	uso_300ms_85.wav,	1,	157.59061400000007,	3.35,	nan,	90,	2
27,	1,	3,	2,	25,	uso_300ms_33.wav,	1,	120.77802,	2.13,	nan,	90,	2
27,	1,	3,	2,	26,	uso_300ms_65.wav,	1,	105.04520499999995,	1.6,	nan,	90,	2
27,	1,	3,	2,	27,	uso_300ms_4.wav,	2,	169.8608019999999,	3.76,	nan,	90,	2
27,	1,	3,	2,	28,	uso_300ms_83.wav,	3,	197.83010699999988,	4.69,	nan,	90,	2
27,	1,	3,	2,	29,	uso_300ms_21.wav,	2,	173.70722499999985,	3.89,	nan,	90,	2
27,	1,	3,	2,	30,	uso_300ms_69.wav,	1,	143.95637099999982,	2.9,	nan,	90,	2
27,	1,	3,	2,	31,	uso_300ms_100.wav,	2,	167.47757499999946,	3.68,	nan,	90,	2
27,	1,	3,	2,	32,	uso_300ms_11.wav,	3,	210.16720099999893,	5.11,	nan,	90,	2
27,	1,	3,	2,	33,	uso_300ms_40.wav,	4,	242.06349899999884,	6.17,	nan,	90,	2
27,	1,	3,	2,	34,	uso_300ms_82.wav,	5,	275.79125599999884,	7.29,	nan,	90,	2
27,	1,	3,	2,	35,	uso_300ms_96.wav,	5,	301.8545239999987,	8.16,	nan,	90,	2
27,	1,	3,	2,	36,	uso_300ms_22.wav,	5,	315.74332199999867,	8.62,	nan,	90,	2
27,	1,	3,	2,	37,	uso_300ms_80.wav,	4,	226.48780599999876,	5.65,	nan,	90,	2
27,	1,	3,	2,	38,	uso_300ms_65.wav,	3,	199.86387999999906,	4.76,	nan,	90,	2
27,	1,	3,	2,	39,	uso_300ms_50.wav,	2,	178.42504299999914,	4.05,	nan,	90,	2
27,	1,	3,	2,	40,	uso_300ms_50.wav,	1,	149.5473199999991,	3.08,	nan,	90,	2
27,	1,	3,	2,	41,	uso_300ms_24.wav,	1,	110.64364399999913,	1.79,	nan,	90,	2
27,	1,	3,	2,	42,	uso_300ms_85.wav,	2,	176.0716149999992,	3.97,	nan,	90,	2
27,	1,	3,	2,	43,	uso_300ms_26.wav,	3,	204.2854719999993,	4.91,	nan,	90,	2
27,	1,	3,	2,	44,	uso_300ms_12.wav,	4,	235.7980229999994,	5.96,	nan,	90,	2
27,	1,	3,	2,	45,	uso_300ms_9.wav,	5,	268.16056999999904,	7.04,	nan,	90,	2
27,	1,	3,	2,	46,	uso_300ms_21.wav,	5,	306.98246499999885,	8.33,	nan,	90,	2
27,	1,	3,	2,	47,	uso_300ms_18.wav,	3,	216.46708199999884,	5.32,	nan,	90,	2
27,	1,	3,	2,	48,	uso_300ms_24.wav,	2,	180.15421099999884,	4.11,	nan,	90,	2
27,	1,	3,	2,	49,	uso_300ms_25.wav,	2,	180.15421099999884,	4.11,	nan,	90,	2
27,	1,	3,	2,	50,	uso_300ms_42.wav,	1,	157.55405299999896,	3.35,	nan,	90,	2
27,	1,	3,	2,	51,	uso_300ms_34.wav,	1,	157.55102899999898,	3.35,	nan,	90,	2
27,	1,	3,	2,	52,	uso_300ms_86.wav,	3,	198.628099999999,	4.72,	nan,	90,	2
27,	1,	3,	2,	53,	uso_300ms_43.wav,	3,	197.47442299999906,	4.68,	nan,	90,	2
27,	1,	3,	2,	54,	uso_300ms_31.wav,	4,	231.20345399999914,	5.81,	nan,	90,	2
27,	1,	3,	2,	55,	uso_300ms_77.wav,	4,	231.20345399999914,	5.81,	nan,	90,	2
27,	1,	3,	2,	56,	uso_300ms_5.wav,	3,	198.24839899999913,	4.71,	nan,	90,	2
27,	1,	3,	2,	57,	uso_300ms_7.wav,	3,	198.87242799999956,	4.73,	nan,	90,	2
27,	1,	3,	2,	58,	uso_300ms_9.wav,	2,	176.63456899999957,	3.99,	nan,	90,	2
27,	1,	3,	2,	59,	uso_300ms_59.wav,	2,	176.63456899999957,	3.99,	nan,	90,	2
27,	1,	3,	2,	60,	uso_300ms_99.wav,	1,	149.5986019999995,	3.09,	nan,	90,	2
27,	1,	3,	2,	61,	uso_300ms_44.wav,	1,	149.5986019999995,	3.09,	nan,	90,	2
27,	1,	3,	2,	62,	uso_300ms_41.wav,	2,	178.15235799999945,	4.04,	nan,	90,	2
27,	1,	3,	2,	63,	uso_300ms_4.wav,	2,	178.15235799999945,	4.04,	nan,	90,	2
27,	1,	3,	2,	64,	uso_300ms_1.wav,	3,	209.86579499999945,	5.1,	nan,	90,	2
27,	1,	3,	2,	65,	uso_300ms_58.wav,	3,	209.86579499999945,	5.1,	nan,	90,	2
27,	1,	3,	2,	66,	uso_300ms_18.wav,	2,	183.48560899999947,	4.22,	nan,	90,	2
27,	1,	3,	2,	67,	uso_300ms_57.wav,	2,	183.48560899999947,	4.22,	nan,	90,	2
27,	1,	3,	2,	68,	uso_300ms_55.wav,	3,	217.85392899999957,	5.36,	nan,	90,	2
27,	1,	3,	2,	69,	uso_300ms_50.wav,	3,	217.44843999999958,	5.35,	nan,	90,	2
27,	1,	3,	2,	70,	uso_300ms_64.wav,	2,	181.15427999999955,	4.14,	nan,	90,	2
27,	1,	3,	2,	71,	uso_300ms_80.wav,	2,	181.15427999999955,	4.14,	nan,	90,	2
27,	1,	3,	2,	72,	uso_300ms_18.wav,	1,	154.0877089999996,	3.24,	nan,	90,	2
27,	1,	3,	2,	73,	uso_300ms_89.wav,	1,	154.0877089999996,	3.24,	nan,	90,	2
27,	1,	3,	2,	74,	uso_300ms_74.wav,	2,	190.49375699999962,	4.45,	nan,	90,	2
27,	1,	3,	2,	75,	uso_300ms_22.wav,	2,	190.49375699999962,	4.45,	nan,	90,	2
27,	1,	3,	2,	76,	uso_300ms_66.wav,	3,	213.72850699999972,	5.22,	nan,	90,	2
27,	1,	3,	2,	77,	uso_300ms_58.wav,	3,	213.72850699999972,	5.22,	nan,	90,	2
27,	1,	3,	2,	78,	uso_300ms_37.wav,	4,	246.18061199999968,	6.31,	nan,	90,	2
27,	1,	3,	2,	79,	uso_300ms_24.wav,	4,	246.18061199999968,	6.31,	nan,	90,	2
27,	1,	3,	2,	80,	uso_300ms_71.wav,	3,	192.60077099999987,	4.52,	nan,	90,	2
27,	1,	3,	2,	81,	uso_300ms_40.wav,	3,	192.60077099999987,	4.52,	nan,	90,	2
27,	1,	3,	2,	82,	uso_300ms_76.wav,	2,	166.81906399999988,	3.66,	nan,	90,	2
27,	1,	3,	2,	83,	uso_300ms_33.wav,	2,	166.81906399999988,	3.66,	nan,	90,	2
27,	1,	3,	2,	84,	uso_300ms_25.wav,	1,	146.5027329999999,	2.98,	nan,	90,	2
27,	1,	3,	2,	85,	uso_300ms_57.wav,	1,	146.5027329999999,	2.98,	nan,	90,	2
27,	1,	3,	2,	86,	uso_300ms_60.wav,	1,	147.03542599999997,	3.0,	nan,	90,	2
27,	1,	3,	2,	87,	uso_300ms_65.wav,	2,	179.727246,	4.09,	nan,	90,	2
27,	1,	3,	2,	88,	uso_300ms_64.wav,	2,	179.727246,	4.09,	nan,	90,	2
27,	1,	3,	2,	89,	uso_300ms_67.wav,	2,	179.727246,	4.09,	nan,	90,	2
27,	1,	3,	2,	90,	uso_300ms_100.wav,	3,	215.049092,	5.27,	nan,	90,	2
