sub_id,cond_id,block_id,task_id,event_id,stim_id,speaker_id,led_id,led_distance,response_time,n_reps,isi
27,	1,	6,	1,	1,	uso_300ms_57.wav,	10,	90,	1.1,	0.20110750198364258,	15,	0.3
27,	1,	6,	1,	2,	uso_300ms_16.wav,	4,	165,	3.6,	3.5378010272979736,	15,	0.3
27,	1,	6,	1,	3,	uso_300ms_46.wav,	3,	185,	4.27,	2.1483914852142334,	15,	0.3
27,	1,	6,	1,	4,	uso_300ms_34.wav,	5,	210,	5.1,	1.7928354740142822,	15,	0.3
27,	1,	6,	1,	5,	uso_300ms_78.wav,	2,	170,	3.77,	2.065070629119873,	15,	0.3
27,	1,	6,	1,	6,	uso_300ms_31.wav,	1,	146,	2.97,	2.2701730728149414,	15,	0.3
27,	1,	6,	1,	7,	uso_300ms_24.wav,	9,	262,	6.83,	2.099707841873169,	15,	0.3
27,	1,	6,	1,	8,	uso_300ms_76.wav,	7,	305,	8.27,	2.0956716537475586,	15,	0.3
27,	1,	6,	1,	9,	uso_300ms_32.wav,	8,	412,	11.83,	2.213114023208618,	15,	0.3
27,	1,	6,	1,	10,	uso_300ms_92.wav,	6,	349,	9.73,	2.641037940979004,	15,	0.3
27,	1,	6,	1,	11,	uso_300ms_93.wav,	0,	125,	2.27,	2.494783878326416,	15,	0.3
27,	1,	6,	1,	12,	uso_300ms_46.wav,	6,	284,	7.57,	2.456486940383911,	15,	0.3
27,	1,	6,	1,	13,	uso_300ms_34.wav,	9,	344,	9.57,	1.4485716819763184,	15,	0.3
27,	1,	6,	1,	14,	uso_300ms_94.wav,	10,	411,	11.8,	1.220461130142212,	15,	0.3
27,	1,	6,	1,	15,	uso_300ms_11.wav,	4,	366,	10.3,	1.396284580230713,	15,	0.3
27,	1,	6,	1,	16,	uso_300ms_65.wav,	1,	175,	3.93,	2.1275229454040527,	15,	0.3
27,	1,	6,	1,	17,	uso_300ms_74.wav,	0,	138,	2.7,	1.3473212718963623,	15,	0.3
27,	1,	6,	1,	18,	uso_300ms_72.wav,	5,	237,	6.0,	1.3679921627044678,	15,	0.3
27,	1,	6,	1,	19,	uso_300ms_37.wav,	3,	203,	4.87,	1.331453800201416,	15,	0.3
27,	1,	6,	1,	20,	uso_300ms_62.wav,	2,	295,	7.93,	1.44266676902771,	15,	0.3
27,	1,	6,	1,	21,	uso_300ms_20.wav,	7,	347,	9.67,	1.4639527797698975,	15,	0.3
27,	1,	6,	1,	22,	uso_300ms_40.wav,	8,	415,	11.93,	1.3188152313232422,	15,	0.3
27,	1,	6,	1,	23,	uso_300ms_72.wav,	3,	370,	10.43,	1.0876460075378418,	15,	0.3
27,	1,	6,	1,	24,	uso_300ms_64.wav,	4,	289,	7.73,	1.7932500839233398,	15,	0.3
27,	1,	6,	1,	25,	uso_300ms_74.wav,	8,	416,	11.97,	2.099613904953003,	15,	0.3
27,	1,	6,	1,	26,	uso_300ms_39.wav,	0,	189,	4.4,	2.177220106124878,	15,	0.3
27,	1,	6,	1,	27,	uso_300ms_64.wav,	7,	335,	9.27,	1.6835970878601074,	15,	0.3
27,	1,	6,	1,	28,	uso_300ms_22.wav,	5,	262,	6.83,	2.199857711791992,	15,	0.3
27,	1,	6,	1,	29,	uso_300ms_37.wav,	2,	210,	5.1,	1.780320405960083,	15,	0.3
27,	1,	6,	1,	30,	uso_300ms_100.wav,	1,	171,	3.8,	1.5741620063781738,	15,	0.3
27,	1,	6,	1,	31,	uso_300ms_81.wav,	6,	265,	6.93,	1.545807123184204,	15,	0.3
27,	1,	6,	1,	32,	uso_300ms_46.wav,	10,	338,	9.37,	1.5024254322052002,	15,	0.3
27,	1,	6,	1,	33,	uso_300ms_30.wav,	9,	396,	11.3,	1.4891040325164795,	15,	0.3
27,	1,	6,	1,	34,	uso_300ms_11.wav,	8,	438,	12.7,	1.4341449737548828,	15,	0.3
27,	1,	6,	1,	35,	uso_300ms_98.wav,	0,	151,	3.13,	2.3225672245025635,	15,	0.3
27,	1,	6,	1,	36,	uso_300ms_82.wav,	6,	231,	5.8,	1.3500268459320068,	15,	0.3
27,	1,	6,	1,	37,	uso_300ms_6.wav,	5,	265,	6.93,	1.0761868953704834,	15,	0.3
27,	1,	6,	1,	38,	uso_300ms_51.wav,	1,	164,	3.57,	1.2718579769134521,	15,	0.3
27,	1,	6,	1,	39,	uso_300ms_57.wav,	2,	174,	3.9,	1.1563940048217773,	15,	0.3
27,	1,	6,	1,	40,	uso_300ms_85.wav,	10,	310,	8.43,	1.5996038913726807,	15,	0.3
27,	1,	6,	1,	41,	uso_300ms_14.wav,	3,	246,	6.3,	1.495760440826416,	15,	0.3
27,	1,	6,	1,	42,	uso_300ms_40.wav,	9,	365,	10.27,	1.467925786972046,	15,	0.3
27,	1,	6,	1,	43,	uso_300ms_89.wav,	4,	301,	8.13,	1.3233447074890137,	15,	0.3
27,	1,	6,	1,	44,	uso_300ms_97.wav,	7,	243,	6.2,	1.2668499946594238,	15,	0.3
27,	1,	6,	1,	45,	uso_300ms_83.wav,	10,	348,	9.7,	1.4672131538391113,	15,	0.3
27,	1,	6,	1,	46,	uso_300ms_41.wav,	7,	382,	10.83,	1.3815410137176514,	15,	0.3
27,	1,	6,	1,	47,	uso_300ms_92.wav,	1,	164,	3.57,	2.3886873722076416,	15,	0.3
27,	1,	6,	1,	48,	uso_300ms_27.wav,	4,	195,	4.6,	1.173407793045044,	15,	0.3
27,	1,	6,	1,	49,	uso_300ms_89.wav,	5,	209,	5.07,	1.1513910293579102,	15,	0.3
27,	1,	6,	1,	50,	uso_300ms_47.wav,	0,	127,	2.33,	1.27223539352417,	15,	0.3
27,	1,	6,	1,	51,	uso_300ms_87.wav,	3,	164,	3.57,	1.3861465454101562,	15,	0.3
27,	1,	6,	1,	52,	uso_300ms_23.wav,	8,	279,	7.4,	1.6082415580749512,	15,	0.3
27,	1,	6,	1,	53,	uso_300ms_75.wav,	6,	240,	6.1,	1.6508047580718994,	15,	0.3
27,	1,	6,	1,	54,	uso_300ms_81.wav,	9,	317,	8.67,	1.5759458541870117,	15,	0.3
27,	1,	6,	1,	55,	uso_300ms_25.wav,	2,	213,	5.2,	1.5441982746124268,	15,	0.3
27,	1,	6,	1,	56,	uso_300ms_57.wav,	10,	379,	10.73,	1.7626445293426514,	15,	0.3
27,	1,	6,	1,	57,	uso_300ms_60.wav,	1,	175,	3.93,	2.2117910385131836,	15,	0.3
27,	1,	6,	1,	58,	uso_300ms_28.wav,	3,	232,	5.83,	1.580449104309082,	15,	0.3
27,	1,	6,	1,	59,	uso_300ms_44.wav,	7,	310,	8.43,	1.409604787826538,	15,	0.3
27,	1,	6,	1,	60,	uso_300ms_55.wav,	0,	151,	3.13,	1.5817322731018066,	15,	0.3
27,	1,	6,	1,	61,	uso_300ms_68.wav,	4,	212,	5.17,	1.454023838043213,	15,	0.3
27,	1,	6,	1,	62,	uso_300ms_9.wav,	2,	168,	3.7,	1.6751813888549805,	15,	0.3
27,	1,	6,	1,	63,	uso_300ms_78.wav,	6,	270,	7.1,	1.5517380237579346,	15,	0.3
27,	1,	6,	1,	64,	uso_300ms_33.wav,	8,	352,	9.83,	1.6270341873168945,	15,	0.3
27,	1,	6,	1,	65,	uso_300ms_31.wav,	9,	392,	11.17,	2.1400344371795654,	15,	0.3
27,	1,	6,	1,	66,	uso_300ms_78.wav,	5,	326,	8.97,	1.7732269763946533,	15,	0.3
27,	1,	6,	1,	67,	uso_300ms_100.wav,	1,	202,	4.83,	1.5209579467773438,	15,	0.3
27,	1,	6,	1,	68,	uso_300ms_55.wav,	8,	263,	6.87,	1.4893677234649658,	15,	0.3
27,	1,	6,	1,	69,	uso_300ms_64.wav,	4,	230,	5.77,	1.571249008178711,	15,	0.3
27,	1,	6,	1,	70,	uso_300ms_40.wav,	5,	267,	7.0,	2.2665209770202637,	15,	0.3
27,	1,	6,	1,	71,	uso_300ms_21.wav,	10,	351,	9.8,	1.459829568862915,	15,	0.3
27,	1,	6,	1,	72,	uso_300ms_20.wav,	6,	371,	10.47,	1.4646053314208984,	15,	0.3
27,	1,	6,	1,	73,	uso_300ms_100.wav,	2,	204,	4.9,	2.0818984508514404,	15,	0.3
27,	1,	6,	1,	74,	uso_300ms_36.wav,	9,	346,	9.63,	1.9929895401000977,	15,	0.3
27,	1,	6,	1,	75,	uso_300ms_42.wav,	7,	309,	8.4,	2.040984869003296,	15,	0.3
27,	1,	6,	1,	76,	uso_300ms_71.wav,	0,	153,	3.2,	1.7047934532165527,	15,	0.3
27,	1,	6,	1,	77,	uso_300ms_38.wav,	3,	235,	5.93,	1.4882936477661133,	15,	0.3
27,	1,	6,	1,	78,	uso_300ms_17.wav,	5,	311,	8.47,	1.5846843719482422,	15,	0.3
27,	1,	6,	1,	79,	uso_300ms_45.wav,	3,	262,	6.83,	1.6349270343780518,	15,	0.3
27,	1,	6,	1,	80,	uso_300ms_34.wav,	6,	345,	9.6,	1.4677655696868896,	15,	0.3
27,	1,	6,	1,	81,	uso_300ms_48.wav,	10,	392,	11.17,	1.5583727359771729,	15,	0.3
27,	1,	6,	1,	82,	uso_300ms_48.wav,	4,	371,	10.47,	1.4858202934265137,	15,	0.3
27,	1,	6,	1,	83,	uso_300ms_97.wav,	9,	405,	11.6,	1.3986918926239014,	15,	0.3
27,	1,	6,	1,	84,	uso_300ms_93.wav,	2,	224,	5.57,	1.8172369003295898,	15,	0.3
27,	1,	6,	1,	85,	uso_300ms_33.wav,	1,	262,	6.83,	1.5758965015411377,	15,	0.3
27,	1,	6,	1,	86,	uso_300ms_34.wav,	0,	160,	3.43,	1.4880192279815674,	15,	0.3
27,	1,	6,	1,	87,	uso_300ms_74.wav,	8,	347,	9.67,	2.1046879291534424,	15,	0.3
27,	1,	6,	1,	88,	uso_300ms_66.wav,	7,	286,	7.63,	1.3866243362426758,	15,	0.3
27,	1,	6,	1,	89,	uso_300ms_79.wav,	1,	160,	3.43,	1.6209170818328857,	15,	0.3
27,	1,	6,	1,	90,	uso_300ms_97.wav,	8,	275,	7.27,	1.5730946063995361,	15,	0.3
27,	1,	6,	1,	91,	uso_300ms_30.wav,	5,	334,	9.23,	1.3225769996643066,	15,	0.3
27,	1,	6,	1,	92,	uso_300ms_75.wav,	10,	386,	10.97,	2.142827033996582,	15,	0.3
27,	1,	6,	1,	93,	uso_300ms_28.wav,	9,	413,	11.87,	1.2616260051727295,	15,	0.3
27,	1,	6,	1,	94,	uso_300ms_41.wav,	3,	384,	10.9,	1.285212755203247,	15,	0.3
27,	1,	6,	1,	95,	uso_300ms_47.wav,	0,	166,	3.63,	2.835576295852661,	15,	0.3
27,	1,	6,	1,	96,	uso_300ms_5.wav,	7,	272,	7.17,	2.430365800857544,	15,	0.3
27,	1,	6,	1,	97,	uso_300ms_5.wav,	6,	269,	7.07,	2.141738176345825,	15,	0.3
27,	1,	6,	1,	98,	uso_300ms_93.wav,	4,	287,	7.67,	2.318600654602051,	15,	0.3
27,	1,	6,	1,	99,	uso_300ms_39.wav,	2,	240,	6.1,	1.9980034828186035,	15,	0.3
27,	1,	6,	1,	100,	uso_300ms_86.wav,	6,	312,	8.5,	2.294235944747925,	15,	0.3
27,	1,	6,	1,	101,	uso_300ms_36.wav,	7,	340,	9.43,	1.524777889251709,	15,	0.3
27,	1,	6,	1,	102,	uso_300ms_13.wav,	8,	375,	10.6,	1.4761946201324463,	15,	0.3
27,	1,	6,	1,	103,	uso_300ms_90.wav,	1,	217,	5.33,	1.656816005706787,	15,	0.3
27,	1,	6,	1,	104,	uso_300ms_32.wav,	3,	306,	8.3,	1.8186748027801514,	15,	0.3
27,	1,	6,	1,	105,	uso_300ms_86.wav,	9,	371,	10.47,	1.5956289768218994,	15,	0.3
27,	1,	6,	1,	106,	uso_300ms_93.wav,	2,	231,	5.8,	1.7114953994750977,	15,	0.3
27,	1,	6,	1,	107,	uso_300ms_78.wav,	10,	438,	12.7,	2.190559148788452,	15,	0.3
27,	1,	6,	1,	108,	uso_300ms_21.wav,	5,	319,	8.73,	2.6234278678894043,	15,	0.3
27,	1,	6,	1,	109,	uso_300ms_86.wav,	4,	265,	6.93,	2.0142126083374023,	15,	0.3
27,	1,	6,	1,	110,	uso_300ms_2.wav,	0,	149,	3.07,	1.7369606494903564,	15,	0.3
27,	1,	6,	1,	111,	uso_300ms_66.wav,	8,	335,	9.27,	2.2590296268463135,	15,	0.3
27,	1,	6,	1,	112,	uso_300ms_70.wav,	5,	256,	6.63,	1.506453275680542,	15,	0.3
27,	1,	6,	1,	113,	uso_300ms_12.wav,	4,	232,	5.83,	1.593256950378418,	15,	0.3
27,	1,	6,	1,	114,	uso_300ms_7.wav,	9,	368,	10.37,	1.7016711235046387,	15,	0.3
27,	1,	6,	1,	115,	uso_300ms_3.wav,	7,	406,	11.63,	1.6253736019134521,	15,	0.3
27,	1,	6,	1,	116,	uso_300ms_71.wav,	3,	310,	8.43,	1.6863491535186768,	15,	0.3
27,	1,	6,	1,	117,	uso_300ms_78.wav,	1,	233,	5.87,	1.9893195629119873,	15,	0.3
27,	1,	6,	1,	118,	uso_300ms_70.wav,	10,	385,	10.93,	1.7694141864776611,	15,	0.3
27,	1,	6,	1,	119,	uso_300ms_37.wav,	2,	215,	5.27,	2.0751326084136963,	15,	0.3
27,	1,	6,	1,	120,	uso_300ms_12.wav,	0,	154,	3.23,	1.3444254398345947,	15,	0.3
27,	1,	6,	1,	121,	uso_300ms_11.wav,	6,	326,	8.97,	2.1585090160369873,	15,	0.3
27,	1,	6,	1,	122,	uso_300ms_44.wav,	9,	367,	10.33,	2.17634654045105,	15,	0.3
27,	1,	6,	1,	123,	uso_300ms_31.wav,	7,	327,	9.0,	2.1127748489379883,	15,	0.3
27,	1,	6,	1,	124,	uso_300ms_18.wav,	4,	227,	5.67,	1.7269418239593506,	15,	0.3
27,	1,	6,	1,	125,	uso_300ms_23.wav,	3,	203,	4.87,	1.654026746749878,	15,	0.3
27,	1,	6,	1,	126,	uso_300ms_95.wav,	2,	179,	4.07,	1.546349048614502,	15,	0.3
27,	1,	6,	1,	127,	uso_300ms_98.wav,	8,	309,	8.4,	1.9007656574249268,	15,	0.3
27,	1,	6,	1,	128,	uso_300ms_66.wav,	5,	335,	9.27,	1.247807502746582,	15,	0.3
27,	1,	6,	1,	129,	uso_300ms_42.wav,	1,	240,	6.1,	1.387328863143921,	15,	0.3
27,	1,	6,	1,	130,	uso_300ms_86.wav,	6,	288,	7.7,	1.2691898345947266,	15,	0.3
27,	1,	6,	1,	131,	uso_300ms_58.wav,	0,	175,	3.93,	2.0100739002227783,	15,	0.3
27,	1,	6,	1,	132,	uso_300ms_67.wav,	10,	334,	9.23,	1.7153959274291992,	15,	0.3
27,	1,	6,	1,	133,	uso_300ms_11.wav,	3,	245,	6.27,	1.6042191982269287,	15,	0.3
27,	1,	6,	1,	134,	uso_300ms_44.wav,	0,	157,	3.33,	1.4932653903961182,	15,	0.3
27,	1,	6,	1,	135,	uso_300ms_50.wav,	10,	298,	8.03,	1.9487383365631104,	15,	0.3
27,	1,	6,	1,	136,	uso_300ms_61.wav,	8,	354,	9.9,	1.5058140754699707,	15,	0.3
27,	1,	6,	1,	137,	uso_300ms_51.wav,	7,	412,	11.83,	1.4271349906921387,	15,	0.3
27,	1,	6,	1,	138,	uso_300ms_77.wav,	5,	365,	10.27,	1.583444595336914,	15,	0.3
27,	1,	6,	1,	139,	uso_300ms_55.wav,	6,	300,	8.1,	1.9041662216186523,	15,	0.3
27,	1,	6,	1,	140,	uso_300ms_90.wav,	4,	247,	6.33,	2.3578622341156006,	15,	0.3
27,	1,	6,	1,	141,	uso_300ms_25.wav,	2,	179,	4.07,	2.1029317378997803,	15,	0.3
27,	1,	6,	1,	142,	uso_300ms_54.wav,	1,	148,	3.03,	1.8844671249389648,	15,	0.3
27,	1,	6,	1,	143,	uso_300ms_7.wav,	9,	275,	7.27,	1.9952545166015625,	15,	0.3
27,	1,	6,	1,	144,	uso_300ms_69.wav,	6,	246,	6.3,	2.1339919567108154,	15,	0.3
27,	1,	6,	1,	145,	uso_300ms_43.wav,	0,	130,	2.43,	2.397611141204834,	15,	0.3
27,	1,	6,	1,	146,	uso_300ms_64.wav,	1,	194,	4.57,	1.8198556900024414,	15,	0.3
27,	1,	6,	1,	147,	uso_300ms_42.wav,	8,	357,	10.0,	1.8148033618927002,	15,	0.3
27,	1,	6,	1,	148,	uso_300ms_14.wav,	10,	390,	11.1,	1.7144887447357178,	15,	0.3
27,	1,	6,	1,	149,	uso_300ms_15.wav,	3,	357,	10.0,	1.714773416519165,	15,	0.3
27,	1,	6,	1,	150,	uso_300ms_92.wav,	5,	249,	6.4,	1.834770679473877,	15,	0.3
27,	1,	6,	1,	151,	uso_300ms_100.wav,	2,	200,	4.77,	1.5837390422821045,	15,	0.3
27,	1,	6,	1,	152,	uso_300ms_23.wav,	4,	271,	7.13,	2.3741395473480225,	15,	0.3
27,	1,	6,	1,	153,	uso_300ms_94.wav,	7,	332,	9.17,	1.67940354347229,	15,	0.3
27,	1,	6,	1,	154,	uso_300ms_86.wav,	9,	383,	10.87,	1.2618727684020996,	15,	0.3
27,	1,	6,	1,	155,	uso_300ms_28.wav,	8,	429,	12.4,	1.3492512702941895,	15,	0.3
27,	1,	6,	1,	156,	uso_300ms_38.wav,	2,	271,	7.13,	1.896841049194336,	15,	0.3
27,	1,	6,	1,	157,	uso_300ms_5.wav,	5,	335,	9.27,	1.6412348747253418,	15,	0.3
27,	1,	6,	1,	158,	uso_300ms_5.wav,	6,	361,	10.13,	1.5388224124908447,	15,	0.3
27,	1,	6,	1,	159,	uso_300ms_62.wav,	3,	330,	9.1,	1.826341152191162,	15,	0.3
27,	1,	6,	1,	160,	uso_300ms_88.wav,	1,	195,	4.6,	1.768493890762329,	15,	0.3
27,	1,	6,	1,	161,	uso_300ms_95.wav,	7,	264,	6.9,	1.6522047519683838,	15,	0.3
27,	1,	6,	1,	162,	uso_300ms_67.wav,	0,	151,	3.13,	1.7433807849884033,	15,	0.3
27,	1,	6,	1,	163,	uso_300ms_76.wav,	10,	362,	10.17,	2.128570795059204,	15,	0.3
27,	1,	6,	1,	164,	uso_300ms_27.wav,	4,	266,	6.97,	1.6370923519134521,	15,	0.3
27,	1,	6,	1,	165,	uso_300ms_50.wav,	9,	320,	8.77,	1.7873849868774414,	15,	0.3
