sub_id,cond_id,block_id,task_id,event_id,stim_id,speaker_id,led_id,led_distance,response_time,n_reps,isi
27,	1,	5,	2,	1,	uso_300ms_87.wav,	1,	90,	1.1,	nan,	90,	2
27,	1,	5,	2,	2,	uso_300ms_88.wav,	1,	160.64196300000006,	3.45,	nan,	90,	2
27,	1,	5,	2,	3,	uso_300ms_20.wav,	1,	150.49004500000012,	3.12,	nan,	90,	2
27,	1,	5,	2,	4,	uso_300ms_33.wav,	1,	149.44646400000022,	3.08,	nan,	90,	2
27,	1,	5,	2,	5,	uso_300ms_86.wav,	1,	149.44646400000022,	3.08,	nan,	90,	2
27,	1,	5,	2,	6,	uso_300ms_14.wav,	1,	149.44646400000022,	3.08,	nan,	90,	2
27,	1,	5,	2,	7,	uso_300ms_29.wav,	2,	183.0539680000003,	4.2,	nan,	90,	2
27,	1,	5,	2,	8,	uso_300ms_89.wav,	2,	182.71724000000032,	4.19,	nan,	90,	2
27,	1,	5,	2,	9,	uso_300ms_65.wav,	2,	182.71724000000032,	4.19,	nan,	90,	2
27,	1,	5,	2,	10,	uso_300ms_27.wav,	2,	182.71724000000032,	4.19,	nan,	90,	2
27,	1,	5,	2,	11,	uso_300ms_25.wav,	3,	221.70999800000035,	5.49,	nan,	90,	2
27,	1,	5,	2,	12,	uso_300ms_21.wav,	3,	218.15075700000034,	5.37,	nan,	90,	2
27,	1,	5,	2,	13,	uso_300ms_61.wav,	3,	218.15075700000034,	5.37,	nan,	90,	2
27,	1,	5,	2,	14,	uso_300ms_27.wav,	3,	218.15075700000034,	5.37,	nan,	90,	2
27,	1,	5,	2,	15,	uso_300ms_84.wav,	4,	244.82524400000037,	6.26,	nan,	90,	2
27,	1,	5,	2,	16,	uso_300ms_52.wav,	4,	244.82524400000037,	6.26,	nan,	90,	2
27,	1,	5,	2,	17,	uso_300ms_12.wav,	4,	244.82524400000037,	6.26,	nan,	90,	2
27,	1,	5,	2,	18,	uso_300ms_32.wav,	4,	244.82524400000037,	6.26,	nan,	90,	2
27,	1,	5,	2,	19,	uso_300ms_23.wav,	5,	273.36759000000046,	7.21,	nan,	90,	2
27,	1,	5,	2,	20,	uso_300ms_52.wav,	5,	273.36759000000046,	7.21,	nan,	90,	2
27,	1,	5,	2,	21,	uso_300ms_92.wav,	5,	273.36759000000046,	7.21,	nan,	90,	2
27,	1,	5,	2,	22,	uso_300ms_83.wav,	5,	273.36759000000046,	7.21,	nan,	90,	2
27,	1,	5,	2,	23,	uso_300ms_87.wav,	5,	302.4145520000006,	8.18,	nan,	90,	2
27,	1,	5,	2,	24,	uso_300ms_47.wav,	5,	270.51992000000064,	7.12,	nan,	90,	2
27,	1,	5,	2,	25,	uso_300ms_93.wav,	5,	270.51992000000064,	7.12,	nan,	90,	2
27,	1,	5,	2,	26,	uso_300ms_25.wav,	5,	270.51992000000064,	7.12,	nan,	90,	2
27,	1,	5,	2,	27,	uso_300ms_87.wav,	4,	243.05991400000056,	6.2,	nan,	90,	2
27,	1,	5,	2,	28,	uso_300ms_11.wav,	4,	243.05991400000056,	6.2,	nan,	90,	2
27,	1,	5,	2,	29,	uso_300ms_45.wav,	5,	266.5912890000005,	6.99,	nan,	90,	2
27,	1,	5,	2,	30,	uso_300ms_68.wav,	4,	239.6815040000004,	6.09,	nan,	90,	2
27,	1,	5,	2,	31,	uso_300ms_58.wav,	3,	216.36290100000045,	5.31,	nan,	90,	2
27,	1,	5,	2,	32,	uso_300ms_81.wav,	3,	216.36290100000045,	5.31,	nan,	90,	2
27,	1,	5,	2,	33,	uso_300ms_100.wav,	2,	189.26463400000048,	4.41,	nan,	90,	2
27,	1,	5,	2,	34,	uso_300ms_44.wav,	2,	186.6944300000005,	4.32,	nan,	90,	2
27,	1,	5,	2,	35,	uso_300ms_35.wav,	2,	186.6944300000005,	4.32,	nan,	90,	2
27,	1,	5,	2,	36,	uso_300ms_31.wav,	2,	186.6944300000005,	4.32,	nan,	90,	2
27,	1,	5,	2,	37,	uso_300ms_47.wav,	2,	186.6944300000005,	4.32,	nan,	90,	2
27,	1,	5,	2,	38,	uso_300ms_57.wav,	2,	186.6944300000005,	4.32,	nan,	90,	2
27,	1,	5,	2,	39,	uso_300ms_36.wav,	1,	149.05820200000082,	3.07,	nan,	90,	2
27,	1,	5,	2,	40,	uso_300ms_55.wav,	1,	149.05820200000082,	3.07,	nan,	90,	2
27,	1,	5,	2,	41,	uso_300ms_42.wav,	1,	149.05820200000082,	3.07,	nan,	90,	2
27,	1,	5,	2,	42,	uso_300ms_86.wav,	1,	149.05820200000082,	3.07,	nan,	90,	2
27,	1,	5,	2,	43,	uso_300ms_79.wav,	2,	166.34274900000077,	3.64,	nan,	90,	2
27,	1,	5,	2,	44,	uso_300ms_23.wav,	1,	134.00141200000067,	2.57,	nan,	90,	2
27,	1,	5,	2,	45,	uso_300ms_58.wav,	2,	162.76418800000073,	3.53,	nan,	90,	2
27,	1,	5,	2,	46,	uso_300ms_18.wav,	3,	202.61285700000082,	4.85,	nan,	90,	2
27,	1,	5,	2,	47,	uso_300ms_37.wav,	3,	202.61285700000082,	4.85,	nan,	90,	2
27,	1,	5,	2,	48,	uso_300ms_21.wav,	4,	232.0319810000008,	5.83,	nan,	90,	2
27,	1,	5,	2,	49,	uso_300ms_36.wav,	5,	270.1851590000008,	7.11,	nan,	90,	2
27,	1,	5,	2,	50,	uso_300ms_31.wav,	4,	230.4961320000008,	5.78,	nan,	90,	2
27,	1,	5,	2,	51,	uso_300ms_88.wav,	5,	268.2852470000008,	7.04,	nan,	90,	2
27,	1,	5,	2,	52,	uso_300ms_85.wav,	3,	216.08764000000085,	5.3,	nan,	90,	2
27,	1,	5,	2,	53,	uso_300ms_43.wav,	3,	192.61604500000098,	4.52,	nan,	90,	2
27,	1,	5,	2,	54,	uso_300ms_1.wav,	2,	184.85761600000095,	4.26,	nan,	90,	2
27,	1,	5,	2,	55,	uso_300ms_96.wav,	1,	151.68306200000086,	3.16,	nan,	90,	2
27,	1,	5,	2,	56,	uso_300ms_4.wav,	2,	182.42027900000096,	4.18,	nan,	90,	2
27,	1,	5,	2,	57,	uso_300ms_29.wav,	1,	150.061085000001,	3.1,	nan,	90,	2
27,	1,	5,	2,	58,	uso_300ms_78.wav,	1,	132.69608700000109,	2.52,	nan,	90,	2
27,	1,	5,	2,	59,	uso_300ms_100.wav,	2,	173.321721000001,	3.88,	nan,	90,	2
27,	1,	5,	2,	60,	uso_300ms_98.wav,	3,	193.822852000001,	4.56,	nan,	90,	2
27,	1,	5,	2,	61,	uso_300ms_14.wav,	4,	223.40489400000106,	5.55,	nan,	90,	2
27,	1,	5,	2,	62,	uso_300ms_66.wav,	5,	254.80291800000103,	6.59,	nan,	90,	2
27,	1,	5,	2,	63,	uso_300ms_24.wav,	4,	237.85511300000073,	6.03,	nan,	90,	2
27,	1,	5,	2,	64,	uso_300ms_98.wav,	5,	255.95534900000072,	6.63,	nan,	90,	2
27,	1,	5,	2,	65,	uso_300ms_17.wav,	5,	255.95534900000072,	6.63,	nan,	90,	2
27,	1,	5,	2,	66,	uso_300ms_79.wav,	5,	255.95534900000072,	6.63,	nan,	90,	2
27,	1,	5,	2,	67,	uso_300ms_16.wav,	5,	255.95534900000072,	6.63,	nan,	90,	2
27,	1,	5,	2,	68,	uso_300ms_52.wav,	5,	255.95534900000072,	6.63,	nan,	90,	2
27,	1,	5,	2,	69,	uso_300ms_28.wav,	4,	245.48138900000077,	6.28,	nan,	90,	2
27,	1,	5,	2,	70,	uso_300ms_43.wav,	3,	218.94756500000076,	5.4,	nan,	90,	2
27,	1,	5,	2,	71,	uso_300ms_77.wav,	3,	213.94756500000076,	5.23,	nan,	90,	2
27,	1,	5,	2,	72,	uso_300ms_29.wav,	2,	181.6751010000008,	4.16,	nan,	90,	2
27,	1,	5,	2,	73,	uso_300ms_27.wav,	2,	181.6751010000008,	4.16,	nan,	90,	2
27,	1,	5,	2,	74,	uso_300ms_88.wav,	1,	147.35641800000084,	3.01,	nan,	90,	2
27,	1,	5,	2,	75,	uso_300ms_66.wav,	1,	147.35641800000084,	3.01,	nan,	90,	2
27,	1,	5,	2,	76,	uso_300ms_37.wav,	1,	147.35641800000084,	3.01,	nan,	90,	2
27,	1,	5,	2,	77,	uso_300ms_12.wav,	2,	181.23335900000083,	4.14,	nan,	90,	2
27,	1,	5,	2,	78,	uso_300ms_100.wav,	1,	150.98407700000078,	3.13,	nan,	90,	2
27,	1,	5,	2,	79,	uso_300ms_88.wav,	1,	150.98407700000078,	3.13,	nan,	90,	2
27,	1,	5,	2,	80,	uso_300ms_85.wav,	1,	150.98407700000078,	3.13,	nan,	90,	2
27,	1,	5,	2,	81,	uso_300ms_33.wav,	2,	173.24540000000084,	3.87,	nan,	90,	2
27,	1,	5,	2,	82,	uso_300ms_8.wav,	2,	173.24540000000084,	3.87,	nan,	90,	2
27,	1,	5,	2,	83,	uso_300ms_28.wav,	2,	173.24540000000084,	3.87,	nan,	90,	2
27,	1,	5,	2,	84,	uso_300ms_44.wav,	3,	201.00897500000082,	4.8,	nan,	90,	2
27,	1,	5,	2,	85,	uso_300ms_7.wav,	3,	201.05975300000063,	4.8,	nan,	90,	2
27,	1,	5,	2,	86,	uso_300ms_21.wav,	3,	201.05975300000063,	4.8,	nan,	90,	2
27,	1,	5,	2,	87,	uso_300ms_80.wav,	4,	235.08029200000067,	5.94,	nan,	90,	2
27,	1,	5,	2,	88,	uso_300ms_35.wav,	4,	235.08029200000067,	5.94,	nan,	90,	2
27,	1,	5,	2,	89,	uso_300ms_94.wav,	4,	235.08029200000067,	5.94,	nan,	90,	2
27,	1,	5,	2,	90,	uso_300ms_60.wav,	5,	284.4684070000006,	7.58,	nan,	90,	2
