sub_id,cond_id,block_id,task_id,event_id,stim_id,speaker_id,led_id,led_distance,response_time,n_reps,isi
04,	2,	1,	3,	1,	uso_300ms_92.wav,	9,	334,	9.23,	2.6384079456329346,	15,	0.3
04,	2,	1,	3,	2,	uso_300ms_85.wav,	5,	366,	10.3,	3.87868595123291,	15,	0.3
04,	2,	1,	3,	3,	uso_300ms_81.wav,	6,	411,	11.8,	3.3679630756378174,	15,	0.3
04,	2,	1,	3,	4,	uso_300ms_77.wav,	7,	307,	8.33,	3.5845727920532227,	15,	0.3
04,	2,	1,	3,	5,	uso_300ms_58.wav,	8,	211,	5.13,	2.4182288646698,	15,	0.3
04,	2,	1,	3,	6,	uso_300ms_65.wav,	6,	294,	7.9,	2.999987840652466,	15,	0.3
04,	2,	1,	3,	7,	uso_300ms_62.wav,	7,	309,	8.4,	5.224502325057983,	15,	0.3
04,	2,	1,	3,	8,	uso_300ms_84.wav,	9,	387,	11.0,	3.944049596786499,	15,	0.3
04,	2,	1,	3,	9,	uso_300ms_29.wav,	5,	264,	6.9,	3.453948974609375,	15,	0.3
04,	2,	1,	3,	10,	uso_300ms_80.wav,	8,	352,	9.83,	3.4452292919158936,	15,	0.3
04,	2,	1,	3,	11,	uso_300ms_58.wav,	7,	361,	10.13,	3.486677885055542,	15,	0.3
04,	2,	1,	3,	12,	uso_300ms_12.wav,	6,	419,	12.07,	3.4486496448516846,	15,	0.3
04,	2,	1,	3,	13,	uso_300ms_83.wav,	5,	201,	4.8,	3.0120317935943604,	15,	0.3
04,	2,	1,	3,	14,	uso_300ms_12.wav,	9,	390,	11.1,	3.529616594314575,	15,	0.3
04,	2,	1,	3,	15,	uso_300ms_96.wav,	8,	347,	9.67,	4.1975438594818115,	15,	0.3
04,	2,	1,	3,	16,	uso_300ms_59.wav,	5,	316,	8.63,	3.5264530181884766,	15,	0.3
04,	2,	1,	3,	17,	uso_300ms_75.wav,	7,	188,	4.37,	2.5726094245910645,	15,	0.3
04,	2,	1,	3,	18,	uso_300ms_63.wav,	8,	341,	9.47,	4.295478820800781,	15,	0.3
04,	2,	1,	3,	19,	uso_300ms_96.wav,	9,	361,	10.13,	4.967797756195068,	15,	0.3
04,	2,	1,	3,	20,	uso_300ms_8.wav,	6,	192,	4.5,	4.749516010284424,	15,	0.3
04,	2,	1,	3,	21,	uso_300ms_10.wav,	5,	254,	6.57,	4.005720138549805,	15,	0.3
04,	2,	1,	3,	22,	uso_300ms_97.wav,	8,	359,	10.07,	3.742201328277588,	15,	0.3
04,	2,	1,	3,	23,	uso_300ms_23.wav,	9,	167,	3.67,	2.8027710914611816,	15,	0.3
04,	2,	1,	3,	24,	uso_300ms_13.wav,	7,	372,	10.5,	3.561246871948242,	15,	0.3
04,	2,	1,	3,	25,	uso_300ms_15.wav,	6,	337,	9.33,	2.5273003578186035,	15,	0.3
04,	2,	1,	3,	26,	uso_300ms_22.wav,	5,	400,	11.43,	5.524034738540649,	15,	0.3
04,	2,	1,	3,	27,	uso_300ms_55.wav,	9,	269,	7.07,	4.571273565292358,	15,	0.3
04,	2,	1,	3,	28,	uso_300ms_56.wav,	6,	148,	3.03,	4.750390291213989,	15,	0.3
04,	2,	1,	3,	29,	uso_300ms_4.wav,	8,	383,	10.87,	5.5033910274505615,	15,	0.3
04,	2,	1,	3,	30,	uso_300ms_56.wav,	7,	383,	10.87,	3.459990978240967,	15,	0.3
04,	2,	1,	3,	31,	uso_300ms_49.wav,	9,	178,	4.03,	6.835863828659058,	15,	0.3
04,	2,	1,	3,	32,	uso_300ms_45.wav,	7,	366,	10.3,	6.813474416732788,	15,	0.3
04,	2,	1,	3,	33,	uso_300ms_42.wav,	8,	171,	3.8,	6.559912204742432,	15,	0.3
04,	2,	1,	3,	34,	uso_300ms_56.wav,	6,	350,	9.77,	4.841962575912476,	15,	0.3
04,	2,	1,	3,	35,	uso_300ms_19.wav,	5,	350,	9.77,	1.8898820877075195,	15,	0.3
04,	2,	1,	3,	36,	uso_300ms_21.wav,	9,	445,	12.93,	2.931971311569214,	15,	0.3
04,	2,	1,	3,	37,	uso_300ms_82.wav,	8,	382,	10.83,	6.988049268722534,	15,	0.3
04,	2,	1,	3,	38,	uso_300ms_85.wav,	6,	382,	10.83,	4.955235481262207,	15,	0.3
04,	2,	1,	3,	39,	uso_300ms_40.wav,	7,	349,	9.73,	7.342278957366943,	15,	0.3
04,	2,	1,	3,	40,	uso_300ms_56.wav,	5,	244,	6.23,	2.9246318340301514,	15,	0.3
04,	2,	1,	3,	41,	uso_300ms_80.wav,	7,	291,	7.8,	2.9651761054992676,	15,	0.3
04,	2,	1,	3,	42,	uso_300ms_87.wav,	6,	306,	8.3,	5.69160008430481,	15,	0.3
04,	2,	1,	3,	43,	uso_300ms_56.wav,	9,	284,	7.57,	4.548574209213257,	15,	0.3
04,	2,	1,	3,	44,	uso_300ms_2.wav,	8,	417,	12.0,	2.85119891166687,	15,	0.3
04,	2,	1,	3,	45,	uso_300ms_55.wav,	5,	280,	7.43,	3.664834499359131,	15,	0.3
04,	2,	1,	3,	46,	uso_300ms_100.wav,	9,	396,	11.3,	3.01827073097229,	15,	0.3
04,	2,	1,	3,	47,	uso_300ms_89.wav,	5,	436,	12.63,	2.654411554336548,	15,	0.3
04,	2,	1,	3,	48,	uso_300ms_54.wav,	7,	244,	6.23,	4.309412717819214,	15,	0.3
04,	2,	1,	3,	49,	uso_300ms_59.wav,	6,	355,	9.93,	4.523646116256714,	15,	0.3
04,	2,	1,	3,	50,	uso_300ms_83.wav,	8,	270,	7.1,	4.971150875091553,	15,	0.3
04,	2,	1,	3,	51,	uso_300ms_80.wav,	6,	344,	9.57,	5.762882471084595,	15,	0.3
04,	2,	1,	3,	52,	uso_300ms_9.wav,	8,	344,	9.57,	6.238187074661255,	15,	0.3
04,	2,	1,	3,	53,	uso_300ms_77.wav,	5,	302,	8.17,	3.5978527069091797,	15,	0.3
04,	2,	1,	3,	54,	uso_300ms_15.wav,	9,	351,	9.8,	2.588836908340454,	15,	0.3
04,	2,	1,	3,	55,	uso_300ms_52.wav,	7,	318,	8.7,	5.473008632659912,	15,	0.3
04,	2,	1,	3,	56,	uso_300ms_3.wav,	5,	260,	6.77,	2.5937089920043945,	15,	0.3
04,	2,	1,	3,	57,	uso_300ms_19.wav,	6,	403,	11.53,	4.103991985321045,	15,	0.3
04,	2,	1,	3,	58,	uso_300ms_66.wav,	8,	445,	12.93,	2.746527671813965,	15,	0.3
04,	2,	1,	3,	59,	uso_300ms_24.wav,	9,	434,	12.57,	4.109569787979126,	15,	0.3
04,	2,	1,	3,	60,	uso_300ms_24.wav,	7,	434,	12.57,	1.2831294536590576,	15,	0.3
04,	2,	1,	3,	61,	uso_300ms_55.wav,	8,	331,	9.13,	3.8069329261779785,	15,	0.3
04,	2,	1,	3,	62,	uso_300ms_92.wav,	5,	304,	8.23,	4.232978343963623,	15,	0.3
04,	2,	1,	3,	63,	uso_300ms_54.wav,	6,	245,	6.27,	3.6812686920166016,	15,	0.3
04,	2,	1,	3,	64,	uso_300ms_19.wav,	9,	345,	9.6,	2.3286190032958984,	15,	0.3
04,	2,	1,	3,	65,	uso_300ms_11.wav,	7,	362,	10.17,	5.764536380767822,	15,	0.3
04,	2,	1,	3,	66,	uso_300ms_79.wav,	6,	319,	8.73,	3.870250940322876,	15,	0.3
04,	2,	1,	3,	67,	uso_300ms_23.wav,	8,	313,	8.53,	5.047055959701538,	15,	0.3
04,	2,	1,	3,	68,	uso_300ms_34.wav,	5,	146,	2.97,	3.1821563243865967,	15,	0.3
04,	2,	1,	3,	69,	uso_300ms_17.wav,	9,	188,	4.37,	3.3230929374694824,	15,	0.3
04,	2,	1,	3,	70,	uso_300ms_23.wav,	7,	287,	7.67,	3.085829496383667,	15,	0.3
04,	2,	1,	3,	71,	uso_300ms_88.wav,	6,	143,	2.87,	2.6385338306427,	15,	0.3
04,	2,	1,	3,	72,	uso_300ms_52.wav,	9,	326,	8.97,	3.4585845470428467,	15,	0.3
04,	2,	1,	3,	73,	uso_300ms_46.wav,	8,	295,	7.93,	5.178519010543823,	15,	0.3
04,	2,	1,	3,	74,	uso_300ms_89.wav,	5,	434,	12.57,	3.994058132171631,	15,	0.3
04,	2,	1,	3,	75,	uso_300ms_26.wav,	7,	319,	8.73,	4.04576849937439,	15,	0.3
