sub_id,cond_id,block_id,task_id,event_id,stim_id,speaker_id,led_id,led_distance,response_time,n_reps,isi
04,	2,	5,	3,	1,	uso_300ms_41.wav,	5,	90,	1.1,	nan,	90,	2
04,	2,	5,	3,	2,	uso_300ms_68.wav,	5,	207.46917699999997,	5.02,	nan,	90,	2
04,	2,	5,	3,	3,	uso_300ms_99.wav,	5,	258.127911,	6.7,	nan,	90,	2
04,	2,	5,	3,	4,	uso_300ms_16.wav,	7,	333.34815399999997,	9.21,	nan,	90,	2
04,	2,	5,	3,	5,	uso_300ms_31.wav,	9,	441.717723,	12.82,	nan,	90,	2
04,	2,	5,	3,	6,	uso_300ms_13.wav,	9,	384.2584889999999,	10.91,	nan,	90,	2
04,	2,	5,	3,	7,	uso_300ms_31.wav,	8,	346.6971469999999,	9.66,	nan,	90,	2
04,	2,	5,	3,	8,	uso_300ms_23.wav,	6,	302.87751099999986,	8.2,	nan,	90,	2
04,	2,	5,	3,	9,	uso_300ms_71.wav,	7,	320.0180749999998,	8.77,	nan,	90,	2
04,	2,	5,	3,	10,	uso_300ms_47.wav,	7,	320.0180749999998,	8.77,	nan,	90,	2
04,	2,	5,	3,	11,	uso_300ms_48.wav,	7,	320.0069589999997,	8.77,	nan,	90,	2
04,	2,	5,	3,	12,	uso_300ms_30.wav,	5,	276.8512309999996,	7.33,	nan,	90,	2
04,	2,	5,	3,	13,	uso_300ms_24.wav,	6,	306.00712699999946,	8.3,	nan,	90,	2
04,	2,	5,	3,	14,	uso_300ms_34.wav,	6,	306.00712699999946,	8.3,	nan,	90,	2
04,	2,	5,	3,	15,	uso_300ms_89.wav,	5,	236.3277969999993,	5.98,	nan,	90,	2
04,	2,	5,	3,	16,	uso_300ms_92.wav,	5,	193.8334919999993,	4.56,	nan,	90,	2
04,	2,	5,	3,	17,	uso_300ms_73.wav,	7,	341.05999799999927,	9.47,	nan,	90,	2
04,	2,	5,	3,	18,	uso_300ms_46.wav,	5,	276.48892499999926,	7.32,	nan,	90,	2
04,	2,	5,	3,	19,	uso_300ms_60.wav,	5,	276.48892499999926,	7.32,	nan,	90,	2
04,	2,	5,	3,	20,	uso_300ms_73.wav,	5,	276.48892499999926,	7.32,	nan,	90,	2
04,	2,	5,	3,	21,	uso_300ms_12.wav,	5,	215.4122029999992,	5.28,	nan,	90,	2
04,	2,	5,	3,	22,	uso_300ms_18.wav,	5,	273.8571559999992,	7.23,	nan,	90,	2
04,	2,	5,	3,	23,	uso_300ms_95.wav,	6,	306.25223199999914,	8.31,	nan,	90,	2
04,	2,	5,	3,	24,	uso_300ms_32.wav,	8,	344.48486699999916,	9.58,	nan,	90,	2
04,	2,	5,	3,	25,	uso_300ms_63.wav,	7,	318.3231019999991,	8.71,	nan,	90,	2
04,	2,	5,	3,	26,	uso_300ms_43.wav,	9,	377.00858899999906,	10.67,	nan,	90,	2
04,	2,	5,	3,	27,	uso_300ms_49.wav,	8,	349.28953399999904,	9.74,	nan,	90,	2
04,	2,	5,	3,	28,	uso_300ms_64.wav,	9,	432.80413299999907,	12.53,	nan,	90,	2
04,	2,	5,	3,	29,	uso_300ms_15.wav,	9,	442.5892509999991,	12.85,	nan,	90,	2
04,	2,	5,	3,	30,	uso_300ms_76.wav,	9,	408.200959999999,	11.71,	nan,	90,	2
04,	2,	5,	3,	31,	uso_300ms_68.wav,	9,	427.850869999999,	12.36,	nan,	90,	2
04,	2,	5,	3,	32,	uso_300ms_48.wav,	9,	394.96547899999905,	11.27,	nan,	90,	2
04,	2,	5,	3,	33,	uso_300ms_46.wav,	8,	366.001172999999,	10.3,	nan,	90,	2
04,	2,	5,	3,	34,	uso_300ms_81.wav,	7,	325.8274309999991,	8.96,	nan,	90,	2
04,	2,	5,	3,	35,	uso_300ms_67.wav,	7,	325.75037499999894,	8.96,	nan,	90,	2
04,	2,	5,	3,	36,	uso_300ms_72.wav,	6,	294.6691219999989,	7.92,	nan,	90,	2
04,	2,	5,	3,	37,	uso_300ms_12.wav,	5,	278.18183299999885,	7.37,	nan,	90,	2
04,	2,	5,	3,	38,	uso_300ms_20.wav,	6,	309.7450989999988,	8.42,	nan,	90,	2
04,	2,	5,	3,	39,	uso_300ms_9.wav,	8,	349.40737899999874,	9.75,	nan,	90,	2
04,	2,	5,	3,	40,	uso_300ms_8.wav,	7,	331.93256499999876,	9.16,	nan,	90,	2
04,	2,	5,	3,	41,	uso_300ms_18.wav,	6,	300.1258109999987,	8.1,	nan,	90,	2
04,	2,	5,	3,	42,	uso_300ms_12.wav,	5,	270.45748699999865,	7.12,	nan,	90,	2
04,	2,	5,	3,	43,	uso_300ms_20.wav,	5,	203.04523299999846,	4.87,	nan,	90,	2
04,	2,	5,	3,	44,	uso_300ms_35.wav,	5,	240.6667189999983,	6.12,	nan,	90,	2
04,	2,	5,	3,	45,	uso_300ms_95.wav,	6,	287.94309499999815,	7.7,	nan,	90,	2
04,	2,	5,	3,	46,	uso_300ms_8.wav,	7,	313.245616999998,	8.54,	nan,	90,	2
04,	2,	5,	3,	47,	uso_300ms_92.wav,	8,	359.08517299999795,	10.07,	nan,	90,	2
04,	2,	5,	3,	48,	uso_300ms_12.wav,	9,	400.416693999998,	11.45,	nan,	90,	2
04,	2,	5,	3,	49,	uso_300ms_23.wav,	9,	379.34263399999793,	10.74,	nan,	90,	2
04,	2,	5,	3,	50,	uso_300ms_80.wav,	8,	355.356811999998,	9.95,	nan,	90,	2
04,	2,	5,	3,	51,	uso_300ms_68.wav,	9,	388.250280999998,	11.04,	nan,	90,	2
04,	2,	5,	3,	52,	uso_300ms_72.wav,	8,	359.40321799999793,	10.08,	nan,	90,	2
04,	2,	5,	3,	53,	uso_300ms_14.wav,	8,	342.6635509999979,	9.52,	nan,	90,	2
04,	2,	5,	3,	54,	uso_300ms_96.wav,	7,	331.53177999999787,	9.15,	nan,	90,	2
04,	2,	5,	3,	55,	uso_300ms_74.wav,	6,	295.7615349999978,	7.96,	nan,	90,	2
04,	2,	5,	3,	56,	uso_300ms_3.wav,	5,	279.0748859999978,	7.4,	nan,	90,	2
04,	2,	5,	3,	57,	uso_300ms_75.wav,	5,	245.7965709999978,	6.29,	nan,	90,	2
04,	2,	5,	3,	58,	uso_300ms_64.wav,	6,	307.7783999999979,	8.36,	nan,	90,	2
04,	2,	5,	3,	59,	uso_300ms_4.wav,	8,	348.51573299999785,	9.72,	nan,	90,	2
04,	2,	5,	3,	60,	uso_300ms_37.wav,	7,	333.8945319999979,	9.23,	nan,	90,	2
04,	2,	5,	3,	61,	uso_300ms_97.wav,	8,	368.9738209999979,	10.4,	nan,	90,	2
04,	2,	5,	3,	62,	uso_300ms_64.wav,	9,	405.01481899999794,	11.6,	nan,	90,	2
04,	2,	5,	3,	63,	uso_300ms_47.wav,	8,	361.88367499999794,	10.16,	nan,	90,	2
04,	2,	5,	3,	64,	uso_300ms_30.wav,	7,	319.5937419999979,	8.75,	nan,	90,	2
04,	2,	5,	3,	65,	uso_300ms_5.wav,	6,	296.7393649999978,	7.99,	nan,	90,	2
04,	2,	5,	3,	66,	uso_300ms_20.wav,	5,	253.73484399999776,	6.56,	nan,	90,	2
04,	2,	5,	3,	67,	uso_300ms_47.wav,	5,	221.92300099999775,	5.5,	nan,	90,	2
04,	2,	5,	3,	68,	uso_300ms_22.wav,	5,	263.8052049999978,	6.89,	nan,	90,	2
04,	2,	5,	3,	69,	uso_300ms_59.wav,	6,	303.865966999998,	8.23,	nan,	90,	2
04,	2,	5,	3,	70,	uso_300ms_12.wav,	7,	326.168428999998,	8.97,	nan,	90,	2
04,	2,	5,	3,	71,	uso_300ms_33.wav,	6,	300.899933999998,	8.13,	nan,	90,	2
04,	2,	5,	3,	72,	uso_300ms_8.wav,	8,	365.596313999998,	10.29,	nan,	90,	2
04,	2,	5,	3,	73,	uso_300ms_67.wav,	8,	342.5773529999982,	9.52,	nan,	90,	2
04,	2,	5,	3,	74,	uso_300ms_87.wav,	7,	321.36348199999816,	8.81,	nan,	90,	2
04,	2,	5,	3,	75,	uso_300ms_68.wav,	7,	321.36348199999816,	8.81,	nan,	90,	2
04,	2,	5,	3,	76,	uso_300ms_45.wav,	7,	313.94177399999825,	8.56,	nan,	90,	2
04,	2,	5,	3,	77,	uso_300ms_91.wav,	9,	453.91070099999826,	13.23,	nan,	90,	2
04,	2,	5,	3,	78,	uso_300ms_48.wav,	9,	453.91070099999826,	13.23,	nan,	90,	2
04,	2,	5,	3,	79,	uso_300ms_18.wav,	9,	394.98236999999824,	11.27,	nan,	90,	2
04,	2,	5,	3,	80,	uso_300ms_70.wav,	9,	394.9018139999982,	11.26,	nan,	90,	2
04,	2,	5,	3,	81,	uso_300ms_51.wav,	5,	272.0842729999982,	7.17,	nan,	90,	2
04,	2,	5,	3,	82,	uso_300ms_23.wav,	5,	272.0842729999982,	7.17,	nan,	90,	2
04,	2,	5,	3,	83,	uso_300ms_85.wav,	5,	272.1091649999982,	7.17,	nan,	90,	2
04,	2,	5,	3,	84,	uso_300ms_5.wav,	7,	323.1597029999981,	8.87,	nan,	90,	2
04,	2,	5,	3,	85,	uso_300ms_53.wav,	7,	314.27855099999806,	8.58,	nan,	90,	2
04,	2,	5,	3,	86,	uso_300ms_89.wav,	7,	314.27855099999806,	8.58,	nan,	90,	2
04,	2,	5,	3,	87,	uso_300ms_14.wav,	7,	314.27855099999806,	8.58,	nan,	90,	2
04,	2,	5,	3,	88,	uso_300ms_10.wav,	6,	282.8696839999981,	7.53,	nan,	90,	2
04,	2,	5,	3,	89,	uso_300ms_35.wav,	6,	282.8696839999981,	7.53,	nan,	90,	2
04,	2,	5,	3,	90,	uso_300ms_30.wav,	6,	282.8696839999981,	7.53,	nan,	90,	2
