sub_id,cond_id,block_id,task_id,event_id,stim_id,speaker_id,led_id,led_distance,response_time,n_reps,isi
04,	2,	6,	1,	1,	uso_300ms_55.wav,	9,	331,	9.13,	4.0014121532440186,	15,	0.3
04,	2,	6,	1,	2,	uso_300ms_77.wav,	8,	285,	7.6,	1.9539928436279297,	15,	0.3
04,	2,	6,	1,	3,	uso_300ms_60.wav,	4,	243,	6.2,	1.5323455333709717,	15,	0.3
04,	2,	6,	1,	4,	uso_300ms_77.wav,	3,	289,	7.73,	2.026578903198242,	15,	0.3
04,	2,	6,	1,	5,	uso_300ms_97.wav,	10,	324,	8.9,	1.3069133758544922,	15,	0.3
04,	2,	6,	1,	6,	uso_300ms_59.wav,	1,	137,	2.67,	2.637857675552368,	15,	0.3
04,	2,	6,	1,	7,	uso_300ms_77.wav,	7,	404,	11.57,	2.53100848197937,	15,	0.3
04,	2,	6,	1,	8,	uso_300ms_74.wav,	6,	364,	10.23,	1.5160911083221436,	15,	0.3
04,	2,	6,	1,	9,	uso_300ms_26.wav,	5,	275,	7.27,	2.450693130493164,	15,	0.3
04,	2,	6,	1,	10,	uso_300ms_27.wav,	0,	111,	1.8,	3.6656434535980225,	15,	0.3
04,	2,	6,	1,	11,	uso_300ms_84.wav,	2,	174,	3.9,	2.241706132888794,	15,	0.3
04,	2,	6,	1,	12,	uso_300ms_94.wav,	7,	372,	10.5,	2.4365556240081787,	15,	0.3
04,	2,	6,	1,	13,	uso_300ms_1.wav,	0,	99,	1.4,	2.9216651916503906,	15,	0.3
04,	2,	6,	1,	14,	uso_300ms_42.wav,	10,	426,	12.3,	3.4424877166748047,	15,	0.3
04,	2,	6,	1,	15,	uso_300ms_49.wav,	8,	369,	10.4,	1.4255390167236328,	15,	0.3
04,	2,	6,	1,	16,	uso_300ms_94.wav,	5,	281,	7.47,	1.4636001586914062,	15,	0.3
04,	2,	6,	1,	17,	uso_300ms_75.wav,	9,	387,	11.0,	1.741316556930542,	15,	0.3
04,	2,	6,	1,	18,	uso_300ms_95.wav,	1,	122,	2.17,	3.0856220722198486,	15,	0.3
04,	2,	6,	1,	19,	uso_300ms_62.wav,	6,	428,	12.37,	3.442924976348877,	15,	0.3
04,	2,	6,	1,	20,	uso_300ms_89.wav,	3,	192,	4.5,	2.56632924079895,	15,	0.3
04,	2,	6,	1,	21,	uso_300ms_28.wav,	2,	160,	3.43,	2.569634199142456,	15,	0.3
04,	2,	6,	1,	22,	uso_300ms_19.wav,	4,	217,	5.33,	1.3453197479248047,	15,	0.3
04,	2,	6,	1,	23,	uso_300ms_56.wav,	7,	371,	10.47,	1.9070441722869873,	15,	0.3
04,	2,	6,	1,	24,	uso_300ms_83.wav,	10,	438,	12.7,	1.982313632965088,	15,	0.3
04,	2,	6,	1,	25,	uso_300ms_73.wav,	0,	109,	1.73,	3.039759635925293,	15,	0.3
04,	2,	6,	1,	26,	uso_300ms_92.wav,	3,	158,	3.37,	1.1654887199401855,	15,	0.3
04,	2,	6,	1,	27,	uso_300ms_60.wav,	8,	256,	6.63,	2.0152268409729004,	15,	0.3
04,	2,	6,	1,	28,	uso_300ms_2.wav,	2,	183,	4.2,	1.619030237197876,	15,	0.3
04,	2,	6,	1,	29,	uso_300ms_39.wav,	5,	286,	7.63,	1.7154052257537842,	15,	0.3
04,	2,	6,	1,	30,	uso_300ms_87.wav,	6,	359,	10.07,	2.114166498184204,	15,	0.3
04,	2,	6,	1,	31,	uso_300ms_95.wav,	1,	138,	2.7,	2.660641670227051,	15,	0.3
04,	2,	6,	1,	32,	uso_300ms_36.wav,	9,	309,	8.4,	3.192147731781006,	15,	0.3
04,	2,	6,	1,	33,	uso_300ms_64.wav,	4,	240,	6.1,	1.5605084896087646,	15,	0.3
04,	2,	6,	1,	34,	uso_300ms_31.wav,	0,	121,	2.13,	1.8169212341308594,	15,	0.3
04,	2,	6,	1,	35,	uso_300ms_78.wav,	6,	251,	6.47,	2.0790200233459473,	15,	0.3
04,	2,	6,	1,	36,	uso_300ms_85.wav,	5,	338,	9.37,	1.307586669921875,	15,	0.3
04,	2,	6,	1,	37,	uso_300ms_60.wav,	8,	259,	6.73,	2.7483835220336914,	15,	0.3
04,	2,	6,	1,	38,	uso_300ms_22.wav,	3,	183,	4.2,	1.9561614990234375,	15,	0.3
04,	2,	6,	1,	39,	uso_300ms_10.wav,	4,	241,	6.13,	1.4369773864746094,	15,	0.3
04,	2,	6,	1,	40,	uso_300ms_66.wav,	9,	388,	11.03,	1.8865349292755127,	15,	0.3
04,	2,	6,	1,	41,	uso_300ms_86.wav,	1,	155,	3.27,	3.7636356353759766,	15,	0.3
04,	2,	6,	1,	42,	uso_300ms_38.wav,	10,	365,	10.27,	2.562427043914795,	15,	0.3
04,	2,	6,	1,	43,	uso_300ms_61.wav,	7,	333,	9.2,	1.3495042324066162,	15,	0.3
04,	2,	6,	1,	44,	uso_300ms_95.wav,	2,	190,	4.43,	1.7476396560668945,	15,	0.3
04,	2,	6,	1,	45,	uso_300ms_79.wav,	0,	120,	2.1,	1.7516379356384277,	15,	0.3
04,	2,	6,	1,	46,	uso_300ms_5.wav,	1,	151,	3.13,	1.1930077075958252,	15,	0.3
04,	2,	6,	1,	47,	uso_300ms_46.wav,	10,	293,	7.87,	2.116748809814453,	15,	0.3
04,	2,	6,	1,	48,	uso_300ms_45.wav,	5,	239,	6.07,	1.8863193988800049,	15,	0.3
04,	2,	6,	1,	49,	uso_300ms_61.wav,	2,	190,	4.43,	2.7685091495513916,	15,	0.3
04,	2,	6,	1,	50,	uso_300ms_99.wav,	3,	233,	5.87,	1.2659902572631836,	15,	0.3
04,	2,	6,	1,	51,	uso_300ms_69.wav,	6,	330,	9.1,	2.3165714740753174,	15,	0.3
04,	2,	6,	1,	52,	uso_300ms_12.wav,	9,	413,	11.87,	1.4168367385864258,	15,	0.3
04,	2,	6,	1,	53,	uso_300ms_40.wav,	4,	220,	5.43,	1.9064767360687256,	15,	0.3
04,	2,	6,	1,	54,	uso_300ms_42.wav,	8,	400,	11.43,	1.9586279392242432,	15,	0.3
04,	2,	6,	1,	55,	uso_300ms_34.wav,	7,	317,	8.67,	2.293656826019287,	15,	0.3
04,	2,	6,	1,	56,	uso_300ms_89.wav,	6,	278,	7.37,	1.785447120666504,	15,	0.3
04,	2,	6,	1,	57,	uso_300ms_91.wav,	2,	208,	5.03,	1.3217082023620605,	15,	0.3
04,	2,	6,	1,	58,	uso_300ms_60.wav,	4,	253,	6.53,	1.5030133724212646,	15,	0.3
04,	2,	6,	1,	59,	uso_300ms_20.wav,	5,	303,	8.2,	1.4455139636993408,	15,	0.3
04,	2,	6,	1,	60,	uso_300ms_22.wav,	3,	195,	4.6,	2.062915802001953,	15,	0.3
04,	2,	6,	1,	61,	uso_300ms_81.wav,	0,	127,	2.33,	1.9642634391784668,	15,	0.3
04,	2,	6,	1,	62,	uso_300ms_12.wav,	9,	337,	9.33,	2.163909673690796,	15,	0.3
04,	2,	6,	1,	63,	uso_300ms_60.wav,	7,	271,	7.13,	3.1175320148468018,	15,	0.3
04,	2,	6,	1,	64,	uso_300ms_12.wav,	10,	348,	9.7,	1.3979237079620361,	15,	0.3
04,	2,	6,	1,	65,	uso_300ms_84.wav,	8,	383,	10.87,	1.4678668975830078,	15,	0.3
04,	2,	6,	1,	66,	uso_300ms_74.wav,	1,	132,	2.5,	2.5062992572784424,	15,	0.3
04,	2,	6,	1,	67,	uso_300ms_38.wav,	4,	221,	5.47,	1.3817839622497559,	15,	0.3
04,	2,	6,	1,	68,	uso_300ms_16.wav,	7,	373,	10.53,	1.8605608940124512,	15,	0.3
04,	2,	6,	1,	69,	uso_300ms_34.wav,	8,	325,	8.93,	1.7283926010131836,	15,	0.3
04,	2,	6,	1,	70,	uso_300ms_75.wav,	3,	216,	5.3,	1.4310779571533203,	15,	0.3
04,	2,	6,	1,	71,	uso_300ms_25.wav,	10,	302,	8.17,	1.308227300643921,	15,	0.3
04,	2,	6,	1,	72,	uso_300ms_49.wav,	2,	180,	4.1,	1.4946506023406982,	15,	0.3
04,	2,	6,	1,	73,	uso_300ms_97.wav,	6,	293,	7.87,	1.629239559173584,	15,	0.3
04,	2,	6,	1,	74,	uso_300ms_44.wav,	1,	159,	3.4,	1.5001211166381836,	15,	0.3
04,	2,	6,	1,	75,	uso_300ms_91.wav,	9,	337,	9.33,	1.791214942932129,	15,	0.3
04,	2,	6,	1,	76,	uso_300ms_71.wav,	5,	365,	10.27,	1.4195408821105957,	15,	0.3
04,	2,	6,	1,	77,	uso_300ms_7.wav,	0,	124,	2.23,	2.751894474029541,	15,	0.3
04,	2,	6,	1,	78,	uso_300ms_2.wav,	9,	348,	9.7,	2.31152606010437,	15,	0.3
04,	2,	6,	1,	79,	uso_300ms_47.wav,	6,	283,	7.53,	2.3142788410186768,	15,	0.3
04,	2,	6,	1,	80,	uso_300ms_65.wav,	10,	431,	12.47,	1.737534999847412,	15,	0.3
04,	2,	6,	1,	81,	uso_300ms_75.wav,	8,	353,	9.87,	1.382260799407959,	15,	0.3
04,	2,	6,	1,	82,	uso_300ms_46.wav,	3,	191,	4.47,	1.6701457500457764,	15,	0.3
04,	2,	6,	1,	83,	uso_300ms_56.wav,	0,	124,	2.23,	1.2564363479614258,	15,	0.3
04,	2,	6,	1,	84,	uso_300ms_50.wav,	5,	265,	6.93,	1.5424575805664062,	15,	0.3
04,	2,	6,	1,	85,	uso_300ms_54.wav,	1,	170,	3.77,	1.3375823497772217,	15,	0.3
04,	2,	6,	1,	86,	uso_300ms_14.wav,	2,	209,	5.07,	2.1412034034729004,	15,	0.3
04,	2,	6,	1,	87,	uso_300ms_42.wav,	7,	406,	11.63,	1.8405206203460693,	15,	0.3
04,	2,	6,	1,	88,	uso_300ms_17.wav,	4,	258,	6.7,	1.4240756034851074,	15,	0.3
04,	2,	6,	1,	89,	uso_300ms_18.wav,	5,	307,	8.33,	1.4063260555267334,	15,	0.3
04,	2,	6,	1,	90,	uso_300ms_95.wav,	9,	437,	12.67,	1.7447922229766846,	15,	0.3
04,	2,	6,	1,	91,	uso_300ms_98.wav,	10,	408,	11.7,	1.238309383392334,	15,	0.3
04,	2,	6,	1,	92,	uso_300ms_56.wav,	1,	234,	5.9,	2.4742543697357178,	15,	0.3
04,	2,	6,	1,	93,	uso_300ms_36.wav,	2,	195,	4.6,	1.8561689853668213,	15,	0.3
04,	2,	6,	1,	94,	uso_300ms_76.wav,	7,	318,	8.7,	1.5460078716278076,	15,	0.3
04,	2,	6,	1,	95,	uso_300ms_6.wav,	8,	348,	9.7,	1.3378901481628418,	15,	0.3
04,	2,	6,	1,	96,	uso_300ms_73.wav,	0,	141,	2.8,	1.9907677173614502,	15,	0.3
04,	2,	6,	1,	97,	uso_300ms_73.wav,	6,	323,	8.87,	2.0466301441192627,	15,	0.3
04,	2,	6,	1,	98,	uso_300ms_70.wav,	4,	260,	6.77,	1.3127036094665527,	15,	0.3
04,	2,	6,	1,	99,	uso_300ms_82.wav,	3,	184,	4.23,	1.8576481342315674,	15,	0.3
04,	2,	6,	1,	100,	uso_300ms_69.wav,	1,	145,	2.93,	1.7087724208831787,	15,	0.3
04,	2,	6,	1,	101,	uso_300ms_1.wav,	5,	278,	7.37,	1.5904014110565186,	15,	0.3
04,	2,	6,	1,	102,	uso_300ms_35.wav,	3,	215,	5.27,	2.0427310466766357,	15,	0.3
04,	2,	6,	1,	103,	uso_300ms_80.wav,	10,	396,	11.3,	1.965590238571167,	15,	0.3
04,	2,	6,	1,	104,	uso_300ms_48.wav,	4,	266,	6.97,	1.8433928489685059,	15,	0.3
04,	2,	6,	1,	105,	uso_300ms_50.wav,	6,	357,	10.0,	1.4835748672485352,	15,	0.3
04,	2,	6,	1,	106,	uso_300ms_96.wav,	7,	399,	11.4,	2.2762622833251953,	15,	0.3
04,	2,	6,	1,	107,	uso_300ms_84.wav,	0,	131,	2.47,	2.49572491645813,	15,	0.3
04,	2,	6,	1,	108,	uso_300ms_61.wav,	9,	366,	10.3,	2.3377442359924316,	15,	0.3
04,	2,	6,	1,	109,	uso_300ms_52.wav,	8,	334,	9.23,	1.9442386627197266,	15,	0.3
04,	2,	6,	1,	110,	uso_300ms_85.wav,	2,	246,	6.3,	1.513730525970459,	15,	0.3
04,	2,	6,	1,	111,	uso_300ms_10.wav,	3,	193,	4.53,	1.3602263927459717,	15,	0.3
04,	2,	6,	1,	112,	uso_300ms_64.wav,	4,	270,	7.1,	1.4128944873809814,	15,	0.3
04,	2,	6,	1,	113,	uso_300ms_24.wav,	9,	361,	10.13,	1.4710183143615723,	15,	0.3
04,	2,	6,	1,	114,	uso_300ms_41.wav,	8,	399,	11.4,	1.4191091060638428,	15,	0.3
04,	2,	6,	1,	115,	uso_300ms_94.wav,	6,	346,	9.63,	1.0872917175292969,	15,	0.3
04,	2,	6,	1,	116,	uso_300ms_42.wav,	7,	386,	10.97,	1.2288074493408203,	15,	0.3
04,	2,	6,	1,	117,	uso_300ms_21.wav,	5,	273,	7.2,	1.6043827533721924,	15,	0.3
04,	2,	6,	1,	118,	uso_300ms_93.wav,	1,	162,	3.5,	2.71464204788208,	15,	0.3
04,	2,	6,	1,	119,	uso_300ms_94.wav,	10,	346,	9.63,	1.9617204666137695,	15,	0.3
04,	2,	6,	1,	120,	uso_300ms_17.wav,	0,	123,	2.2,	2.6665492057800293,	15,	0.3
04,	2,	6,	1,	121,	uso_300ms_29.wav,	2,	174,	3.9,	1.4262351989746094,	15,	0.3
04,	2,	6,	1,	122,	uso_300ms_62.wav,	7,	322,	8.83,	1.5569665431976318,	15,	0.3
04,	2,	6,	1,	123,	uso_300ms_69.wav,	3,	202,	4.83,	1.4056808948516846,	15,	0.3
04,	2,	6,	1,	124,	uso_300ms_27.wav,	9,	344,	9.57,	1.5316154956817627,	15,	0.3
04,	2,	6,	1,	125,	uso_300ms_95.wav,	5,	253,	6.53,	1.4667420387268066,	15,	0.3
04,	2,	6,	1,	126,	uso_300ms_76.wav,	8,	405,	11.6,	1.8405320644378662,	15,	0.3
04,	2,	6,	1,	127,	uso_300ms_39.wav,	10,	447,	13.0,	1.6882779598236084,	15,	0.3
04,	2,	6,	1,	128,	uso_300ms_36.wav,	2,	285,	7.6,	1.6305549144744873,	15,	0.3
04,	2,	6,	1,	129,	uso_300ms_38.wav,	4,	358,	10.03,	1.647268533706665,	15,	0.3
04,	2,	6,	1,	130,	uso_300ms_58.wav,	1,	162,	3.5,	1.8772356510162354,	15,	0.3
04,	2,	6,	1,	131,	uso_300ms_26.wav,	6,	291,	7.8,	1.7093980312347412,	15,	0.3
04,	2,	6,	1,	132,	uso_300ms_59.wav,	0,	113,	1.87,	2.2516226768493652,	15,	0.3
04,	2,	6,	1,	133,	uso_300ms_13.wav,	5,	253,	6.53,	1.8076820373535156,	15,	0.3
04,	2,	6,	1,	134,	uso_300ms_38.wav,	9,	385,	10.93,	1.633493185043335,	15,	0.3
04,	2,	6,	1,	135,	uso_300ms_87.wav,	3,	249,	6.4,	1.5622732639312744,	15,	0.3
04,	2,	6,	1,	136,	uso_300ms_61.wav,	2,	210,	5.1,	1.3282747268676758,	15,	0.3
04,	2,	6,	1,	137,	uso_300ms_24.wav,	4,	286,	7.63,	1.6573195457458496,	15,	0.3
04,	2,	6,	1,	138,	uso_300ms_83.wav,	0,	120,	2.1,	1.7464447021484375,	15,	0.3
04,	2,	6,	1,	139,	uso_300ms_29.wav,	10,	418,	12.03,	2.452446460723877,	15,	0.3
04,	2,	6,	1,	140,	uso_300ms_79.wav,	8,	362,	10.17,	1.2735719680786133,	15,	0.3
04,	2,	6,	1,	141,	uso_300ms_72.wav,	1,	156,	3.3,	2.1981022357940674,	15,	0.3
04,	2,	6,	1,	142,	uso_300ms_92.wav,	6,	287,	7.67,	1.495185375213623,	15,	0.3
04,	2,	6,	1,	143,	uso_300ms_81.wav,	7,	456,	13.3,	1.6617660522460938,	15,	0.3
04,	2,	6,	1,	144,	uso_300ms_82.wav,	0,	121,	2.13,	2.703350782394409,	15,	0.3
04,	2,	6,	1,	145,	uso_300ms_32.wav,	10,	415,	11.93,	2.4660072326660156,	15,	0.3
04,	2,	6,	1,	146,	uso_300ms_13.wav,	8,	386,	10.97,	1.0162343978881836,	15,	0.3
04,	2,	6,	1,	147,	uso_300ms_85.wav,	7,	427,	12.33,	1.6591954231262207,	15,	0.3
04,	2,	6,	1,	148,	uso_300ms_42.wav,	2,	217,	5.33,	1.8894500732421875,	15,	0.3
04,	2,	6,	1,	149,	uso_300ms_13.wav,	6,	354,	9.9,	1.8047480583190918,	15,	0.3
04,	2,	6,	1,	150,	uso_300ms_41.wav,	4,	274,	7.23,	1.4404499530792236,	15,	0.3
04,	2,	6,	1,	151,	uso_300ms_29.wav,	1,	145,	2.93,	1.6965069770812988,	15,	0.3
04,	2,	6,	1,	152,	uso_300ms_13.wav,	3,	186,	4.3,	1.6758005619049072,	15,	0.3
04,	2,	6,	1,	153,	uso_300ms_44.wav,	5,	243,	6.2,	1.1250660419464111,	15,	0.3
04,	2,	6,	1,	154,	uso_300ms_95.wav,	9,	369,	10.4,	1.705857753753662,	15,	0.3
04,	2,	6,	1,	155,	uso_300ms_58.wav,	7,	329,	9.07,	1.1990821361541748,	15,	0.3
04,	2,	6,	1,	156,	uso_300ms_70.wav,	5,	275,	7.27,	2.1037163734436035,	15,	0.3
04,	2,	6,	1,	157,	uso_300ms_19.wav,	2,	149,	3.07,	1.8347506523132324,	15,	0.3
04,	2,	6,	1,	158,	uso_300ms_75.wav,	10,	235,	5.93,	1.4298090934753418,	15,	0.3
04,	2,	6,	1,	159,	uso_300ms_19.wav,	6,	281,	7.47,	1.0196223258972168,	15,	0.3
04,	2,	6,	1,	160,	uso_300ms_9.wav,	8,	410,	11.77,	1.6026103496551514,	15,	0.3
04,	2,	6,	1,	161,	uso_300ms_12.wav,	4,	246,	6.3,	1.7110068798065186,	15,	0.3
04,	2,	6,	1,	162,	uso_300ms_3.wav,	0,	123,	2.2,	1.6044912338256836,	15,	0.3
04,	2,	6,	1,	163,	uso_300ms_100.wav,	3,	225,	5.6,	1.486302137374878,	15,	0.3
04,	2,	6,	1,	164,	uso_300ms_69.wav,	9,	396,	11.3,	1.7837135791778564,	15,	0.3
04,	2,	6,	1,	165,	uso_300ms_34.wav,	1,	175,	3.93,	1.8270478248596191,	15,	0.3
