sub_id,cond_id,block_id,task_id,event_id,stim_id,speaker_id,led_id,led_distance,response_time,n_reps,isi
04,	2,	2,	3,	1,	uso_300ms_51.wav,	5,	221,	5.47,	3.7851126194000244,	15,	0.3
04,	2,	2,	3,	2,	uso_300ms_82.wav,	9,	367,	10.33,	2.1474053859710693,	15,	0.3
04,	2,	2,	3,	3,	uso_300ms_89.wav,	7,	272,	7.17,	2.071267604827881,	15,	0.3
04,	2,	2,	3,	4,	uso_300ms_79.wav,	8,	365,	10.27,	2.6676862239837646,	15,	0.3
04,	2,	2,	3,	5,	uso_300ms_48.wav,	6,	420,	12.1,	3.0212247371673584,	15,	0.3
04,	2,	2,	3,	6,	uso_300ms_57.wav,	7,	276,	7.3,	2.1633050441741943,	15,	0.3
04,	2,	2,	3,	7,	uso_300ms_55.wav,	9,	340,	9.43,	3.135495901107788,	15,	0.3
04,	2,	2,	3,	8,	uso_300ms_81.wav,	5,	238,	6.03,	3.164280414581299,	15,	0.3
04,	2,	2,	3,	9,	uso_300ms_84.wav,	6,	147,	3.0,	2.3917369842529297,	15,	0.3
04,	2,	2,	3,	10,	uso_300ms_96.wav,	8,	239,	6.07,	2.179967164993286,	15,	0.3
04,	2,	2,	3,	11,	uso_300ms_27.wav,	9,	319,	8.73,	4.2492663860321045,	15,	0.3
04,	2,	2,	3,	12,	uso_300ms_19.wav,	6,	217,	5.33,	2.2492010593414307,	15,	0.3
04,	2,	2,	3,	13,	uso_300ms_27.wav,	5,	282,	7.5,	1.7550272941589355,	15,	0.3
04,	2,	2,	3,	14,	uso_300ms_57.wav,	8,	333,	9.2,	4.601026773452759,	15,	0.3
04,	2,	2,	3,	15,	uso_300ms_91.wav,	7,	273,	7.2,	3.13435959815979,	15,	0.3
04,	2,	2,	3,	16,	uso_300ms_2.wav,	5,	149,	3.07,	1.970618724822998,	15,	0.3
04,	2,	2,	3,	17,	uso_300ms_3.wav,	9,	207,	5.0,	3.6453449726104736,	15,	0.3
04,	2,	2,	3,	18,	uso_300ms_10.wav,	6,	152,	3.17,	3.2139790058135986,	15,	0.3
04,	2,	2,	3,	19,	uso_300ms_48.wav,	7,	358,	10.03,	2.3838369846343994,	15,	0.3
04,	2,	2,	3,	20,	uso_300ms_35.wav,	8,	271,	7.13,	3.0295250415802,	15,	0.3
04,	2,	2,	3,	21,	uso_300ms_85.wav,	7,	320,	8.77,	2.3680973052978516,	15,	0.3
04,	2,	2,	3,	22,	uso_300ms_45.wav,	5,	361,	10.13,	2.1173954010009766,	15,	0.3
04,	2,	2,	3,	23,	uso_300ms_62.wav,	9,	416,	11.97,	1.4603941440582275,	15,	0.3
04,	2,	2,	3,	24,	uso_300ms_66.wav,	6,	344,	9.57,	1.93941330909729,	15,	0.3
04,	2,	2,	3,	25,	uso_300ms_86.wav,	8,	254,	6.57,	1.7823362350463867,	15,	0.3
04,	2,	2,	3,	26,	uso_300ms_58.wav,	7,	153,	3.2,	2.326390266418457,	15,	0.3
04,	2,	2,	3,	27,	uso_300ms_53.wav,	5,	226,	5.63,	2.9430642127990723,	15,	0.3
04,	2,	2,	3,	28,	uso_300ms_57.wav,	9,	415,	11.93,	2.2749288082122803,	15,	0.3
04,	2,	2,	3,	29,	uso_300ms_58.wav,	6,	319,	8.73,	1.695436954498291,	15,	0.3
04,	2,	2,	3,	30,	uso_300ms_75.wav,	8,	207,	5.0,	2.1768369674682617,	15,	0.3
04,	2,	2,	3,	31,	uso_300ms_24.wav,	7,	298,	8.03,	2.407069444656372,	15,	0.3
04,	2,	2,	3,	32,	uso_300ms_91.wav,	6,	387,	11.0,	3.875628709793091,	15,	0.3
04,	2,	2,	3,	33,	uso_300ms_100.wav,	9,	419,	12.07,	1.592944860458374,	15,	0.3
04,	2,	2,	3,	34,	uso_300ms_20.wav,	5,	345,	9.6,	3.0368411540985107,	15,	0.3
04,	2,	2,	3,	35,	uso_300ms_1.wav,	8,	432,	12.5,	2.604511022567749,	15,	0.3
04,	2,	2,	3,	36,	uso_300ms_81.wav,	6,	238,	6.03,	2.6781697273254395,	15,	0.3
04,	2,	2,	3,	37,	uso_300ms_83.wav,	8,	342,	9.5,	2.661430835723877,	15,	0.3
04,	2,	2,	3,	38,	uso_300ms_54.wav,	5,	141,	2.8,	3.396029472351074,	15,	0.3
04,	2,	2,	3,	39,	uso_300ms_60.wav,	9,	267,	7.0,	2.3707330226898193,	15,	0.3
04,	2,	2,	3,	40,	uso_300ms_82.wav,	7,	164,	3.57,	2.647037982940674,	15,	0.3
04,	2,	2,	3,	41,	uso_300ms_82.wav,	6,	164,	3.57,	1.385838270187378,	15,	0.3
04,	2,	2,	3,	42,	uso_300ms_87.wav,	5,	246,	6.3,	3.1527748107910156,	15,	0.3
04,	2,	2,	3,	43,	uso_300ms_69.wav,	8,	431,	12.47,	2.170694589614868,	15,	0.3
04,	2,	2,	3,	44,	uso_300ms_92.wav,	9,	332,	9.17,	2.472947120666504,	15,	0.3
04,	2,	2,	3,	45,	uso_300ms_57.wav,	7,	259,	6.73,	3.1784958839416504,	15,	0.3
04,	2,	2,	3,	46,	uso_300ms_97.wav,	6,	312,	8.5,	3.84319806098938,	15,	0.3
04,	2,	2,	3,	47,	uso_300ms_43.wav,	8,	190,	4.43,	2.507328748703003,	15,	0.3
04,	2,	2,	3,	48,	uso_300ms_97.wav,	5,	127,	2.33,	2.2357590198516846,	15,	0.3
04,	2,	2,	3,	49,	uso_300ms_15.wav,	7,	216,	5.3,	1.5205285549163818,	15,	0.3
04,	2,	2,	3,	50,	uso_300ms_61.wav,	9,	363,	10.2,	1.7369582653045654,	15,	0.3
04,	2,	2,	3,	51,	uso_300ms_61.wav,	6,	363,	10.2,	1.308373212814331,	15,	0.3
04,	2,	2,	3,	52,	uso_300ms_32.wav,	9,	298,	8.03,	2.3345561027526855,	15,	0.3
04,	2,	2,	3,	53,	uso_300ms_77.wav,	8,	267,	7.0,	2.466967821121216,	15,	0.3
04,	2,	2,	3,	54,	uso_300ms_92.wav,	5,	198,	4.7,	2.748084306716919,	15,	0.3
04,	2,	2,	3,	55,	uso_300ms_26.wav,	7,	278,	7.37,	2.4801411628723145,	15,	0.3
04,	2,	2,	3,	56,	uso_300ms_60.wav,	6,	252,	6.5,	2.5265371799468994,	15,	0.3
04,	2,	2,	3,	57,	uso_300ms_86.wav,	9,	194,	4.57,	3.668178081512451,	15,	0.3
04,	2,	2,	3,	58,	uso_300ms_75.wav,	5,	150,	3.1,	1.6336967945098877,	15,	0.3
04,	2,	2,	3,	59,	uso_300ms_45.wav,	7,	199,	4.73,	2.229703426361084,	15,	0.3
04,	2,	2,	3,	60,	uso_300ms_31.wav,	8,	250,	6.43,	2.2070376873016357,	15,	0.3
04,	2,	2,	3,	61,	uso_300ms_65.wav,	5,	362,	10.17,	4.360986232757568,	15,	0.3
04,	2,	2,	3,	62,	uso_300ms_8.wav,	8,	251,	6.47,	4.09691596031189,	15,	0.3
04,	2,	2,	3,	63,	uso_300ms_89.wav,	6,	144,	2.9,	1.8826711177825928,	15,	0.3
04,	2,	2,	3,	64,	uso_300ms_76.wav,	7,	210,	5.1,	1.3912227153778076,	15,	0.3
04,	2,	2,	3,	65,	uso_300ms_15.wav,	9,	232,	5.83,	4.5313005447387695,	15,	0.3
04,	2,	2,	3,	66,	uso_300ms_56.wav,	7,	163,	3.53,	2.2112529277801514,	15,	0.3
04,	2,	2,	3,	67,	uso_300ms_82.wav,	8,	295,	7.93,	2.802584171295166,	15,	0.3
04,	2,	2,	3,	68,	uso_300ms_61.wav,	9,	375,	10.6,	1.8724792003631592,	15,	0.3
04,	2,	2,	3,	69,	uso_300ms_42.wav,	6,	236,	5.97,	2.941678762435913,	15,	0.3
04,	2,	2,	3,	70,	uso_300ms_77.wav,	5,	321,	8.8,	3.2068333625793457,	15,	0.3
04,	2,	2,	3,	71,	uso_300ms_38.wav,	6,	321,	8.8,	4.848309278488159,	15,	0.3
04,	2,	2,	3,	72,	uso_300ms_75.wav,	7,	252,	6.5,	2.3210880756378174,	15,	0.3
04,	2,	2,	3,	73,	uso_300ms_35.wav,	8,	317,	8.67,	3.51373291015625,	15,	0.3
04,	2,	2,	3,	74,	uso_300ms_73.wav,	5,	178,	4.03,	2.041416883468628,	15,	0.3
04,	2,	2,	3,	75,	uso_300ms_12.wav,	9,	317,	8.67,	2.270087242126465,	15,	0.3
