sub_id,cond_id,block_id,task_id,event_id,stim_id,speaker_id,led_id,led_distance,response_time,n_reps,isi
04,	2,	4,	3,	1,	uso_300ms_97.wav,	8,	383,	10.87,	5.192376375198364,	15,	0.3
04,	2,	4,	3,	2,	uso_300ms_38.wav,	6,	290,	7.77,	2.3707334995269775,	15,	0.3
04,	2,	4,	3,	3,	uso_300ms_18.wav,	9,	418,	12.03,	2.5393879413604736,	15,	0.3
04,	2,	4,	3,	4,	uso_300ms_93.wav,	5,	332,	9.17,	1.9509179592132568,	15,	0.3
04,	2,	4,	3,	5,	uso_300ms_87.wav,	7,	275,	7.27,	2.906172513961792,	15,	0.3
04,	2,	4,	3,	6,	uso_300ms_36.wav,	9,	393,	11.2,	2.345289468765259,	15,	0.3
04,	2,	4,	3,	7,	uso_300ms_42.wav,	5,	287,	7.67,	1.8368895053863525,	15,	0.3
04,	2,	4,	3,	8,	uso_300ms_94.wav,	8,	381,	10.8,	2.649556875228882,	15,	0.3
04,	2,	4,	3,	9,	uso_300ms_16.wav,	7,	437,	12.67,	3.3060226440429688,	15,	0.3
04,	2,	4,	3,	10,	uso_300ms_80.wav,	6,	334,	9.23,	3.596086263656616,	15,	0.3
04,	2,	4,	3,	11,	uso_300ms_3.wav,	5,	399,	11.4,	2.4280169010162354,	15,	0.3
04,	2,	4,	3,	12,	uso_300ms_38.wav,	7,	282,	7.5,	2.5230934619903564,	15,	0.3
04,	2,	4,	3,	13,	uso_300ms_55.wav,	9,	350,	9.77,	2.8071742057800293,	15,	0.3
04,	2,	4,	3,	14,	uso_300ms_11.wav,	8,	286,	7.63,	1.7682950496673584,	15,	0.3
04,	2,	4,	3,	15,	uso_300ms_49.wav,	6,	245,	6.27,	1.9085650444030762,	15,	0.3
04,	2,	4,	3,	16,	uso_300ms_45.wav,	8,	396,	11.3,	2.462252140045166,	15,	0.3
04,	2,	4,	3,	17,	uso_300ms_72.wav,	5,	300,	8.1,	2.6891226768493652,	15,	0.3
04,	2,	4,	3,	18,	uso_300ms_8.wav,	7,	343,	9.53,	2.407470941543579,	15,	0.3
04,	2,	4,	3,	19,	uso_300ms_43.wav,	9,	427,	12.33,	1.59425950050354,	15,	0.3
04,	2,	4,	3,	20,	uso_300ms_88.wav,	6,	323,	8.87,	1.5143046379089355,	15,	0.3
04,	2,	4,	3,	21,	uso_300ms_82.wav,	7,	264,	6.9,	1.4897396564483643,	15,	0.3
04,	2,	4,	3,	22,	uso_300ms_25.wav,	6,	236,	5.97,	2.1465048789978027,	15,	0.3
04,	2,	4,	3,	23,	uso_300ms_88.wav,	9,	367,	10.33,	2.073646068572998,	15,	0.3
04,	2,	4,	3,	24,	uso_300ms_79.wav,	8,	348,	9.7,	2.9808287620544434,	15,	0.3
04,	2,	4,	3,	25,	uso_300ms_15.wav,	5,	278,	7.37,	1.965618371963501,	15,	0.3
04,	2,	4,	3,	26,	uso_300ms_75.wav,	8,	246,	6.3,	1.3179621696472168,	15,	0.3
04,	2,	4,	3,	27,	uso_300ms_89.wav,	9,	399,	11.4,	2.0666096210479736,	15,	0.3
04,	2,	4,	3,	28,	uso_300ms_82.wav,	6,	376,	10.63,	2.621619939804077,	15,	0.3
04,	2,	4,	3,	29,	uso_300ms_80.wav,	5,	287,	7.67,	2.8709230422973633,	15,	0.3
04,	2,	4,	3,	30,	uso_300ms_52.wav,	7,	384,	10.9,	4.193176031112671,	15,	0.3
04,	2,	4,	3,	31,	uso_300ms_30.wav,	6,	260,	6.77,	1.9938371181488037,	15,	0.3
04,	2,	4,	3,	32,	uso_300ms_72.wav,	5,	223,	5.53,	1.3537371158599854,	15,	0.3
04,	2,	4,	3,	33,	uso_300ms_92.wav,	8,	361,	10.13,	2.0315656661987305,	15,	0.3
04,	2,	4,	3,	34,	uso_300ms_48.wav,	7,	311,	8.47,	2.485764741897583,	15,	0.3
04,	2,	4,	3,	35,	uso_300ms_98.wav,	9,	403,	11.53,	1.7337145805358887,	15,	0.3
04,	2,	4,	3,	36,	uso_300ms_22.wav,	6,	329,	9.07,	1.473642110824585,	15,	0.3
04,	2,	4,	3,	37,	uso_300ms_9.wav,	7,	400,	11.43,	1.5381269454956055,	15,	0.3
04,	2,	4,	3,	38,	uso_300ms_86.wav,	5,	349,	9.73,	1.7132298946380615,	15,	0.3
04,	2,	4,	3,	39,	uso_300ms_33.wav,	9,	398,	11.37,	2.6273601055145264,	15,	0.3
04,	2,	4,	3,	40,	uso_300ms_59.wav,	8,	431,	12.47,	1.3466248512268066,	15,	0.3
04,	2,	4,	3,	41,	uso_300ms_62.wav,	9,	444,	12.9,	2.3426575660705566,	15,	0.3
04,	2,	4,	3,	42,	uso_300ms_68.wav,	8,	391,	11.13,	2.4198858737945557,	15,	0.3
04,	2,	4,	3,	43,	uso_300ms_64.wav,	6,	227,	5.67,	2.333217144012451,	15,	0.3
04,	2,	4,	3,	44,	uso_300ms_37.wav,	5,	200,	4.77,	2.0131664276123047,	15,	0.3
04,	2,	4,	3,	45,	uso_300ms_78.wav,	7,	285,	7.6,	1.5512983798980713,	15,	0.3
04,	2,	4,	3,	46,	uso_300ms_17.wav,	6,	328,	9.03,	1.0804519653320312,	15,	0.3
04,	2,	4,	3,	47,	uso_300ms_35.wav,	9,	383,	10.87,	1.4271531105041504,	15,	0.3
04,	2,	4,	3,	48,	uso_300ms_2.wav,	7,	431,	12.47,	1.933133602142334,	15,	0.3
04,	2,	4,	3,	49,	uso_300ms_58.wav,	5,	367,	10.33,	1.958282232284546,	15,	0.3
04,	2,	4,	3,	50,	uso_300ms_27.wav,	8,	401,	11.47,	2.4121005535125732,	15,	0.3
04,	2,	4,	3,	51,	uso_300ms_50.wav,	6,	357,	10.0,	2.6402249336242676,	15,	0.3
04,	2,	4,	3,	52,	uso_300ms_65.wav,	7,	420,	12.1,	1.5829288959503174,	15,	0.3
04,	2,	4,	3,	53,	uso_300ms_8.wav,	5,	380,	10.77,	2.0805130004882812,	15,	0.3
04,	2,	4,	3,	54,	uso_300ms_7.wav,	9,	443,	12.87,	1.5158329010009766,	15,	0.3
04,	2,	4,	3,	55,	uso_300ms_58.wav,	8,	416,	11.97,	1.399223804473877,	15,	0.3
04,	2,	4,	3,	56,	uso_300ms_94.wav,	7,	342,	9.5,	2.0110840797424316,	15,	0.3
04,	2,	4,	3,	57,	uso_300ms_16.wav,	5,	293,	7.87,	2.061831474304199,	15,	0.3
04,	2,	4,	3,	58,	uso_300ms_92.wav,	8,	376,	10.63,	1.9870049953460693,	15,	0.3
04,	2,	4,	3,	59,	uso_300ms_99.wav,	9,	416,	11.97,	2.3122971057891846,	15,	0.3
04,	2,	4,	3,	60,	uso_300ms_88.wav,	6,	331,	9.13,	2.060100555419922,	15,	0.3
04,	2,	4,	3,	61,	uso_300ms_82.wav,	9,	434,	12.57,	1.8431463241577148,	15,	0.3
04,	2,	4,	3,	62,	uso_300ms_97.wav,	5,	270,	7.1,	2.4910171031951904,	15,	0.3
04,	2,	4,	3,	63,	uso_300ms_21.wav,	6,	342,	9.5,	1.9747521877288818,	15,	0.3
04,	2,	4,	3,	64,	uso_300ms_78.wav,	8,	282,	7.5,	2.9982404708862305,	15,	0.3
04,	2,	4,	3,	65,	uso_300ms_28.wav,	7,	306,	8.3,	1.8907978534698486,	15,	0.3
04,	2,	4,	3,	66,	uso_300ms_86.wav,	6,	284,	7.57,	2.5386452674865723,	15,	0.3
04,	2,	4,	3,	67,	uso_300ms_99.wav,	5,	363,	10.2,	1.5597708225250244,	15,	0.3
04,	2,	4,	3,	68,	uso_300ms_51.wav,	9,	444,	12.9,	2.1285409927368164,	15,	0.3
04,	2,	4,	3,	69,	uso_300ms_10.wav,	8,	395,	11.27,	1.646996021270752,	15,	0.3
04,	2,	4,	3,	70,	uso_300ms_44.wav,	7,	334,	9.23,	3.3055663108825684,	15,	0.3
04,	2,	4,	3,	71,	uso_300ms_87.wav,	9,	429,	12.4,	2.511869430541992,	15,	0.3
04,	2,	4,	3,	72,	uso_300ms_38.wav,	8,	378,	10.7,	1.6548819541931152,	15,	0.3
04,	2,	4,	3,	73,	uso_300ms_18.wav,	6,	292,	7.83,	1.6085727214813232,	15,	0.3
04,	2,	4,	3,	74,	uso_300ms_26.wav,	7,	363,	10.2,	1.3126311302185059,	15,	0.3
04,	2,	4,	3,	75,	uso_300ms_47.wav,	5,	296,	7.97,	2.064528465270996,	15,	0.3
