sub_id,cond_id,block_id,task_id,event_id,stim_id,speaker_id,led_id,led_distance,response_time,n_reps,isi
04,	2,	3,	3,	1,	uso_300ms_98.wav,	5,	90.00604800000002,	1.1,	nan,	90,	2
04,	2,	3,	3,	2,	uso_300ms_35.wav,	5,	144.30119100000005,	2.91,	nan,	90,	2
04,	2,	3,	3,	3,	uso_300ms_14.wav,	6,	299.0510939999999,	8.07,	nan,	90,	2
04,	2,	3,	3,	4,	uso_300ms_53.wav,	8,	370.8170539999998,	10.46,	nan,	90,	2
04,	2,	3,	3,	5,	uso_300ms_59.wav,	8,	358.1416359999997,	10.04,	nan,	90,	2
04,	2,	3,	3,	6,	uso_300ms_99.wav,	7,	329.03569899999974,	9.07,	nan,	90,	2
04,	2,	3,	3,	7,	uso_300ms_39.wav,	8,	355.9982219999997,	9.97,	nan,	90,	2
04,	2,	3,	3,	8,	uso_300ms_90.wav,	8,	355.9982219999997,	9.97,	nan,	90,	2
04,	2,	3,	3,	9,	uso_300ms_2.wav,	7,	325.85358999999954,	8.96,	nan,	90,	2
04,	2,	3,	3,	10,	uso_300ms_93.wav,	6,	309.76576999999946,	8.43,	nan,	90,	2
04,	2,	3,	3,	11,	uso_300ms_5.wav,	6,	312.14491599999945,	8.5,	nan,	90,	2
04,	2,	3,	3,	12,	uso_300ms_27.wav,	8,	342.6554869999995,	9.52,	nan,	90,	2
04,	2,	3,	3,	13,	uso_300ms_73.wav,	7,	338.60906699999947,	9.39,	nan,	90,	2
04,	2,	3,	3,	14,	uso_300ms_92.wav,	7,	338.60906699999947,	9.39,	nan,	90,	2
04,	2,	3,	3,	15,	uso_300ms_39.wav,	7,	335.60906699999947,	9.29,	nan,	90,	2
04,	2,	3,	3,	16,	uso_300ms_83.wav,	7,	329.60906699999947,	9.09,	nan,	90,	2
04,	2,	3,	3,	17,	uso_300ms_38.wav,	5,	277.86670499999946,	7.36,	nan,	90,	2
04,	2,	3,	3,	18,	uso_300ms_78.wav,	5,	236.55434299999945,	5.99,	nan,	90,	2
04,	2,	3,	3,	19,	uso_300ms_13.wav,	9,	446.84968699999934,	12.99,	nan,	90,	2
04,	2,	3,	3,	20,	uso_300ms_67.wav,	9,	446.8557349999993,	13.0,	nan,	90,	2
04,	2,	3,	3,	21,	uso_300ms_96.wav,	9,	446.8557349999993,	13.0,	nan,	90,	2
04,	2,	3,	3,	22,	uso_300ms_80.wav,	9,	450.69169999999934,	13.12,	nan,	90,	2
04,	2,	3,	3,	23,	uso_300ms_95.wav,	9,	450.69169999999934,	13.12,	nan,	90,	2
04,	2,	3,	3,	24,	uso_300ms_43.wav,	9,	414.80804099999926,	11.93,	nan,	90,	2
04,	2,	3,	3,	25,	uso_300ms_39.wav,	9,	382.4402299999993,	10.85,	nan,	90,	2
04,	2,	3,	3,	26,	uso_300ms_41.wav,	8,	365.64011099999937,	10.29,	nan,	90,	2
04,	2,	3,	3,	27,	uso_300ms_54.wav,	8,	365.64011099999937,	10.29,	nan,	90,	2
04,	2,	3,	3,	28,	uso_300ms_31.wav,	7,	337.0521389999993,	9.34,	nan,	90,	2
04,	2,	3,	3,	29,	uso_300ms_85.wav,	7,	337.0521389999993,	9.34,	nan,	90,	2
04,	2,	3,	3,	30,	uso_300ms_19.wav,	6,	304.34319699999924,	8.24,	nan,	90,	2
04,	2,	3,	3,	31,	uso_300ms_6.wav,	6,	304.34319699999924,	8.24,	nan,	90,	2
04,	2,	3,	3,	32,	uso_300ms_30.wav,	6,	304.34319699999924,	8.24,	nan,	90,	2
04,	2,	3,	3,	33,	uso_300ms_35.wav,	8,	363.3062759999993,	10.21,	nan,	90,	2
04,	2,	3,	3,	34,	uso_300ms_61.wav,	8,	363.3062759999993,	10.21,	nan,	90,	2
04,	2,	3,	3,	35,	uso_300ms_100.wav,	6,	299.3040229999993,	8.08,	nan,	90,	2
04,	2,	3,	3,	36,	uso_300ms_15.wav,	5,	258.9728929999993,	6.73,	nan,	90,	2
04,	2,	3,	3,	37,	uso_300ms_78.wav,	5,	259.8915239999992,	6.76,	nan,	90,	2
04,	2,	3,	3,	38,	uso_300ms_10.wav,	5,	259.8915239999992,	6.76,	nan,	90,	2
04,	2,	3,	3,	39,	uso_300ms_97.wav,	5,	259.8915239999992,	6.76,	nan,	90,	2
04,	2,	3,	3,	40,	uso_300ms_21.wav,	5,	259.8915239999992,	6.76,	nan,	90,	2
04,	2,	3,	3,	41,	uso_300ms_56.wav,	5,	259.8915239999992,	6.76,	nan,	90,	2
04,	2,	3,	3,	42,	uso_300ms_28.wav,	5,	259.8915239999992,	6.76,	nan,	90,	2
04,	2,	3,	3,	43,	uso_300ms_16.wav,	5,	259.8915239999992,	6.76,	nan,	90,	2
04,	2,	3,	3,	44,	uso_300ms_71.wav,	6,	285.88590499999924,	7.63,	nan,	90,	2
04,	2,	3,	3,	45,	uso_300ms_53.wav,	6,	285.88590499999924,	7.63,	nan,	90,	2
04,	2,	3,	3,	46,	uso_300ms_16.wav,	6,	285.88590499999924,	7.63,	nan,	90,	2
04,	2,	3,	3,	47,	uso_300ms_53.wav,	6,	285.88590499999924,	7.63,	nan,	90,	2
04,	2,	3,	3,	48,	uso_300ms_84.wav,	6,	285.88590499999924,	7.63,	nan,	90,	2
04,	2,	3,	3,	49,	uso_300ms_83.wav,	9,	424.86319099999935,	12.26,	nan,	90,	2
04,	2,	3,	3,	50,	uso_300ms_84.wav,	9,	424.86319099999935,	12.26,	nan,	90,	2
04,	2,	3,	3,	51,	uso_300ms_23.wav,	9,	424.86319099999935,	12.26,	nan,	90,	2
04,	2,	3,	3,	52,	uso_300ms_82.wav,	9,	397.7162389999993,	11.36,	nan,	90,	2
04,	2,	3,	3,	53,	uso_300ms_53.wav,	8,	364.0639979999992,	10.24,	nan,	90,	2
04,	2,	3,	3,	54,	uso_300ms_80.wav,	8,	348.05319899999915,	9.7,	nan,	90,	2
04,	2,	3,	3,	55,	uso_300ms_19.wav,	7,	341.35622899999913,	9.48,	nan,	90,	2
04,	2,	3,	3,	56,	uso_300ms_84.wav,	6,	307.7834799999991,	8.36,	nan,	90,	2
04,	2,	3,	3,	57,	uso_300ms_50.wav,	5,	267.6860099999992,	7.02,	nan,	90,	2
04,	2,	3,	3,	58,	uso_300ms_61.wav,	5,	246.2245979999991,	6.31,	nan,	90,	2
04,	2,	3,	3,	59,	uso_300ms_7.wav,	5,	230.7617659999991,	5.79,	nan,	90,	2
04,	2,	3,	3,	60,	uso_300ms_43.wav,	6,	304.2924749999991,	8.24,	nan,	90,	2
04,	2,	3,	3,	61,	uso_300ms_75.wav,	7,	325.36484799999914,	8.95,	nan,	90,	2
04,	2,	3,	3,	62,	uso_300ms_81.wav,	9,	378.3322729999991,	10.71,	nan,	90,	2
04,	2,	3,	3,	63,	uso_300ms_39.wav,	8,	349.41253599999897,	9.75,	nan,	90,	2
04,	2,	3,	3,	64,	uso_300ms_15.wav,	7,	339.1700729999989,	9.41,	nan,	90,	2
04,	2,	3,	3,	65,	uso_300ms_97.wav,	7,	339.1700729999989,	9.41,	nan,	90,	2
04,	2,	3,	3,	66,	uso_300ms_42.wav,	7,	339.1700729999989,	9.41,	nan,	90,	2
04,	2,	3,	3,	67,	uso_300ms_32.wav,	7,	339.1700729999989,	9.41,	nan,	90,	2
04,	2,	3,	3,	68,	uso_300ms_29.wav,	6,	293.8616489999989,	7.9,	nan,	90,	2
04,	2,	3,	3,	69,	uso_300ms_47.wav,	9,	377.41627399999885,	10.68,	nan,	90,	2
04,	2,	3,	3,	70,	uso_300ms_75.wav,	9,	377.41627399999885,	10.68,	nan,	90,	2
04,	2,	3,	3,	71,	uso_300ms_10.wav,	7,	335.15987099999865,	9.27,	nan,	90,	2
04,	2,	3,	3,	72,	uso_300ms_14.wav,	6,	304.1507389999985,	8.24,	nan,	90,	2
04,	2,	3,	3,	73,	uso_300ms_59.wav,	6,	304.1507389999985,	8.24,	nan,	90,	2
04,	2,	3,	3,	74,	uso_300ms_22.wav,	6,	304.1507389999985,	8.24,	nan,	90,	2
04,	2,	3,	3,	75,	uso_300ms_18.wav,	6,	290.6093299999985,	7.79,	nan,	90,	2
04,	2,	3,	3,	76,	uso_300ms_32.wav,	5,	270.2223899999985,	7.11,	nan,	90,	2
04,	2,	3,	3,	77,	uso_300ms_89.wav,	9,	427.8028059999986,	12.36,	nan,	90,	2
04,	2,	3,	3,	78,	uso_300ms_69.wav,	5,	250.55637299999867,	6.45,	nan,	90,	2
04,	2,	3,	3,	79,	uso_300ms_56.wav,	9,	388.46823099999875,	11.05,	nan,	90,	2
04,	2,	3,	3,	80,	uso_300ms_85.wav,	5,	265.5042429999987,	6.95,	nan,	90,	2
04,	2,	3,	3,	81,	uso_300ms_82.wav,	9,	448.1317439999987,	13.04,	nan,	90,	2
04,	2,	3,	3,	82,	uso_300ms_1.wav,	5,	221.62515599999873,	5.49,	nan,	90,	2
04,	2,	3,	3,	83,	uso_300ms_3.wav,	9,	454.9727319999987,	13.27,	nan,	90,	2
04,	2,	3,	3,	84,	uso_300ms_81.wav,	5,	278.9520969999987,	7.4,	nan,	90,	2
04,	2,	3,	3,	85,	uso_300ms_43.wav,	9,	451.21150599999874,	13.14,	nan,	90,	2
04,	2,	3,	3,	86,	uso_300ms_64.wav,	5,	220.69113899999888,	5.46,	nan,	90,	2
04,	2,	3,	3,	87,	uso_300ms_26.wav,	9,	432.79441499999905,	12.53,	nan,	90,	2
04,	2,	3,	3,	88,	uso_300ms_79.wav,	5,	235.08803199999906,	5.94,	nan,	90,	2
04,	2,	3,	3,	89,	uso_300ms_86.wav,	9,	450.128402999999,	13.1,	nan,	90,	2
04,	2,	3,	3,	90,	uso_300ms_82.wav,	5,	268.65541899999903,	7.06,	nan,	90,	2
