sub_id,cond_id,block_id,task_id,event_id,stim_id,speaker_id,led_id,led_distance,response_time,n_reps,isi
26,	2,	5,	3,	1,	uso_300ms_87.wav,	5,	90,	1.1,	nan,	90,	2
26,	2,	5,	3,	2,	uso_300ms_29.wav,	8,	358.1123830000002,	10.04,	nan,	90,	2
26,	2,	5,	3,	3,	uso_300ms_57.wav,	9,	421.75080399999985,	12.16,	nan,	90,	2
26,	2,	5,	3,	4,	uso_300ms_2.wav,	9,	397.3874299999995,	11.35,	nan,	90,	2
26,	2,	5,	3,	5,	uso_300ms_25.wav,	8,	346.98678599999937,	9.67,	nan,	90,	2
26,	2,	5,	3,	6,	uso_300ms_22.wav,	6,	298.5461629999989,	8.05,	nan,	90,	2
26,	2,	5,	3,	7,	uso_300ms_45.wav,	5,	262.6593889999989,	6.86,	nan,	90,	2
26,	2,	5,	3,	8,	uso_300ms_26.wav,	5,	240.45399599999885,	6.12,	nan,	90,	2
26,	2,	5,	3,	9,	uso_300ms_83.wav,	5,	240.45399599999885,	6.12,	nan,	90,	2
26,	2,	5,	3,	10,	uso_300ms_75.wav,	5,	203.15827599999878,	4.87,	nan,	90,	2
26,	2,	5,	3,	11,	uso_300ms_59.wav,	5,	152.92502299999876,	3.2,	nan,	90,	2
26,	2,	5,	3,	12,	uso_300ms_42.wav,	5,	124.10318099999844,	2.24,	nan,	90,	2
26,	2,	5,	3,	13,	uso_300ms_26.wav,	5,	89.12416699999845,	1.07,	nan,	90,	2
26,	2,	5,	3,	14,	uso_300ms_49.wav,	5,	92.55080199999844,	1.19,	nan,	90,	2
26,	2,	5,	3,	15,	uso_300ms_44.wav,	5,	102.55080199999844,	1.52,	nan,	90,	2
26,	2,	5,	3,	16,	uso_300ms_30.wav,	5,	266.85730199999847,	7.0,	nan,	90,	2
26,	2,	5,	3,	17,	uso_300ms_1.wav,	6,	303.3330299999984,	8.21,	nan,	90,	2
26,	2,	5,	3,	18,	uso_300ms_17.wav,	5,	241.91260099999832,	6.16,	nan,	90,	2
26,	2,	5,	3,	19,	uso_300ms_61.wav,	5,	248.67508399999838,	6.39,	nan,	90,	2
26,	2,	5,	3,	20,	uso_300ms_14.wav,	5,	265.7140569999985,	6.96,	nan,	90,	2
26,	2,	5,	3,	21,	uso_300ms_61.wav,	5,	281.2526429999986,	7.48,	nan,	90,	2
26,	2,	5,	3,	22,	uso_300ms_59.wav,	7,	314.9694239999992,	8.6,	nan,	90,	2
26,	2,	5,	3,	23,	uso_300ms_90.wav,	7,	314.10173199999923,	8.57,	nan,	90,	2
26,	2,	5,	3,	24,	uso_300ms_5.wav,	8,	349.2260659999993,	9.74,	nan,	90,	2
26,	2,	5,	3,	25,	uso_300ms_19.wav,	9,	373.9968679999998,	10.57,	nan,	90,	2
26,	2,	5,	3,	26,	uso_300ms_98.wav,	9,	393.82396200000073,	11.23,	nan,	90,	2
26,	2,	5,	3,	27,	uso_300ms_73.wav,	9,	426.37725200000057,	12.31,	nan,	90,	2
26,	2,	5,	3,	28,	uso_300ms_87.wav,	9,	450.70541600000087,	13.12,	nan,	90,	2
26,	2,	5,	3,	29,	uso_300ms_47.wav,	9,	450.70541600000087,	13.12,	nan,	90,	2
26,	2,	5,	3,	30,	uso_300ms_59.wav,	9,	450.70541600000087,	13.12,	nan,	90,	2
26,	2,	5,	3,	31,	uso_300ms_41.wav,	9,	375.09926300000075,	10.6,	nan,	90,	2
26,	2,	5,	3,	32,	uso_300ms_32.wav,	6,	299.82474200000075,	8.09,	nan,	90,	2
26,	2,	5,	3,	33,	uso_300ms_17.wav,	6,	299.8412270000009,	8.09,	nan,	90,	2
26,	2,	5,	3,	34,	uso_300ms_87.wav,	5,	273.9398270000009,	7.23,	nan,	90,	2
26,	2,	5,	3,	35,	uso_300ms_91.wav,	5,	238.6015100000009,	6.05,	nan,	90,	2
26,	2,	5,	3,	36,	uso_300ms_67.wav,	5,	183.7378620000009,	4.22,	nan,	90,	2
26,	2,	5,	3,	37,	uso_300ms_49.wav,	5,	125.54143700000076,	2.28,	nan,	90,	2
26,	2,	5,	3,	38,	uso_300ms_98.wav,	5,	195.37946400000072,	4.61,	nan,	90,	2
26,	2,	5,	3,	39,	uso_300ms_36.wav,	5,	209.00188400000064,	5.07,	nan,	90,	2
26,	2,	5,	3,	40,	uso_300ms_51.wav,	5,	270.9052780000005,	7.13,	nan,	90,	2
26,	2,	5,	3,	41,	uso_300ms_29.wav,	6,	291.4708020000003,	7.82,	nan,	90,	2
26,	2,	5,	3,	42,	uso_300ms_18.wav,	7,	316.08641400000033,	8.64,	nan,	90,	2
26,	2,	5,	3,	43,	uso_300ms_41.wav,	8,	354.35793400000045,	9.91,	nan,	90,	2
26,	2,	5,	3,	44,	uso_300ms_26.wav,	8,	371.42690899999985,	10.48,	nan,	90,	2
26,	2,	5,	3,	45,	uso_300ms_33.wav,	9,	392.51390499999974,	11.18,	nan,	90,	2
26,	2,	5,	3,	46,	uso_300ms_37.wav,	9,	392.5686029999995,	11.19,	nan,	90,	2
26,	2,	5,	3,	47,	uso_300ms_88.wav,	9,	431.5316529999996,	12.48,	nan,	90,	2
26,	2,	5,	3,	48,	uso_300ms_13.wav,	9,	453.8475409999996,	13.23,	nan,	90,	2
26,	2,	5,	3,	49,	uso_300ms_72.wav,	9,	453.8475409999996,	13.23,	nan,	90,	2
26,	2,	5,	3,	50,	uso_300ms_69.wav,	9,	453.8475409999996,	13.23,	nan,	90,	2
26,	2,	5,	3,	51,	uso_300ms_84.wav,	9,	453.8052889999995,	13.23,	nan,	90,	2
26,	2,	5,	3,	52,	uso_300ms_42.wav,	9,	391.97064899999964,	11.17,	nan,	90,	2
26,	2,	5,	3,	53,	uso_300ms_87.wav,	9,	391.97064899999964,	11.17,	nan,	90,	2
26,	2,	5,	3,	54,	uso_300ms_7.wav,	8,	353.84556199999906,	9.89,	nan,	90,	2
26,	2,	5,	3,	55,	uso_300ms_27.wav,	8,	346.88548999999904,	9.66,	nan,	90,	2
26,	2,	5,	3,	56,	uso_300ms_2.wav,	7,	315.213002999999,	8.61,	nan,	90,	2
26,	2,	5,	3,	57,	uso_300ms_56.wav,	6,	307.4712619999993,	8.35,	nan,	90,	2
26,	2,	5,	3,	58,	uso_300ms_83.wav,	6,	285.2389749999995,	7.61,	nan,	90,	2
26,	2,	5,	3,	59,	uso_300ms_3.wav,	5,	278.0993249999995,	7.37,	nan,	90,	2
26,	2,	5,	3,	60,	uso_300ms_94.wav,	5,	262.00362999999913,	6.83,	nan,	90,	2
26,	2,	5,	3,	61,	uso_300ms_94.wav,	5,	253.4419649999992,	6.55,	nan,	90,	2
26,	2,	5,	3,	62,	uso_300ms_62.wav,	5,	243.7992689999991,	6.23,	nan,	90,	2
26,	2,	5,	3,	63,	uso_300ms_3.wav,	5,	253.7956329999992,	6.56,	nan,	90,	2
26,	2,	5,	3,	64,	uso_300ms_94.wav,	5,	270.31762099999946,	7.11,	nan,	90,	2
26,	2,	5,	3,	65,	uso_300ms_68.wav,	5,	279.32699200000053,	7.41,	nan,	90,	2
26,	2,	5,	3,	66,	uso_300ms_47.wav,	6,	296.3772420000008,	7.98,	nan,	90,	2
26,	2,	5,	3,	67,	uso_300ms_28.wav,	7,	317.7928880000005,	8.69,	nan,	90,	2
26,	2,	5,	3,	68,	uso_300ms_47.wav,	8,	363.12004400000075,	10.2,	nan,	90,	2
26,	2,	5,	3,	69,	uso_300ms_20.wav,	9,	417.7206320000006,	12.02,	nan,	90,	2
26,	2,	5,	3,	70,	uso_300ms_82.wav,	9,	445.3000090000011,	12.94,	nan,	90,	2
26,	2,	5,	3,	71,	uso_300ms_60.wav,	9,	452.0494020000012,	13.17,	nan,	90,	2
26,	2,	5,	3,	72,	uso_300ms_73.wav,	9,	432.8474080000017,	12.53,	nan,	90,	2
26,	2,	5,	3,	73,	uso_300ms_27.wav,	9,	408.18152900000143,	11.71,	nan,	90,	2
26,	2,	5,	3,	74,	uso_300ms_36.wav,	9,	395.2205670000012,	11.27,	nan,	90,	2
26,	2,	5,	3,	75,	uso_300ms_57.wav,	9,	387.23651400000125,	11.01,	nan,	90,	2
26,	2,	5,	3,	76,	uso_300ms_58.wav,	8,	346.75314100000185,	9.66,	nan,	90,	2
26,	2,	5,	3,	77,	uso_300ms_24.wav,	8,	346.8275720000025,	9.66,	nan,	90,	2
26,	2,	5,	3,	78,	uso_300ms_16.wav,	7,	334.05080800000246,	9.24,	nan,	90,	2
26,	2,	5,	3,	79,	uso_300ms_19.wav,	7,	312.76092400000226,	8.53,	nan,	90,	2
26,	2,	5,	3,	80,	uso_300ms_19.wav,	6,	303.7152790000023,	8.22,	nan,	90,	2
26,	2,	5,	3,	81,	uso_300ms_25.wav,	5,	278.27141300000227,	7.38,	nan,	90,	2
26,	2,	5,	3,	82,	uso_300ms_16.wav,	6,	311.3011720000024,	8.48,	nan,	90,	2
26,	2,	5,	3,	83,	uso_300ms_14.wav,	7,	329.565978000003,	9.09,	nan,	90,	2
26,	2,	5,	3,	84,	uso_300ms_98.wav,	7,	321.63915000000316,	8.82,	nan,	90,	2
26,	2,	5,	3,	85,	uso_300ms_32.wav,	7,	322.4044180000037,	8.85,	nan,	90,	2
26,	2,	5,	3,	86,	uso_300ms_21.wav,	7,	323.0371130000052,	8.87,	nan,	90,	2
26,	2,	5,	3,	87,	uso_300ms_99.wav,	9,	388.8060960000058,	11.06,	nan,	90,	2
26,	2,	5,	3,	88,	uso_300ms_21.wav,	9,	410.85372300000574,	11.8,	nan,	90,	2
26,	2,	5,	3,	89,	uso_300ms_76.wav,	8,	365.3673450000057,	10.28,	nan,	90,	2
26,	2,	5,	3,	90,	uso_300ms_22.wav,	8,	352.59340200000565,	9.85,	nan,	90,	2
