sub_id,cond_id,block_id,task_id,event_id,stim_id,speaker_id,led_id,led_distance,response_time,n_reps,isi
26,	2,	3,	3,	1,	uso_300ms_98.wav,	5,	90,	1.1,	nan,	90,	2
26,	2,	3,	3,	2,	uso_300ms_37.wav,	5,	117.92410599999998,	2.03,	nan,	90,	2
26,	2,	3,	3,	3,	uso_300ms_24.wav,	5,	115.465076,	1.95,	nan,	90,	2
26,	2,	3,	3,	4,	uso_300ms_57.wav,	5,	115.465076,	1.95,	nan,	90,	2
26,	2,	3,	3,	5,	uso_300ms_50.wav,	6,	302.588502,	8.19,	nan,	90,	2
26,	2,	3,	3,	6,	uso_300ms_36.wav,	6,	311.9741999999998,	8.5,	nan,	90,	2
26,	2,	3,	3,	7,	uso_300ms_62.wav,	7,	338.3582779999998,	9.38,	nan,	90,	2
26,	2,	3,	3,	8,	uso_300ms_10.wav,	9,	377.99833299999966,	10.7,	nan,	90,	2
26,	2,	3,	3,	9,	uso_300ms_74.wav,	9,	420.4935059999995,	12.12,	nan,	90,	2
26,	2,	3,	3,	10,	uso_300ms_13.wav,	9,	452.84533599999986,	13.19,	nan,	90,	2
26,	2,	3,	3,	11,	uso_300ms_73.wav,	9,	449.7967659999998,	13.09,	nan,	90,	2
26,	2,	3,	3,	12,	uso_300ms_86.wav,	9,	419.8684199999998,	12.1,	nan,	90,	2
26,	2,	3,	3,	13,	uso_300ms_49.wav,	9,	407.61546599999974,	11.69,	nan,	90,	2
26,	2,	3,	3,	14,	uso_300ms_87.wav,	9,	389.4621769999997,	11.08,	nan,	90,	2
26,	2,	3,	3,	15,	uso_300ms_98.wav,	8,	362.5252459999995,	10.18,	nan,	90,	2
26,	2,	3,	3,	16,	uso_300ms_74.wav,	7,	316.86764799999946,	8.66,	nan,	90,	2
26,	2,	3,	3,	17,	uso_300ms_33.wav,	6,	298.0769459999995,	8.04,	nan,	90,	2
26,	2,	3,	3,	18,	uso_300ms_84.wav,	5,	279.68149199999937,	7.42,	nan,	90,	2
26,	2,	3,	3,	19,	uso_300ms_58.wav,	5,	248.1182259999995,	6.37,	nan,	90,	2
26,	2,	3,	3,	20,	uso_300ms_79.wav,	5,	221.94731199999976,	5.5,	nan,	90,	2
26,	2,	3,	3,	21,	uso_300ms_17.wav,	5,	185.0920669999997,	4.27,	nan,	90,	2
26,	2,	3,	3,	22,	uso_300ms_61.wav,	5,	164.67069399999974,	3.59,	nan,	90,	2
26,	2,	3,	3,	23,	uso_300ms_50.wav,	5,	137.25432599999974,	2.68,	nan,	90,	2
26,	2,	3,	3,	24,	uso_300ms_29.wav,	5,	105.66459999999972,	1.62,	nan,	90,	2
26,	2,	3,	3,	25,	uso_300ms_22.wav,	5,	86.41585299999973,	0.98,	nan,	90,	2
26,	2,	3,	3,	26,	uso_300ms_51.wav,	5,	269.4508169999998,	7.08,	nan,	90,	2
26,	2,	3,	3,	27,	uso_300ms_64.wav,	5,	269.4508169999998,	7.08,	nan,	90,	2
26,	2,	3,	3,	28,	uso_300ms_81.wav,	6,	301.2121550000005,	8.14,	nan,	90,	2
26,	2,	3,	3,	29,	uso_300ms_48.wav,	7,	325.4299150000021,	8.95,	nan,	90,	2
26,	2,	3,	3,	30,	uso_300ms_63.wav,	8,	367.5081470000033,	10.35,	nan,	90,	2
26,	2,	3,	3,	31,	uso_300ms_61.wav,	9,	392.79826500000496,	11.19,	nan,	90,	2
26,	2,	3,	3,	32,	uso_300ms_86.wav,	9,	412.3753540000054,	11.85,	nan,	90,	2
26,	2,	3,	3,	33,	uso_300ms_41.wav,	9,	455.8579050000052,	13.3,	nan,	90,	2
26,	2,	3,	3,	34,	uso_300ms_18.wav,	9,	450.840298000005,	13.13,	nan,	90,	2
26,	2,	3,	3,	35,	uso_300ms_92.wav,	9,	448.89800800000506,	13.06,	nan,	90,	2
26,	2,	3,	3,	36,	uso_300ms_7.wav,	9,	448.89800800000506,	13.06,	nan,	90,	2
26,	2,	3,	3,	37,	uso_300ms_12.wav,	9,	449.17209300000496,	13.07,	nan,	90,	2
26,	2,	3,	3,	38,	uso_300ms_95.wav,	9,	449.17209300000496,	13.07,	nan,	90,	2
26,	2,	3,	3,	39,	uso_300ms_66.wav,	9,	421.01098800000483,	12.13,	nan,	90,	2
26,	2,	3,	3,	40,	uso_300ms_70.wav,	9,	393.57510400000524,	11.22,	nan,	90,	2
26,	2,	3,	3,	41,	uso_300ms_13.wav,	9,	382.6490980000049,	10.85,	nan,	90,	2
26,	2,	3,	3,	42,	uso_300ms_10.wav,	8,	352.9133360000052,	9.86,	nan,	90,	2
26,	2,	3,	3,	43,	uso_300ms_61.wav,	7,	325.2751870000046,	8.94,	nan,	90,	2
26,	2,	3,	3,	44,	uso_300ms_62.wav,	7,	338.3200580000042,	9.38,	nan,	90,	2
26,	2,	3,	3,	45,	uso_300ms_17.wav,	8,	347.7738520000044,	9.69,	nan,	90,	2
26,	2,	3,	3,	46,	uso_300ms_48.wav,	8,	347.7738520000044,	9.69,	nan,	90,	2
26,	2,	3,	3,	47,	uso_300ms_37.wav,	7,	328.02888900000426,	9.03,	nan,	90,	2
26,	2,	3,	3,	48,	uso_300ms_74.wav,	6,	309.0472900000043,	8.4,	nan,	90,	2
26,	2,	3,	3,	49,	uso_300ms_2.wav,	6,	293.8708560000042,	7.9,	nan,	90,	2
26,	2,	3,	3,	50,	uso_300ms_4.wav,	5,	276.8762700000042,	7.33,	nan,	90,	2
26,	2,	3,	3,	51,	uso_300ms_21.wav,	5,	258.16803500000407,	6.71,	nan,	90,	2
26,	2,	3,	3,	52,	uso_300ms_22.wav,	5,	233.180324000004,	5.87,	nan,	90,	2
26,	2,	3,	3,	53,	uso_300ms_66.wav,	6,	298.41722300000356,	8.05,	nan,	90,	2
26,	2,	3,	3,	54,	uso_300ms_84.wav,	7,	327.80876000000353,	9.03,	nan,	90,	2
26,	2,	3,	3,	55,	uso_300ms_69.wav,	9,	372.94397600000417,	10.53,	nan,	90,	2
26,	2,	3,	3,	56,	uso_300ms_94.wav,	9,	419.7161630000038,	12.09,	nan,	90,	2
26,	2,	3,	3,	57,	uso_300ms_72.wav,	9,	419.7161630000038,	12.09,	nan,	90,	2
26,	2,	3,	3,	58,	uso_300ms_4.wav,	8,	344.5373600000037,	9.58,	nan,	90,	2
26,	2,	3,	3,	59,	uso_300ms_20.wav,	6,	293.0229180000037,	7.87,	nan,	90,	2
26,	2,	3,	3,	60,	uso_300ms_32.wav,	5,	262.4850050000036,	6.85,	nan,	90,	2
26,	2,	3,	3,	61,	uso_300ms_85.wav,	5,	254.2138610000037,	6.57,	nan,	90,	2
26,	2,	3,	3,	62,	uso_300ms_36.wav,	5,	242.20627800000352,	6.17,	nan,	90,	2
26,	2,	3,	3,	63,	uso_300ms_9.wav,	6,	311.6733050000043,	8.49,	nan,	90,	2
26,	2,	3,	3,	64,	uso_300ms_61.wav,	7,	337.68777600000396,	9.36,	nan,	90,	2
26,	2,	3,	3,	65,	uso_300ms_84.wav,	8,	358.82800000000384,	10.06,	nan,	90,	2
26,	2,	3,	3,	66,	uso_300ms_5.wav,	7,	336.5801030000037,	9.32,	nan,	90,	2
26,	2,	3,	3,	67,	uso_300ms_33.wav,	7,	321.77228900000364,	8.83,	nan,	90,	2
26,	2,	3,	3,	68,	uso_300ms_1.wav,	5,	268.30435700000345,	7.04,	nan,	90,	2
26,	2,	3,	3,	69,	uso_300ms_79.wav,	5,	267.33519300000245,	7.01,	nan,	90,	2
26,	2,	3,	3,	70,	uso_300ms_28.wav,	5,	266.36134600000145,	6.98,	nan,	90,	2
26,	2,	3,	3,	71,	uso_300ms_22.wav,	5,	265.4593750000006,	6.95,	nan,	90,	2
26,	2,	3,	3,	72,	uso_300ms_36.wav,	6,	308.9805100000005,	8.4,	nan,	90,	2
26,	2,	3,	3,	73,	uso_300ms_47.wav,	6,	308.9805100000005,	8.4,	nan,	90,	2
26,	2,	3,	3,	74,	uso_300ms_39.wav,	8,	352.89934300000033,	9.86,	nan,	90,	2
26,	2,	3,	3,	75,	uso_300ms_18.wav,	9,	387.18749200000036,	11.01,	nan,	90,	2
26,	2,	3,	3,	76,	uso_300ms_67.wav,	9,	416.16511200000025,	11.97,	nan,	90,	2
26,	2,	3,	3,	77,	uso_300ms_29.wav,	8,	353.6201890000002,	9.89,	nan,	90,	2
26,	2,	3,	3,	78,	uso_300ms_39.wav,	7,	327.67598400000014,	9.02,	nan,	90,	2
26,	2,	3,	3,	79,	uso_300ms_93.wav,	5,	281.9208550000002,	7.5,	nan,	90,	2
26,	2,	3,	3,	80,	uso_300ms_80.wav,	6,	290.5340330000002,	7.78,	nan,	90,	2
26,	2,	3,	3,	81,	uso_300ms_93.wav,	6,	296.5340330000002,	7.98,	nan,	90,	2
26,	2,	3,	3,	82,	uso_300ms_67.wav,	6,	308.5340330000002,	8.38,	nan,	90,	2
26,	2,	3,	3,	83,	uso_300ms_52.wav,	7,	321.5340330000002,	8.82,	nan,	90,	2
26,	2,	3,	3,	84,	uso_300ms_94.wav,	9,	429.5110430000002,	12.42,	nan,	90,	2
26,	2,	3,	3,	85,	uso_300ms_91.wav,	9,	386.9747729999997,	11.0,	nan,	90,	2
26,	2,	3,	3,	86,	uso_300ms_88.wav,	7,	341.2168299999996,	9.47,	nan,	90,	2
26,	2,	3,	3,	87,	uso_300ms_61.wav,	6,	290.0848609999995,	7.77,	nan,	90,	2
26,	2,	3,	3,	88,	uso_300ms_87.wav,	5,	258.8819339999992,	6.73,	nan,	90,	2
26,	2,	3,	3,	89,	uso_300ms_70.wav,	9,	453.2454879999989,	13.21,	nan,	90,	2
26,	2,	3,	3,	90,	uso_300ms_31.wav,	9,	449.60526399999765,	13.09,	nan,	90,	2
