sub_id,cond_id,block_id,task_id,event_id,stim_id,speaker_id,led_id,led_distance,response_time,n_reps,isi
26,	2,	6,	1,	1,	uso_300ms_43.wav,	8,	367,	10.33,	4.040391683578491,	15,	0.3
26,	2,	6,	1,	2,	uso_300ms_47.wav,	3,	156,	3.3,	3.2261829376220703,	15,	0.3
26,	2,	6,	1,	3,	uso_300ms_12.wav,	4,	248,	6.37,	1.9736146926879883,	15,	0.3
26,	2,	6,	1,	4,	uso_300ms_69.wav,	9,	330,	9.1,	1.9051029682159424,	15,	0.3
26,	2,	6,	1,	5,	uso_300ms_4.wav,	10,	418,	12.03,	1.8116111755371094,	15,	0.3
26,	2,	6,	1,	6,	uso_300ms_81.wav,	6,	282,	7.5,	2.324869394302368,	15,	0.3
26,	2,	6,	1,	7,	uso_300ms_38.wav,	5,	176,	3.97,	1.839470386505127,	15,	0.3
26,	2,	6,	1,	8,	uso_300ms_19.wav,	1,	124,	2.23,	2.3788905143737793,	15,	0.3
26,	2,	6,	1,	9,	uso_300ms_88.wav,	7,	255,	6.6,	2.326066017150879,	15,	0.3
26,	2,	6,	1,	10,	uso_300ms_95.wav,	0,	107,	1.67,	3.5907962322235107,	15,	0.3
26,	2,	6,	1,	11,	uso_300ms_43.wav,	2,	189,	4.4,	1.6480741500854492,	15,	0.3
26,	2,	6,	1,	12,	uso_300ms_80.wav,	3,	254,	6.57,	1.49745774269104,	15,	0.3
26,	2,	6,	1,	13,	uso_300ms_98.wav,	10,	405,	11.6,	2.2493162155151367,	15,	0.3
26,	2,	6,	1,	14,	uso_300ms_89.wav,	0,	100,	1.43,	4.248890161514282,	15,	0.3
26,	2,	6,	1,	15,	uso_300ms_16.wav,	6,	245,	6.27,	1.7113940715789795,	15,	0.3
26,	2,	6,	1,	16,	uso_300ms_78.wav,	1,	132,	2.5,	2.1897082328796387,	15,	0.3
26,	2,	6,	1,	17,	uso_300ms_49.wav,	9,	312,	8.5,	1.928762435913086,	15,	0.3
26,	2,	6,	1,	18,	uso_300ms_52.wav,	7,	238,	6.03,	2.399019718170166,	15,	0.3
26,	2,	6,	1,	19,	uso_300ms_18.wav,	4,	148,	3.03,	1.836430549621582,	15,	0.3
26,	2,	6,	1,	20,	uso_300ms_2.wav,	5,	190,	4.43,	1.3049843311309814,	15,	0.3
26,	2,	6,	1,	21,	uso_300ms_18.wav,	8,	255,	6.6,	1.478475570678711,	15,	0.3
26,	2,	6,	1,	22,	uso_300ms_28.wav,	2,	157,	3.33,	1.5818328857421875,	15,	0.3
26,	2,	6,	1,	23,	uso_300ms_45.wav,	5,	268,	7.03,	1.7022507190704346,	15,	0.3
26,	2,	6,	1,	24,	uso_300ms_89.wav,	0,	104,	1.57,	3.4181277751922607,	15,	0.3
26,	2,	6,	1,	25,	uso_300ms_57.wav,	6,	249,	6.4,	2.343865156173706,	15,	0.3
26,	2,	6,	1,	26,	uso_300ms_85.wav,	3,	186,	4.3,	3.8464550971984863,	15,	0.3
26,	2,	6,	1,	27,	uso_300ms_46.wav,	7,	302,	8.17,	1.5917601585388184,	15,	0.3
26,	2,	6,	1,	28,	uso_300ms_8.wav,	8,	247,	6.33,	1.732851505279541,	15,	0.3
26,	2,	6,	1,	29,	uso_300ms_85.wav,	1,	135,	2.6,	1.8853039741516113,	15,	0.3
26,	2,	6,	1,	30,	uso_300ms_48.wav,	10,	347,	9.67,	2.612069845199585,	15,	0.3
26,	2,	6,	1,	31,	uso_300ms_84.wav,	9,	372,	10.5,	2.974501371383667,	15,	0.3
26,	2,	6,	1,	32,	uso_300ms_21.wav,	2,	169,	3.73,	2.7757389545440674,	15,	0.3
26,	2,	6,	1,	33,	uso_300ms_92.wav,	4,	142,	2.83,	2.112919330596924,	15,	0.3
26,	2,	6,	1,	34,	uso_300ms_91.wav,	1,	110,	1.77,	1.668938398361206,	15,	0.3
26,	2,	6,	1,	35,	uso_300ms_95.wav,	5,	221,	5.47,	1.5600521564483643,	15,	0.3
26,	2,	6,	1,	36,	uso_300ms_97.wav,	4,	177,	4.0,	1.558788776397705,	15,	0.3
26,	2,	6,	1,	37,	uso_300ms_58.wav,	7,	268,	7.03,	1.6478054523468018,	15,	0.3
26,	2,	6,	1,	38,	uso_300ms_39.wav,	8,	345,	9.6,	1.6442327499389648,	15,	0.3
26,	2,	6,	1,	39,	uso_300ms_36.wav,	9,	292,	7.83,	2.080223798751831,	15,	0.3
26,	2,	6,	1,	40,	uso_300ms_76.wav,	2,	169,	3.73,	1.7607340812683105,	15,	0.3
26,	2,	6,	1,	41,	uso_300ms_37.wav,	3,	207,	5.0,	2.4838309288024902,	15,	0.3
26,	2,	6,	1,	42,	uso_300ms_72.wav,	10,	357,	10.0,	2.1081597805023193,	15,	0.3
26,	2,	6,	1,	43,	uso_300ms_72.wav,	0,	110,	1.77,	2.9245502948760986,	15,	0.3
26,	2,	6,	1,	44,	uso_300ms_82.wav,	6,	306,	8.3,	2.15387225151062,	15,	0.3
26,	2,	6,	1,	45,	uso_300ms_87.wav,	1,	110,	1.77,	2.424184560775757,	15,	0.3
26,	2,	6,	1,	46,	uso_300ms_40.wav,	7,	307,	8.33,	3.20304536819458,	15,	0.3
26,	2,	6,	1,	47,	uso_300ms_68.wav,	3,	175,	3.93,	2.0332677364349365,	15,	0.3
26,	2,	6,	1,	48,	uso_300ms_25.wav,	9,	354,	9.9,	2.8094847202301025,	15,	0.3
26,	2,	6,	1,	49,	uso_300ms_94.wav,	10,	415,	11.93,	1.617987871170044,	15,	0.3
26,	2,	6,	1,	50,	uso_300ms_54.wav,	2,	280,	7.43,	2.200747489929199,	15,	0.3
26,	2,	6,	1,	51,	uso_300ms_17.wav,	6,	362,	10.17,	2.152803421020508,	15,	0.3
26,	2,	6,	1,	52,	uso_300ms_24.wav,	0,	109,	1.73,	2.7245359420776367,	15,	0.3
26,	2,	6,	1,	53,	uso_300ms_27.wav,	8,	292,	7.83,	1.9946019649505615,	15,	0.3
26,	2,	6,	1,	54,	uso_300ms_63.wav,	5,	239,	6.07,	1.718794345855713,	15,	0.3
26,	2,	6,	1,	55,	uso_300ms_80.wav,	4,	206,	4.97,	3.6282379627227783,	15,	0.3
26,	2,	6,	1,	56,	uso_300ms_36.wav,	7,	319,	8.73,	1.9779706001281738,	15,	0.3
26,	2,	6,	1,	57,	uso_300ms_23.wav,	10,	387,	11.0,	2.0347962379455566,	15,	0.3
26,	2,	6,	1,	58,	uso_300ms_87.wav,	2,	179,	4.07,	2.2817025184631348,	15,	0.3
26,	2,	6,	1,	59,	uso_300ms_32.wav,	4,	230,	5.77,	1.2221450805664062,	15,	0.3
26,	2,	6,	1,	60,	uso_300ms_9.wav,	9,	307,	8.33,	1.7446842193603516,	15,	0.3
26,	2,	6,	1,	61,	uso_300ms_99.wav,	3,	153,	3.2,	2.6115291118621826,	15,	0.3
26,	2,	6,	1,	62,	uso_300ms_28.wav,	0,	106,	1.63,	1.5937106609344482,	15,	0.3
26,	2,	6,	1,	63,	uso_300ms_47.wav,	8,	266,	6.97,	2.0486886501312256,	15,	0.3
26,	2,	6,	1,	64,	uso_300ms_30.wav,	1,	109,	1.73,	2.982046365737915,	15,	0.3
26,	2,	6,	1,	65,	uso_300ms_8.wav,	6,	250,	6.43,	1.5603406429290771,	15,	0.3
26,	2,	6,	1,	66,	uso_300ms_36.wav,	5,	318,	8.7,	1.5525689125061035,	15,	0.3
26,	2,	6,	1,	67,	uso_300ms_62.wav,	10,	401,	11.47,	2.354761838912964,	15,	0.3
26,	2,	6,	1,	68,	uso_300ms_50.wav,	5,	238,	6.03,	2.7088406085968018,	15,	0.3
26,	2,	6,	1,	69,	uso_300ms_62.wav,	7,	213,	5.2,	2.772023916244507,	15,	0.3
26,	2,	6,	1,	70,	uso_300ms_94.wav,	9,	325,	8.93,	1.7069501876831055,	15,	0.3
26,	2,	6,	1,	71,	uso_300ms_48.wav,	6,	293,	7.87,	1.727576494216919,	15,	0.3
26,	2,	6,	1,	72,	uso_300ms_56.wav,	4,	253,	6.53,	3.1646134853363037,	15,	0.3
26,	2,	6,	1,	73,	uso_300ms_74.wav,	0,	111,	1.8,	2.1445226669311523,	15,	0.3
26,	2,	6,	1,	74,	uso_300ms_83.wav,	2,	165,	3.6,	1.4916229248046875,	15,	0.3
26,	2,	6,	1,	75,	uso_300ms_58.wav,	3,	223,	5.53,	3.3614840507507324,	15,	0.3
26,	2,	6,	1,	76,	uso_300ms_22.wav,	8,	387,	11.0,	2.337212562561035,	15,	0.3
26,	2,	6,	1,	77,	uso_300ms_11.wav,	1,	136,	2.63,	2.5097899436950684,	15,	0.3
26,	2,	6,	1,	78,	uso_300ms_19.wav,	10,	376,	10.63,	2.115532159805298,	15,	0.3
26,	2,	6,	1,	79,	uso_300ms_70.wav,	4,	285,	7.6,	2.524118423461914,	15,	0.3
26,	2,	6,	1,	80,	uso_300ms_48.wav,	7,	331,	9.13,	1.241103172302246,	15,	0.3
26,	2,	6,	1,	81,	uso_300ms_35.wav,	0,	129,	2.4,	2.3074417114257812,	15,	0.3
26,	2,	6,	1,	82,	uso_300ms_69.wav,	9,	326,	8.97,	2.0077965259552,	15,	0.3
26,	2,	6,	1,	83,	uso_300ms_93.wav,	6,	251,	6.47,	2.3646790981292725,	15,	0.3
26,	2,	6,	1,	84,	uso_300ms_80.wav,	2,	197,	4.67,	2.5377354621887207,	15,	0.3
26,	2,	6,	1,	85,	uso_300ms_14.wav,	5,	298,	8.03,	2.3259825706481934,	15,	0.3
26,	2,	6,	1,	86,	uso_300ms_54.wav,	8,	398,	11.37,	1.605539321899414,	15,	0.3
26,	2,	6,	1,	87,	uso_300ms_90.wav,	1,	135,	2.6,	2.767347574234009,	15,	0.3
26,	2,	6,	1,	88,	uso_300ms_70.wav,	3,	261,	6.8,	1.7239322662353516,	15,	0.3
26,	2,	6,	1,	89,	uso_300ms_95.wav,	6,	362,	10.17,	1.4935226440429688,	15,	0.3
26,	2,	6,	1,	90,	uso_300ms_42.wav,	10,	416,	11.97,	1.659761667251587,	15,	0.3
26,	2,	6,	1,	91,	uso_300ms_62.wav,	2,	162,	3.5,	2.4899914264678955,	15,	0.3
26,	2,	6,	1,	92,	uso_300ms_38.wav,	1,	119,	2.07,	1.1849844455718994,	15,	0.3
26,	2,	6,	1,	93,	uso_300ms_62.wav,	0,	105,	1.6,	1.396707534790039,	15,	0.3
26,	2,	6,	1,	94,	uso_300ms_67.wav,	4,	225,	5.6,	1.449265480041504,	15,	0.3
26,	2,	6,	1,	95,	uso_300ms_8.wav,	9,	333,	9.2,	1.495997667312622,	15,	0.3
26,	2,	6,	1,	96,	uso_300ms_29.wav,	5,	395,	11.27,	1.5650444030761719,	15,	0.3
26,	2,	6,	1,	97,	uso_300ms_99.wav,	7,	361,	10.13,	1.7464649677276611,	15,	0.3
26,	2,	6,	1,	98,	uso_300ms_91.wav,	8,	402,	11.5,	2.0016183853149414,	15,	0.3
26,	2,	6,	1,	99,	uso_300ms_68.wav,	3,	237,	6.0,	1.987199306488037,	15,	0.3
26,	2,	6,	1,	100,	uso_300ms_86.wav,	10,	385,	10.93,	2.4871459007263184,	15,	0.3
26,	2,	6,	1,	101,	uso_300ms_70.wav,	4,	267,	7.0,	1.7130591869354248,	15,	0.3
26,	2,	6,	1,	102,	uso_300ms_15.wav,	9,	356,	9.97,	1.5769407749176025,	15,	0.3
26,	2,	6,	1,	103,	uso_300ms_13.wav,	2,	138,	2.7,	2.523247480392456,	15,	0.3
26,	2,	6,	1,	104,	uso_300ms_59.wav,	7,	295,	7.93,	3.821345329284668,	15,	0.3
26,	2,	6,	1,	105,	uso_300ms_81.wav,	3,	237,	6.0,	1.855879783630371,	15,	0.3
26,	2,	6,	1,	106,	uso_300ms_76.wav,	5,	321,	8.8,	1.8139736652374268,	15,	0.3
26,	2,	6,	1,	107,	uso_300ms_83.wav,	8,	288,	7.7,	3.1072897911071777,	15,	0.3
26,	2,	6,	1,	108,	uso_300ms_78.wav,	1,	142,	2.83,	1.8243744373321533,	15,	0.3
26,	2,	6,	1,	109,	uso_300ms_81.wav,	0,	107,	1.67,	2.79939603805542,	15,	0.3
26,	2,	6,	1,	110,	uso_300ms_59.wav,	6,	247,	6.33,	2.2737650871276855,	15,	0.3
26,	2,	6,	1,	111,	uso_300ms_99.wav,	7,	341,	9.47,	1.508758783340454,	15,	0.3
26,	2,	6,	1,	112,	uso_300ms_85.wav,	1,	152,	3.17,	2.9038350582122803,	15,	0.3
26,	2,	6,	1,	113,	uso_300ms_96.wav,	4,	248,	6.37,	1.9584887027740479,	15,	0.3
26,	2,	6,	1,	114,	uso_300ms_81.wav,	10,	409,	11.73,	1.9816007614135742,	15,	0.3
26,	2,	6,	1,	115,	uso_300ms_90.wav,	2,	142,	2.83,	2.8574209213256836,	15,	0.3
26,	2,	6,	1,	116,	uso_300ms_53.wav,	5,	302,	8.17,	2.199726104736328,	15,	0.3
26,	2,	6,	1,	117,	uso_300ms_95.wav,	6,	256,	6.63,	5.783981800079346,	15,	0.3
26,	2,	6,	1,	118,	uso_300ms_38.wav,	0,	114,	1.9,	3.093172311782837,	15,	0.3
26,	2,	6,	1,	119,	uso_300ms_23.wav,	8,	243,	6.2,	2.337406873703003,	15,	0.3
26,	2,	6,	1,	120,	uso_300ms_45.wav,	9,	381,	10.8,	2.1191883087158203,	15,	0.3
26,	2,	6,	1,	121,	uso_300ms_61.wav,	3,	172,	3.83,	2.79913592338562,	15,	0.3
26,	2,	6,	1,	122,	uso_300ms_14.wav,	4,	211,	5.13,	1.646357536315918,	15,	0.3
26,	2,	6,	1,	123,	uso_300ms_89.wav,	0,	109,	1.73,	1.999321699142456,	15,	0.3
26,	2,	6,	1,	124,	uso_300ms_81.wav,	5,	222,	5.5,	1.5275864601135254,	15,	0.3
26,	2,	6,	1,	125,	uso_300ms_10.wav,	3,	267,	7.0,	3.7025701999664307,	15,	0.3
26,	2,	6,	1,	126,	uso_300ms_64.wav,	1,	160,	3.43,	2.1356711387634277,	15,	0.3
26,	2,	6,	1,	127,	uso_300ms_79.wav,	8,	346,	9.63,	2.128410577774048,	15,	0.3
26,	2,	6,	1,	128,	uso_300ms_11.wav,	10,	410,	11.77,	1.300964593887329,	15,	0.3
26,	2,	6,	1,	129,	uso_300ms_71.wav,	9,	397,	11.33,	2.4731040000915527,	15,	0.3
26,	2,	6,	1,	130,	uso_300ms_40.wav,	6,	316,	8.63,	1.575777292251587,	15,	0.3
26,	2,	6,	1,	131,	uso_300ms_53.wav,	7,	370,	10.43,	1.4212915897369385,	15,	0.3
26,	2,	6,	1,	132,	uso_300ms_40.wav,	2,	187,	4.33,	2.2012782096862793,	15,	0.3
26,	2,	6,	1,	133,	uso_300ms_6.wav,	1,	112,	1.83,	2.298616886138916,	15,	0.3
26,	2,	6,	1,	134,	uso_300ms_73.wav,	7,	320,	8.77,	2.729660987854004,	15,	0.3
26,	2,	6,	1,	135,	uso_300ms_93.wav,	8,	390,	11.1,	2.635810136795044,	15,	0.3
26,	2,	6,	1,	136,	uso_300ms_12.wav,	5,	310,	8.43,	2.3067376613616943,	15,	0.3
26,	2,	6,	1,	137,	uso_300ms_18.wav,	4,	123,	2.2,	3.1392672061920166,	15,	0.3
26,	2,	6,	1,	138,	uso_300ms_19.wav,	0,	112,	1.83,	1.4322600364685059,	15,	0.3
26,	2,	6,	1,	139,	uso_300ms_23.wav,	2,	157,	3.33,	1.5357608795166016,	15,	0.3
26,	2,	6,	1,	140,	uso_300ms_69.wav,	6,	241,	6.13,	1.6881177425384521,	15,	0.3
26,	2,	6,	1,	141,	uso_300ms_86.wav,	9,	367,	10.33,	1.987833023071289,	15,	0.3
26,	2,	6,	1,	142,	uso_300ms_14.wav,	3,	183,	4.2,	2.093090534210205,	15,	0.3
26,	2,	6,	1,	143,	uso_300ms_15.wav,	10,	336,	9.3,	1.7527453899383545,	15,	0.3
26,	2,	6,	1,	144,	uso_300ms_78.wav,	5,	283,	7.53,	1.8340568542480469,	15,	0.3
26,	2,	6,	1,	145,	uso_300ms_15.wav,	9,	411,	11.8,	2.3769190311431885,	15,	0.3
26,	2,	6,	1,	146,	uso_300ms_28.wav,	0,	131,	2.47,	2.824645757675171,	15,	0.3
26,	2,	6,	1,	147,	uso_300ms_97.wav,	1,	106,	1.63,	1.782766580581665,	15,	0.3
26,	2,	6,	1,	148,	uso_300ms_83.wav,	2,	183,	4.2,	1.4294257164001465,	15,	0.3
26,	2,	6,	1,	149,	uso_300ms_71.wav,	10,	338,	9.37,	1.9203341007232666,	15,	0.3
26,	2,	6,	1,	150,	uso_300ms_23.wav,	3,	174,	3.9,	1.97682785987854,	15,	0.3
26,	2,	6,	1,	151,	uso_300ms_100.wav,	4,	255,	6.6,	1.7202825546264648,	15,	0.3
26,	2,	6,	1,	152,	uso_300ms_32.wav,	7,	325,	8.93,	3.0216004848480225,	15,	0.3
26,	2,	6,	1,	153,	uso_300ms_98.wav,	6,	382,	10.83,	1.366044044494629,	15,	0.3
26,	2,	6,	1,	154,	uso_300ms_96.wav,	8,	357,	10.0,	1.5549912452697754,	15,	0.3
26,	2,	6,	1,	155,	uso_300ms_93.wav,	2,	268,	7.03,	4.69408392906189,	15,	0.3
26,	2,	6,	1,	156,	uso_300ms_50.wav,	9,	344,	9.57,	1.955791711807251,	15,	0.3
26,	2,	6,	1,	157,	uso_300ms_84.wav,	10,	432,	12.5,	1.814812421798706,	15,	0.3
26,	2,	6,	1,	158,	uso_300ms_36.wav,	6,	362,	10.17,	1.3880152702331543,	15,	0.3
26,	2,	6,	1,	159,	uso_300ms_19.wav,	8,	394,	11.23,	1.4625730514526367,	15,	0.3
26,	2,	6,	1,	160,	uso_300ms_62.wav,	3,	182,	4.17,	2.329479694366455,	15,	0.3
26,	2,	6,	1,	161,	uso_300ms_82.wav,	0,	109,	1.73,	1.6858153343200684,	15,	0.3
26,	2,	6,	1,	162,	uso_300ms_41.wav,	1,	194,	4.57,	1.7743768692016602,	15,	0.3
26,	2,	6,	1,	163,	uso_300ms_47.wav,	7,	266,	6.97,	1.869131088256836,	15,	0.3
26,	2,	6,	1,	164,	uso_300ms_75.wav,	5,	289,	7.73,	3.7740540504455566,	15,	0.3
26,	2,	6,	1,	165,	uso_300ms_86.wav,	4,	193,	4.53,	1.8976168632507324,	15,	0.3
