sub_id,cond_id,block_id,task_id,event_id,stim_id,speaker_id,led_id,led_distance,response_time,n_reps,isi
26,	2,	1,	3,	1,	uso_300ms_24.wav,	9,	234,	5.9,	7.29788064956665,	15,	0.3
26,	2,	1,	3,	2,	uso_300ms_57.wav,	7,	340,	9.43,	3.2147140502929688,	15,	0.3
26,	2,	1,	3,	3,	uso_300ms_95.wav,	5,	306,	8.3,	3.6675641536712646,	15,	0.3
26,	2,	1,	3,	4,	uso_300ms_37.wav,	6,	361,	10.13,	3.2483534812927246,	15,	0.3
26,	2,	1,	3,	5,	uso_300ms_76.wav,	8,	429,	12.4,	2.414990186691284,	15,	0.3
26,	2,	1,	3,	6,	uso_300ms_4.wav,	9,	414,	11.9,	2.748688220977783,	15,	0.3
26,	2,	1,	3,	7,	uso_300ms_79.wav,	7,	406,	11.63,	2.0577902793884277,	15,	0.3
26,	2,	1,	3,	8,	uso_300ms_34.wav,	6,	392,	11.17,	4.020033836364746,	15,	0.3
26,	2,	1,	3,	9,	uso_300ms_90.wav,	5,	368,	10.37,	5.472264051437378,	15,	0.3
26,	2,	1,	3,	10,	uso_300ms_93.wav,	8,	377,	10.67,	5.396289825439453,	15,	0.3
26,	2,	1,	3,	11,	uso_300ms_52.wav,	5,	332,	9.17,	2.327399730682373,	15,	0.3
26,	2,	1,	3,	12,	uso_300ms_90.wav,	6,	314,	8.57,	5.10366153717041,	15,	0.3
26,	2,	1,	3,	13,	uso_300ms_18.wav,	8,	294,	7.9,	5.822265863418579,	15,	0.3
26,	2,	1,	3,	14,	uso_300ms_82.wav,	9,	258,	6.7,	4.6219470500946045,	15,	0.3
26,	2,	1,	3,	15,	uso_300ms_53.wav,	7,	287,	7.67,	2.9697844982147217,	15,	0.3
26,	2,	1,	3,	16,	uso_300ms_63.wav,	9,	252,	6.5,	5.6339006423950195,	15,	0.3
26,	2,	1,	3,	17,	uso_300ms_4.wav,	7,	247,	6.33,	3.2277474403381348,	15,	0.3
26,	2,	1,	3,	18,	uso_300ms_45.wav,	6,	272,	7.17,	3.3892290592193604,	15,	0.3
26,	2,	1,	3,	19,	uso_300ms_74.wav,	5,	279,	7.4,	3.264540433883667,	15,	0.3
26,	2,	1,	3,	20,	uso_300ms_68.wav,	8,	291,	7.8,	3.7392072677612305,	15,	0.3
26,	2,	1,	3,	21,	uso_300ms_77.wav,	5,	260,	6.77,	3.94089412689209,	15,	0.3
26,	2,	1,	3,	22,	uso_300ms_54.wav,	6,	250,	6.43,	2.901928424835205,	15,	0.3
26,	2,	1,	3,	23,	uso_300ms_93.wav,	9,	358,	10.03,	2.675316333770752,	15,	0.3
26,	2,	1,	3,	24,	uso_300ms_1.wav,	7,	370,	10.43,	4.616385459899902,	15,	0.3
26,	2,	1,	3,	25,	uso_300ms_80.wav,	8,	303,	8.2,	5.066020727157593,	15,	0.3
26,	2,	1,	3,	26,	uso_300ms_26.wav,	9,	264,	6.9,	4.694756031036377,	15,	0.3
26,	2,	1,	3,	27,	uso_300ms_12.wav,	7,	177,	4.0,	2.761662244796753,	15,	0.3
26,	2,	1,	3,	28,	uso_300ms_22.wav,	5,	230,	5.77,	3.7249598503112793,	15,	0.3
26,	2,	1,	3,	29,	uso_300ms_66.wav,	8,	319,	8.73,	3.853769063949585,	15,	0.3
26,	2,	1,	3,	30,	uso_300ms_37.wav,	6,	157,	3.33,	5.1660521030426025,	15,	0.3
26,	2,	1,	3,	31,	uso_300ms_94.wav,	8,	215,	5.27,	3.8494930267333984,	15,	0.3
26,	2,	1,	3,	32,	uso_300ms_8.wav,	5,	258,	6.7,	3.683187246322632,	15,	0.3
26,	2,	1,	3,	33,	uso_300ms_7.wav,	6,	215,	5.27,	2.9490320682525635,	15,	0.3
26,	2,	1,	3,	34,	uso_300ms_24.wav,	9,	341,	9.47,	2.5488851070404053,	15,	0.3
26,	2,	1,	3,	35,	uso_300ms_22.wav,	7,	252,	6.5,	2.7375292778015137,	15,	0.3
26,	2,	1,	3,	36,	uso_300ms_66.wav,	9,	271,	7.13,	2.4407901763916016,	15,	0.3
26,	2,	1,	3,	37,	uso_300ms_97.wav,	8,	226,	5.63,	1.7453052997589111,	15,	0.3
26,	2,	1,	3,	38,	uso_300ms_91.wav,	7,	308,	8.37,	2.782480239868164,	15,	0.3
26,	2,	1,	3,	39,	uso_300ms_18.wav,	6,	182,	4.17,	4.102283239364624,	15,	0.3
26,	2,	1,	3,	40,	uso_300ms_78.wav,	5,	199,	4.73,	3.6966333389282227,	15,	0.3
26,	2,	1,	3,	41,	uso_300ms_74.wav,	7,	221,	5.47,	3.8663363456726074,	15,	0.3
26,	2,	1,	3,	42,	uso_300ms_16.wav,	8,	248,	6.37,	3.306234121322632,	15,	0.3
26,	2,	1,	3,	43,	uso_300ms_43.wav,	5,	175,	3.93,	2.9528567790985107,	15,	0.3
26,	2,	1,	3,	44,	uso_300ms_31.wav,	6,	162,	3.5,	2.270772933959961,	15,	0.3
26,	2,	1,	3,	45,	uso_300ms_10.wav,	9,	330,	9.1,	2.2600491046905518,	15,	0.3
26,	2,	1,	3,	46,	uso_300ms_45.wav,	6,	263,	6.87,	3.1830272674560547,	15,	0.3
26,	2,	1,	3,	47,	uso_300ms_32.wav,	9,	289,	7.73,	5.019862174987793,	15,	0.3
26,	2,	1,	3,	48,	uso_300ms_4.wav,	8,	330,	9.1,	4.523283004760742,	15,	0.3
26,	2,	1,	3,	49,	uso_300ms_6.wav,	5,	200,	4.77,	2.0972957611083984,	15,	0.3
26,	2,	1,	3,	50,	uso_300ms_83.wav,	7,	225,	5.6,	4.325361013412476,	15,	0.3
26,	2,	1,	3,	51,	uso_300ms_7.wav,	5,	173,	3.87,	2.4045236110687256,	15,	0.3
26,	2,	1,	3,	52,	uso_300ms_73.wav,	8,	354,	9.9,	3.1283822059631348,	15,	0.3
26,	2,	1,	3,	53,	uso_300ms_50.wav,	9,	208,	5.03,	5.790656805038452,	15,	0.3
26,	2,	1,	3,	54,	uso_300ms_4.wav,	6,	268,	7.03,	4.0087292194366455,	15,	0.3
26,	2,	1,	3,	55,	uso_300ms_50.wav,	7,	215,	5.27,	3.065204620361328,	15,	0.3
26,	2,	1,	3,	56,	uso_300ms_78.wav,	9,	340,	9.43,	2.4220798015594482,	15,	0.3
26,	2,	1,	3,	57,	uso_300ms_26.wav,	8,	209,	5.07,	6.972370624542236,	15,	0.3
26,	2,	1,	3,	58,	uso_300ms_22.wav,	5,	179,	4.07,	3.116691827774048,	15,	0.3
26,	2,	1,	3,	59,	uso_300ms_21.wav,	6,	257,	6.67,	2.288738489151001,	15,	0.3
26,	2,	1,	3,	60,	uso_300ms_18.wav,	7,	225,	5.6,	2.9923510551452637,	15,	0.3
26,	2,	1,	3,	61,	uso_300ms_59.wav,	5,	207,	5.0,	1.969987392425537,	15,	0.3
26,	2,	1,	3,	62,	uso_300ms_35.wav,	6,	265,	6.93,	4.603567123413086,	15,	0.3
26,	2,	1,	3,	63,	uso_300ms_25.wav,	7,	161,	3.47,	3.5744106769561768,	15,	0.3
26,	2,	1,	3,	64,	uso_300ms_46.wav,	8,	197,	4.67,	3.486370325088501,	15,	0.3
26,	2,	1,	3,	65,	uso_300ms_35.wav,	9,	291,	7.8,	1.810415267944336,	15,	0.3
26,	2,	1,	3,	66,	uso_300ms_3.wav,	8,	326,	8.97,	1.4211549758911133,	15,	0.3
26,	2,	1,	3,	67,	uso_300ms_50.wav,	7,	184,	4.23,	2.3322062492370605,	15,	0.3
26,	2,	1,	3,	68,	uso_300ms_59.wav,	5,	226,	5.63,	1.806699275970459,	15,	0.3
26,	2,	1,	3,	69,	uso_300ms_30.wav,	6,	216,	5.3,	3.520946741104126,	15,	0.3
26,	2,	1,	3,	70,	uso_300ms_42.wav,	9,	311,	8.47,	2.388633966445923,	15,	0.3
26,	2,	1,	3,	71,	uso_300ms_10.wav,	5,	211,	5.13,	2.1988344192504883,	15,	0.3
26,	2,	1,	3,	72,	uso_300ms_41.wav,	9,	350,	9.77,	2.0493063926696777,	15,	0.3
26,	2,	1,	3,	73,	uso_300ms_93.wav,	6,	236,	5.97,	2.527946949005127,	15,	0.3
26,	2,	1,	3,	74,	uso_300ms_21.wav,	8,	261,	6.8,	2.575183153152466,	15,	0.3
26,	2,	1,	3,	75,	uso_300ms_65.wav,	7,	302,	8.17,	1.9899888038635254,	15,	0.3
