sub_id,cond_id,block_id,task_id,event_id,stim_id,speaker_id,led_id,led_distance,response_time,n_reps,isi
26,	2,	2,	3,	1,	uso_300ms_88.wav,	5,	321,	8.8,	3.184652805328369,	15,	0.3
26,	2,	2,	3,	2,	uso_300ms_27.wav,	8,	260,	6.77,	2.283884286880493,	15,	0.3
26,	2,	2,	3,	3,	uso_300ms_65.wav,	7,	299,	8.07,	2.7229254245758057,	15,	0.3
26,	2,	2,	3,	4,	uso_300ms_84.wav,	9,	336,	9.3,	1.6216914653778076,	15,	0.3
26,	2,	2,	3,	5,	uso_300ms_74.wav,	6,	265,	6.93,	1.9052608013153076,	15,	0.3
26,	2,	2,	3,	6,	uso_300ms_91.wav,	9,	250,	6.43,	5.955364465713501,	15,	0.3
26,	2,	2,	3,	7,	uso_300ms_93.wav,	8,	299,	8.07,	2.345306158065796,	15,	0.3
26,	2,	2,	3,	8,	uso_300ms_98.wav,	7,	196,	4.63,	3.0159201622009277,	15,	0.3
26,	2,	2,	3,	9,	uso_300ms_11.wav,	5,	245,	6.27,	2.4039506912231445,	15,	0.3
26,	2,	2,	3,	10,	uso_300ms_87.wav,	6,	196,	4.63,	4.047567367553711,	15,	0.3
26,	2,	2,	3,	11,	uso_300ms_38.wav,	7,	260,	6.77,	3.752316951751709,	15,	0.3
26,	2,	2,	3,	12,	uso_300ms_40.wav,	6,	216,	5.3,	3.685598850250244,	15,	0.3
26,	2,	2,	3,	13,	uso_300ms_15.wav,	5,	270,	7.1,	4.39098048210144,	15,	0.3
26,	2,	2,	3,	14,	uso_300ms_19.wav,	8,	387,	11.0,	2.685546875,	15,	0.3
26,	2,	2,	3,	15,	uso_300ms_49.wav,	9,	344,	9.57,	2.079472064971924,	15,	0.3
26,	2,	2,	3,	16,	uso_300ms_55.wav,	5,	191,	4.47,	2.2859067916870117,	15,	0.3
26,	2,	2,	3,	17,	uso_300ms_56.wav,	8,	406,	11.63,	3.255113124847412,	15,	0.3
26,	2,	2,	3,	18,	uso_300ms_76.wav,	7,	305,	8.27,	4.2120277881622314,	15,	0.3
26,	2,	2,	3,	19,	uso_300ms_6.wav,	9,	239,	6.07,	2.8552210330963135,	15,	0.3
26,	2,	2,	3,	20,	uso_300ms_98.wav,	6,	186,	4.3,	3.7560434341430664,	15,	0.3
26,	2,	2,	3,	21,	uso_300ms_40.wav,	8,	333,	9.2,	2.6895785331726074,	15,	0.3
26,	2,	2,	3,	22,	uso_300ms_11.wav,	9,	286,	7.63,	2.611135244369507,	15,	0.3
26,	2,	2,	3,	23,	uso_300ms_39.wav,	7,	246,	6.3,	3.914013624191284,	15,	0.3
26,	2,	2,	3,	24,	uso_300ms_60.wav,	6,	169,	3.73,	2.481438636779785,	15,	0.3
26,	2,	2,	3,	25,	uso_300ms_1.wav,	5,	192,	4.5,	2.867983341217041,	15,	0.3
26,	2,	2,	3,	26,	uso_300ms_20.wav,	6,	246,	6.3,	3.0836341381073,	15,	0.3
26,	2,	2,	3,	27,	uso_300ms_9.wav,	5,	183,	4.2,	1.8225815296173096,	15,	0.3
26,	2,	2,	3,	28,	uso_300ms_89.wav,	8,	275,	7.27,	1.714076042175293,	15,	0.3
26,	2,	2,	3,	29,	uso_300ms_12.wav,	9,	360,	10.1,	1.6284081935882568,	15,	0.3
26,	2,	2,	3,	30,	uso_300ms_88.wav,	7,	327,	9.0,	2.015537738800049,	15,	0.3
26,	2,	2,	3,	31,	uso_300ms_41.wav,	9,	431,	12.47,	2.3862497806549072,	15,	0.3
26,	2,	2,	3,	32,	uso_300ms_16.wav,	6,	251,	6.47,	3.2812464237213135,	15,	0.3
26,	2,	2,	3,	33,	uso_300ms_76.wav,	7,	307,	8.33,	1.5624113082885742,	15,	0.3
26,	2,	2,	3,	34,	uso_300ms_20.wav,	5,	213,	5.2,	1.921041488647461,	15,	0.3
26,	2,	2,	3,	35,	uso_300ms_2.wav,	8,	264,	6.9,	1.7699828147888184,	15,	0.3
26,	2,	2,	3,	36,	uso_300ms_8.wav,	6,	307,	8.33,	2.9653358459472656,	15,	0.3
26,	2,	2,	3,	37,	uso_300ms_99.wav,	8,	357,	10.0,	2.1186423301696777,	15,	0.3
26,	2,	2,	3,	38,	uso_300ms_63.wav,	7,	319,	8.73,	2.7793970108032227,	15,	0.3
26,	2,	2,	3,	39,	uso_300ms_89.wav,	9,	413,	11.87,	1.959245204925537,	15,	0.3
26,	2,	2,	3,	40,	uso_300ms_37.wav,	5,	204,	4.9,	3.4854695796966553,	15,	0.3
26,	2,	2,	3,	41,	uso_300ms_88.wav,	9,	372,	10.5,	2.157050132751465,	15,	0.3
26,	2,	2,	3,	42,	uso_300ms_89.wav,	7,	235,	5.93,	3.413357973098755,	15,	0.3
26,	2,	2,	3,	43,	uso_300ms_47.wav,	6,	279,	7.4,	1.7995936870574951,	15,	0.3
26,	2,	2,	3,	44,	uso_300ms_76.wav,	8,	392,	11.17,	2.8033766746520996,	15,	0.3
26,	2,	2,	3,	45,	uso_300ms_11.wav,	5,	237,	6.0,	2.1632511615753174,	15,	0.3
26,	2,	2,	3,	46,	uso_300ms_87.wav,	6,	287,	7.67,	3.7633163928985596,	15,	0.3
26,	2,	2,	3,	47,	uso_300ms_87.wav,	8,	247,	6.33,	2.072124719619751,	15,	0.3
26,	2,	2,	3,	48,	uso_300ms_54.wav,	9,	370,	10.43,	2.0224311351776123,	15,	0.3
26,	2,	2,	3,	49,	uso_300ms_48.wav,	7,	322,	8.83,	3.9403581619262695,	15,	0.3
26,	2,	2,	3,	50,	uso_300ms_11.wav,	5,	208,	5.03,	1.7443645000457764,	15,	0.3
26,	2,	2,	3,	51,	uso_300ms_28.wav,	9,	304,	8.23,	1.9999396800994873,	15,	0.3
26,	2,	2,	3,	52,	uso_300ms_100.wav,	8,	274,	7.23,	2.1584339141845703,	15,	0.3
26,	2,	2,	3,	53,	uso_300ms_71.wav,	7,	321,	8.8,	2.1427230834960938,	15,	0.3
26,	2,	2,	3,	54,	uso_300ms_44.wav,	6,	265,	6.93,	1.9647893905639648,	15,	0.3
26,	2,	2,	3,	55,	uso_300ms_7.wav,	5,	194,	4.57,	2.8801584243774414,	15,	0.3
26,	2,	2,	3,	56,	uso_300ms_60.wav,	6,	230,	5.77,	1.9092519283294678,	15,	0.3
26,	2,	2,	3,	57,	uso_300ms_3.wav,	8,	276,	7.3,	1.791952133178711,	15,	0.3
26,	2,	2,	3,	58,	uso_300ms_79.wav,	7,	262,	6.83,	1.6425514221191406,	15,	0.3
26,	2,	2,	3,	59,	uso_300ms_2.wav,	9,	244,	6.23,	2.4829795360565186,	15,	0.3
26,	2,	2,	3,	60,	uso_300ms_85.wav,	5,	258,	6.7,	3.375446319580078,	15,	0.3
26,	2,	2,	3,	61,	uso_300ms_35.wav,	9,	372,	10.5,	2.7160019874572754,	15,	0.3
26,	2,	2,	3,	62,	uso_300ms_88.wav,	5,	286,	7.63,	2.1853151321411133,	15,	0.3
26,	2,	2,	3,	63,	uso_300ms_77.wav,	6,	222,	5.5,	1.485748052597046,	15,	0.3
26,	2,	2,	3,	64,	uso_300ms_74.wav,	8,	242,	6.17,	1.9478964805603027,	15,	0.3
26,	2,	2,	3,	65,	uso_300ms_49.wav,	7,	253,	6.53,	2.629765033721924,	15,	0.3
26,	2,	2,	3,	66,	uso_300ms_55.wav,	9,	306,	8.3,	1.472999095916748,	15,	0.3
26,	2,	2,	3,	67,	uso_300ms_13.wav,	8,	340,	9.43,	3.1045544147491455,	15,	0.3
26,	2,	2,	3,	68,	uso_300ms_39.wav,	5,	335,	9.27,	2.2246735095977783,	15,	0.3
26,	2,	2,	3,	69,	uso_300ms_70.wav,	7,	237,	6.0,	1.8503859043121338,	15,	0.3
26,	2,	2,	3,	70,	uso_300ms_51.wav,	6,	285,	7.6,	3.887589931488037,	15,	0.3
26,	2,	2,	3,	71,	uso_300ms_98.wav,	5,	274,	7.23,	3.4227075576782227,	15,	0.3
26,	2,	2,	3,	72,	uso_300ms_24.wav,	9,	326,	8.97,	2.0817668437957764,	15,	0.3
26,	2,	2,	3,	73,	uso_300ms_36.wav,	7,	390,	11.1,	2.0309319496154785,	15,	0.3
26,	2,	2,	3,	74,	uso_300ms_100.wav,	8,	281,	7.47,	2.995107412338257,	15,	0.3
26,	2,	2,	3,	75,	uso_300ms_100.wav,	6,	237,	6.0,	1.6435072422027588,	15,	0.3
