sub_id,cond_id,block_id,task_id,event_id,stim_id,speaker_id,led_id,led_distance,response_time,n_reps,isi
26,	2,	4,	3,	1,	uso_300ms_32.wav,	5,	304,	8.23,	3.485692262649536,	15,	0.3
26,	2,	4,	3,	2,	uso_300ms_43.wav,	6,	259,	6.73,	2.0291364192962646,	15,	0.3
26,	2,	4,	3,	3,	uso_300ms_25.wav,	7,	303,	8.2,	1.8828632831573486,	15,	0.3
26,	2,	4,	3,	4,	uso_300ms_87.wav,	8,	202,	4.83,	2.8236000537872314,	15,	0.3
26,	2,	4,	3,	5,	uso_300ms_11.wav,	9,	410,	11.77,	3.0444583892822266,	15,	0.3
26,	2,	4,	3,	6,	uso_300ms_47.wav,	6,	296,	7.97,	2.4683170318603516,	15,	0.3
26,	2,	4,	3,	7,	uso_300ms_14.wav,	7,	266,	6.97,	2.6010708808898926,	15,	0.3
26,	2,	4,	3,	8,	uso_300ms_61.wav,	9,	364,	10.23,	1.8094019889831543,	15,	0.3
26,	2,	4,	3,	9,	uso_300ms_25.wav,	5,	191,	4.47,	2.381143569946289,	15,	0.3
26,	2,	4,	3,	10,	uso_300ms_17.wav,	8,	238,	6.03,	2.080066442489624,	15,	0.3
26,	2,	4,	3,	11,	uso_300ms_62.wav,	5,	334,	9.23,	2.143022298812866,	15,	0.3
26,	2,	4,	3,	12,	uso_300ms_98.wav,	9,	405,	11.6,	1.9388201236724854,	15,	0.3
26,	2,	4,	3,	13,	uso_300ms_10.wav,	6,	380,	10.77,	2.445918321609497,	15,	0.3
26,	2,	4,	3,	14,	uso_300ms_84.wav,	8,	431,	12.47,	2.2408180236816406,	15,	0.3
26,	2,	4,	3,	15,	uso_300ms_69.wav,	7,	362,	10.17,	2.986259698867798,	15,	0.3
26,	2,	4,	3,	16,	uso_300ms_87.wav,	6,	209,	5.07,	2.470029354095459,	15,	0.3
26,	2,	4,	3,	17,	uso_300ms_25.wav,	7,	281,	7.47,	2.3250582218170166,	15,	0.3
26,	2,	4,	3,	18,	uso_300ms_97.wav,	5,	172,	3.83,	2.23610520362854,	15,	0.3
26,	2,	4,	3,	19,	uso_300ms_8.wav,	9,	288,	7.7,	1.7945208549499512,	15,	0.3
26,	2,	4,	3,	20,	uso_300ms_43.wav,	8,	336,	9.3,	2.340985059738159,	15,	0.3
26,	2,	4,	3,	21,	uso_300ms_92.wav,	7,	302,	8.17,	3.950620412826538,	15,	0.3
26,	2,	4,	3,	22,	uso_300ms_60.wav,	5,	181,	4.13,	2.2939798831939697,	15,	0.3
26,	2,	4,	3,	23,	uso_300ms_57.wav,	6,	214,	5.23,	2.342411518096924,	15,	0.3
26,	2,	4,	3,	24,	uso_300ms_90.wav,	8,	312,	8.5,	2.271306276321411,	15,	0.3
26,	2,	4,	3,	25,	uso_300ms_4.wav,	9,	416,	11.97,	2.5578510761260986,	15,	0.3
26,	2,	4,	3,	26,	uso_300ms_85.wav,	8,	314,	8.57,	2.5166754722595215,	15,	0.3
26,	2,	4,	3,	27,	uso_300ms_72.wav,	7,	383,	10.87,	2.589715003967285,	15,	0.3
26,	2,	4,	3,	28,	uso_300ms_23.wav,	5,	163,	3.53,	2.7390522956848145,	15,	0.3
26,	2,	4,	3,	29,	uso_300ms_66.wav,	6,	184,	4.23,	1.3938851356506348,	15,	0.3
26,	2,	4,	3,	30,	uso_300ms_51.wav,	9,	390,	11.1,	3.720227003097534,	15,	0.3
26,	2,	4,	3,	31,	uso_300ms_36.wav,	6,	281,	7.47,	1.7051396369934082,	15,	0.3
26,	2,	4,	3,	32,	uso_300ms_68.wav,	7,	364,	10.23,	2.5202229022979736,	15,	0.3
26,	2,	4,	3,	33,	uso_300ms_40.wav,	8,	191,	4.47,	3.9245755672454834,	15,	0.3
26,	2,	4,	3,	34,	uso_300ms_4.wav,	9,	329,	9.07,	4.738789081573486,	15,	0.3
26,	2,	4,	3,	35,	uso_300ms_57.wav,	5,	230,	5.77,	3.4695351123809814,	15,	0.3
26,	2,	4,	3,	36,	uso_300ms_26.wav,	8,	347,	9.67,	2.7040083408355713,	15,	0.3
26,	2,	4,	3,	37,	uso_300ms_23.wav,	7,	175,	3.93,	2.7011961936950684,	15,	0.3
26,	2,	4,	3,	38,	uso_300ms_8.wav,	5,	244,	6.23,	2.854830741882324,	15,	0.3
26,	2,	4,	3,	39,	uso_300ms_84.wav,	6,	293,	7.87,	3.782971143722534,	15,	0.3
26,	2,	4,	3,	40,	uso_300ms_39.wav,	9,	399,	11.4,	3.0294134616851807,	15,	0.3
26,	2,	4,	3,	41,	uso_300ms_85.wav,	5,	330,	9.1,	2.747082471847534,	15,	0.3
26,	2,	4,	3,	42,	uso_300ms_21.wav,	9,	428,	12.37,	2.1326568126678467,	15,	0.3
26,	2,	4,	3,	43,	uso_300ms_22.wav,	7,	291,	7.8,	2.2967870235443115,	15,	0.3
26,	2,	4,	3,	44,	uso_300ms_72.wav,	6,	245,	6.27,	3.3418664932250977,	15,	0.3
26,	2,	4,	3,	45,	uso_300ms_4.wav,	8,	381,	10.8,	1.9836266040802002,	15,	0.3
26,	2,	4,	3,	46,	uso_300ms_9.wav,	7,	310,	8.43,	2.2881343364715576,	15,	0.3
26,	2,	4,	3,	47,	uso_300ms_5.wav,	5,	226,	5.63,	2.4423418045043945,	15,	0.3
26,	2,	4,	3,	48,	uso_300ms_26.wav,	6,	277,	7.33,	2.6671700477600098,	15,	0.3
26,	2,	4,	3,	49,	uso_300ms_60.wav,	9,	371,	10.47,	2.7853357791900635,	15,	0.3
26,	2,	4,	3,	50,	uso_300ms_91.wav,	8,	318,	8.7,	6.362665176391602,	15,	0.3
26,	2,	4,	3,	51,	uso_300ms_3.wav,	7,	247,	6.33,	4.2814412117004395,	15,	0.3
26,	2,	4,	3,	52,	uso_300ms_2.wav,	8,	369,	10.4,	3.3979718685150146,	15,	0.3
26,	2,	4,	3,	53,	uso_300ms_52.wav,	6,	221,	5.47,	2.0090503692626953,	15,	0.3
26,	2,	4,	3,	54,	uso_300ms_35.wav,	5,	174,	3.9,	1.9275407791137695,	15,	0.3
26,	2,	4,	3,	55,	uso_300ms_98.wav,	9,	237,	6.0,	2.195906400680542,	15,	0.3
26,	2,	4,	3,	56,	uso_300ms_42.wav,	7,	198,	4.7,	2.7361390590667725,	15,	0.3
26,	2,	4,	3,	57,	uso_300ms_16.wav,	6,	283,	7.53,	1.667968988418579,	15,	0.3
26,	2,	4,	3,	58,	uso_300ms_46.wav,	5,	189,	4.4,	2.0470516681671143,	15,	0.3
26,	2,	4,	3,	59,	uso_300ms_29.wav,	8,	271,	7.13,	1.9779729843139648,	15,	0.3
26,	2,	4,	3,	60,	uso_300ms_87.wav,	9,	379,	10.73,	1.766197919845581,	15,	0.3
26,	2,	4,	3,	61,	uso_300ms_43.wav,	7,	207,	5.0,	2.042229175567627,	15,	0.3
26,	2,	4,	3,	62,	uso_300ms_39.wav,	9,	341,	9.47,	1.9480714797973633,	15,	0.3
26,	2,	4,	3,	63,	uso_300ms_61.wav,	6,	211,	5.13,	2.016569137573242,	15,	0.3
26,	2,	4,	3,	64,	uso_300ms_77.wav,	5,	150,	3.1,	1.5102951526641846,	15,	0.3
26,	2,	4,	3,	65,	uso_300ms_14.wav,	8,	230,	5.77,	2.3040707111358643,	15,	0.3
26,	2,	4,	3,	66,	uso_300ms_95.wav,	7,	296,	7.97,	2.189854145050049,	15,	0.3
26,	2,	4,	3,	67,	uso_300ms_8.wav,	6,	222,	5.5,	2.994318962097168,	15,	0.3
26,	2,	4,	3,	68,	uso_300ms_77.wav,	9,	328,	9.03,	2.9029464721679688,	15,	0.3
26,	2,	4,	3,	69,	uso_300ms_25.wav,	5,	177,	4.0,	2.1842710971832275,	15,	0.3
26,	2,	4,	3,	70,	uso_300ms_81.wav,	8,	231,	5.8,	1.9454574584960938,	15,	0.3
26,	2,	4,	3,	71,	uso_300ms_94.wav,	5,	168,	3.7,	1.3454174995422363,	15,	0.3
26,	2,	4,	3,	72,	uso_300ms_38.wav,	7,	206,	4.97,	1.2429375648498535,	15,	0.3
26,	2,	4,	3,	73,	uso_300ms_6.wav,	9,	245,	6.27,	1.1990492343902588,	15,	0.3
26,	2,	4,	3,	74,	uso_300ms_4.wav,	8,	295,	7.93,	1.284517526626587,	15,	0.3
26,	2,	4,	3,	75,	uso_300ms_20.wav,	6,	238,	6.03,	1.5256538391113281,	15,	0.3
