sub_id,cond_id,block_id,task_id,event_id,stim_id,speaker_id,led_id,led_distance,response_time,n_reps,isi
28,	2,	4,	3,	1,	uso_300ms_78.wav,	9,	288,	7.7,	3.6696441173553467,	15,	0.3
28,	2,	4,	3,	2,	uso_300ms_71.wav,	5,	319,	8.73,	1.672375202178955,	15,	0.3
28,	2,	4,	3,	3,	uso_300ms_32.wav,	6,	266,	6.97,	2.713763475418091,	15,	0.3
28,	2,	4,	3,	4,	uso_300ms_78.wav,	7,	371,	10.47,	1.74993896484375,	15,	0.3
28,	2,	4,	3,	5,	uso_300ms_56.wav,	8,	390,	11.1,	2.7963147163391113,	15,	0.3
28,	2,	4,	3,	6,	uso_300ms_7.wav,	5,	413,	11.87,	1.467010736465454,	15,	0.3
28,	2,	4,	3,	7,	uso_300ms_81.wav,	7,	351,	9.8,	2.860725164413452,	15,	0.3
28,	2,	4,	3,	8,	uso_300ms_5.wav,	9,	422,	12.17,	2.467831611633301,	15,	0.3
28,	2,	4,	3,	9,	uso_300ms_63.wav,	6,	350,	9.77,	1.8893070220947266,	15,	0.3
28,	2,	4,	3,	10,	uso_300ms_73.wav,	8,	289,	7.73,	4.437184810638428,	15,	0.3
28,	2,	4,	3,	11,	uso_300ms_95.wav,	9,	318,	8.7,	2.145001173019409,	15,	0.3
28,	2,	4,	3,	12,	uso_300ms_30.wav,	5,	252,	6.5,	2.2956063747406006,	15,	0.3
28,	2,	4,	3,	13,	uso_300ms_57.wav,	6,	317,	8.67,	2.409024477005005,	15,	0.3
28,	2,	4,	3,	14,	uso_300ms_38.wav,	7,	365,	10.27,	1.5078821182250977,	15,	0.3
28,	2,	4,	3,	15,	uso_300ms_84.wav,	8,	317,	8.67,	6.60317587852478,	15,	0.3
28,	2,	4,	3,	16,	uso_300ms_17.wav,	6,	252,	6.5,	2.674293041229248,	15,	0.3
28,	2,	4,	3,	17,	uso_300ms_34.wav,	8,	267,	7.0,	3.0397963523864746,	15,	0.3
28,	2,	4,	3,	18,	uso_300ms_3.wav,	9,	332,	9.17,	2.9601638317108154,	15,	0.3
28,	2,	4,	3,	19,	uso_300ms_85.wav,	5,	268,	7.03,	3.4331202507019043,	15,	0.3
28,	2,	4,	3,	20,	uso_300ms_65.wav,	7,	357,	10.0,	6.13405704498291,	15,	0.3
28,	2,	4,	3,	21,	uso_300ms_32.wav,	5,	276,	7.3,	2.0882723331451416,	15,	0.3
28,	2,	4,	3,	22,	uso_300ms_90.wav,	6,	254,	6.57,	2.973313808441162,	15,	0.3
28,	2,	4,	3,	23,	uso_300ms_31.wav,	9,	408,	11.7,	8.816817045211792,	15,	0.3
28,	2,	4,	3,	24,	uso_300ms_5.wav,	8,	369,	10.4,	2.607318639755249,	15,	0.3
28,	2,	4,	3,	25,	uso_300ms_67.wav,	7,	417,	12.0,	6.187222003936768,	15,	0.3
28,	2,	4,	3,	26,	uso_300ms_51.wav,	6,	334,	9.23,	2.0846071243286133,	15,	0.3
28,	2,	4,	3,	27,	uso_300ms_3.wav,	7,	399,	11.4,	2.471125841140747,	15,	0.3
28,	2,	4,	3,	28,	uso_300ms_21.wav,	8,	332,	9.17,	2.2996935844421387,	15,	0.3
28,	2,	4,	3,	29,	uso_300ms_46.wav,	5,	283,	7.53,	3.2207424640655518,	15,	0.3
28,	2,	4,	3,	30,	uso_300ms_48.wav,	9,	335,	9.27,	4.279322385787964,	15,	0.3
28,	2,	4,	3,	31,	uso_300ms_32.wav,	6,	266,	6.97,	3.6187186241149902,	15,	0.3
28,	2,	4,	3,	32,	uso_300ms_99.wav,	7,	349,	9.73,	2.9958362579345703,	15,	0.3
28,	2,	4,	3,	33,	uso_300ms_78.wav,	5,	254,	6.57,	5.698396921157837,	15,	0.3
28,	2,	4,	3,	34,	uso_300ms_39.wav,	9,	414,	11.9,	3.241182565689087,	15,	0.3
28,	2,	4,	3,	35,	uso_300ms_95.wav,	8,	373,	10.53,	1.84236478805542,	15,	0.3
28,	2,	4,	3,	36,	uso_300ms_33.wav,	6,	290,	7.77,	2.516801357269287,	15,	0.3
28,	2,	4,	3,	37,	uso_300ms_65.wav,	7,	373,	10.53,	2.233656883239746,	15,	0.3
28,	2,	4,	3,	38,	uso_300ms_9.wav,	9,	274,	7.23,	6.72006630897522,	15,	0.3
28,	2,	4,	3,	39,	uso_300ms_46.wav,	5,	237,	6.0,	2.6939172744750977,	15,	0.3
28,	2,	4,	3,	40,	uso_300ms_59.wav,	8,	399,	11.4,	4.471237659454346,	15,	0.3
28,	2,	4,	3,	41,	uso_300ms_11.wav,	6,	252,	6.5,	4.289714813232422,	15,	0.3
28,	2,	4,	3,	42,	uso_300ms_58.wav,	7,	377,	10.67,	3.768786668777466,	15,	0.3
28,	2,	4,	3,	43,	uso_300ms_22.wav,	8,	324,	8.9,	3.81086802482605,	15,	0.3
28,	2,	4,	3,	44,	uso_300ms_81.wav,	9,	428,	12.37,	2.933901071548462,	15,	0.3
28,	2,	4,	3,	45,	uso_300ms_62.wav,	5,	399,	11.4,	3.5498945713043213,	15,	0.3
28,	2,	4,	3,	46,	uso_300ms_14.wav,	6,	290,	7.77,	5.5402140617370605,	15,	0.3
28,	2,	4,	3,	47,	uso_300ms_98.wav,	9,	442,	12.83,	2.630265712738037,	15,	0.3
28,	2,	4,	3,	48,	uso_300ms_88.wav,	8,	409,	11.73,	2.2244484424591064,	15,	0.3
28,	2,	4,	3,	49,	uso_300ms_71.wav,	5,	326,	8.97,	8.612727880477905,	15,	0.3
28,	2,	4,	3,	50,	uso_300ms_13.wav,	7,	263,	6.87,	3.4242610931396484,	15,	0.3
28,	2,	4,	3,	51,	uso_300ms_84.wav,	9,	242,	6.17,	5.971759796142578,	15,	0.3
28,	2,	4,	3,	52,	uso_300ms_21.wav,	8,	382,	10.83,	3.6948282718658447,	15,	0.3
28,	2,	4,	3,	53,	uso_300ms_56.wav,	5,	261,	6.8,	2.9125516414642334,	15,	0.3
28,	2,	4,	3,	54,	uso_300ms_86.wav,	7,	341,	9.47,	4.739885091781616,	15,	0.3
28,	2,	4,	3,	55,	uso_300ms_21.wav,	6,	395,	11.27,	4.116326332092285,	15,	0.3
28,	2,	4,	3,	56,	uso_300ms_82.wav,	9,	432,	12.5,	2.888650417327881,	15,	0.3
28,	2,	4,	3,	57,	uso_300ms_100.wav,	7,	327,	9.0,	4.4657883644104,	15,	0.3
28,	2,	4,	3,	58,	uso_300ms_29.wav,	5,	251,	6.47,	3.2890584468841553,	15,	0.3
28,	2,	4,	3,	59,	uso_300ms_86.wav,	6,	230,	5.77,	1.6958036422729492,	15,	0.3
28,	2,	4,	3,	60,	uso_300ms_87.wav,	8,	345,	9.6,	3.0963551998138428,	15,	0.3
28,	2,	4,	3,	61,	uso_300ms_46.wav,	6,	272,	7.17,	3.209185838699341,	15,	0.3
28,	2,	4,	3,	62,	uso_300ms_1.wav,	5,	326,	8.97,	2.783315658569336,	15,	0.3
28,	2,	4,	3,	63,	uso_300ms_49.wav,	8,	402,	11.5,	6.053138732910156,	15,	0.3
28,	2,	4,	3,	64,	uso_300ms_38.wav,	9,	274,	7.23,	2.9634664058685303,	15,	0.3
28,	2,	4,	3,	65,	uso_300ms_75.wav,	7,	236,	5.97,	4.47076416015625,	15,	0.3
28,	2,	4,	3,	66,	uso_300ms_86.wav,	6,	282,	7.5,	2.9841291904449463,	15,	0.3
28,	2,	4,	3,	67,	uso_300ms_46.wav,	9,	384,	10.9,	5.50447678565979,	15,	0.3
28,	2,	4,	3,	68,	uso_300ms_49.wav,	7,	331,	9.13,	2.0103702545166016,	15,	0.3
28,	2,	4,	3,	69,	uso_300ms_13.wav,	8,	362,	10.17,	3.953819751739502,	15,	0.3
28,	2,	4,	3,	70,	uso_300ms_81.wav,	5,	282,	7.5,	2.5452938079833984,	15,	0.3
28,	2,	4,	3,	71,	uso_300ms_47.wav,	9,	371,	10.47,	2.607187509536743,	15,	0.3
28,	2,	4,	3,	72,	uso_300ms_16.wav,	6,	253,	6.53,	4.938038349151611,	15,	0.3
28,	2,	4,	3,	73,	uso_300ms_12.wav,	5,	215,	5.27,	2.477517604827881,	15,	0.3
28,	2,	4,	3,	74,	uso_300ms_47.wav,	8,	329,	9.07,	3.7687735557556152,	15,	0.3
28,	2,	4,	3,	75,	uso_300ms_1.wav,	7,	384,	10.9,	2.2189059257507324,	15,	0.3
