sub_id,cond_id,block_id,task_id,event_id,stim_id,speaker_id,led_id,led_distance,response_time,n_reps,isi
28,	2,	1,	3,	1,	uso_300ms_67.wav,	6,	336,	9.3,	5.488154649734497,	15,	0.3
28,	2,	1,	3,	2,	uso_300ms_10.wav,	7,	406,	11.63,	4.60357141494751,	15,	0.3
28,	2,	1,	3,	3,	uso_300ms_68.wav,	5,	280,	7.43,	6.570494651794434,	15,	0.3
28,	2,	1,	3,	4,	uso_300ms_57.wav,	8,	414,	11.9,	4.752934455871582,	15,	0.3
28,	2,	1,	3,	5,	uso_300ms_54.wav,	9,	386,	10.97,	8.497997999191284,	15,	0.3
28,	2,	1,	3,	6,	uso_300ms_43.wav,	5,	267,	7.0,	5.62442946434021,	15,	0.3
28,	2,	1,	3,	7,	uso_300ms_64.wav,	8,	347,	9.67,	6.467940807342529,	15,	0.3
28,	2,	1,	3,	8,	uso_300ms_67.wav,	7,	269,	7.07,	8.6664559841156,	15,	0.3
28,	2,	1,	3,	9,	uso_300ms_28.wav,	9,	243,	6.2,	5.053289413452148,	15,	0.3
28,	2,	1,	3,	10,	uso_300ms_65.wav,	6,	383,	10.87,	3.236285448074341,	15,	0.3
28,	2,	1,	3,	11,	uso_300ms_78.wav,	7,	344,	9.57,	11.115691900253296,	15,	0.3
28,	2,	1,	3,	12,	uso_300ms_35.wav,	8,	422,	12.17,	5.880375146865845,	15,	0.3
28,	2,	1,	3,	13,	uso_300ms_99.wav,	6,	311,	8.47,	4.11362099647522,	15,	0.3
28,	2,	1,	3,	14,	uso_300ms_17.wav,	5,	261,	6.8,	3.6561410427093506,	15,	0.3
28,	2,	1,	3,	15,	uso_300ms_58.wav,	9,	356,	9.97,	4.683615446090698,	15,	0.3
28,	2,	1,	3,	16,	uso_300ms_87.wav,	8,	398,	11.37,	3.660352945327759,	15,	0.3
28,	2,	1,	3,	17,	uso_300ms_24.wav,	5,	407,	11.67,	6.074474096298218,	15,	0.3
28,	2,	1,	3,	18,	uso_300ms_100.wav,	7,	315,	8.6,	3.306962728500366,	15,	0.3
28,	2,	1,	3,	19,	uso_300ms_64.wav,	9,	246,	6.3,	2.793905258178711,	15,	0.3
28,	2,	1,	3,	20,	uso_300ms_45.wav,	6,	286,	7.63,	3.313237190246582,	15,	0.3
28,	2,	1,	3,	21,	uso_300ms_85.wav,	8,	343,	9.53,	4.35080885887146,	15,	0.3
28,	2,	1,	3,	22,	uso_300ms_54.wav,	7,	401,	11.47,	5.794044256210327,	15,	0.3
28,	2,	1,	3,	23,	uso_300ms_8.wav,	9,	342,	9.5,	6.713984966278076,	15,	0.3
28,	2,	1,	3,	24,	uso_300ms_2.wav,	6,	307,	8.33,	5.040582895278931,	15,	0.3
28,	2,	1,	3,	25,	uso_300ms_21.wav,	5,	346,	9.63,	3.509024143218994,	15,	0.3
28,	2,	1,	3,	26,	uso_300ms_80.wav,	9,	316,	8.63,	4.382599592208862,	15,	0.3
28,	2,	1,	3,	27,	uso_300ms_14.wav,	8,	405,	11.6,	5.213899850845337,	15,	0.3
28,	2,	1,	3,	28,	uso_300ms_5.wav,	5,	339,	9.4,	9.0079927444458,	15,	0.3
28,	2,	1,	3,	29,	uso_300ms_15.wav,	7,	274,	7.23,	7.136491298675537,	15,	0.3
28,	2,	1,	3,	30,	uso_300ms_69.wav,	6,	245,	6.27,	4.884753704071045,	15,	0.3
28,	2,	1,	3,	31,	uso_300ms_3.wav,	7,	430,	12.43,	4.585751295089722,	15,	0.3
28,	2,	1,	3,	32,	uso_300ms_45.wav,	8,	350,	9.77,	4.126842498779297,	15,	0.3
28,	2,	1,	3,	33,	uso_300ms_100.wav,	5,	364,	10.23,	12.23459768295288,	15,	0.3
28,	2,	1,	3,	34,	uso_300ms_87.wav,	9,	289,	7.73,	6.922241926193237,	15,	0.3
28,	2,	1,	3,	35,	uso_300ms_93.wav,	6,	233,	5.87,	5.410733938217163,	15,	0.3
28,	2,	1,	3,	36,	uso_300ms_90.wav,	7,	295,	7.93,	4.136602163314819,	15,	0.3
28,	2,	1,	3,	37,	uso_300ms_36.wav,	9,	327,	9.0,	3.6327669620513916,	15,	0.3
28,	2,	1,	3,	38,	uso_300ms_7.wav,	6,	266,	6.97,	4.427808046340942,	15,	0.3
28,	2,	1,	3,	39,	uso_300ms_69.wav,	8,	343,	9.53,	3.074486494064331,	15,	0.3
28,	2,	1,	3,	40,	uso_300ms_58.wav,	5,	247,	6.33,	3.6724846363067627,	15,	0.3
28,	2,	1,	3,	41,	uso_300ms_29.wav,	7,	286,	7.63,	7.689377784729004,	15,	0.3
28,	2,	1,	3,	42,	uso_300ms_31.wav,	6,	276,	7.3,	8.534895420074463,	15,	0.3
28,	2,	1,	3,	43,	uso_300ms_74.wav,	8,	412,	11.83,	3.603825092315674,	15,	0.3
28,	2,	1,	3,	44,	uso_300ms_35.wav,	9,	441,	12.8,	2.1653225421905518,	15,	0.3
28,	2,	1,	3,	45,	uso_300ms_22.wav,	5,	340,	9.43,	2.4749345779418945,	15,	0.3
28,	2,	1,	3,	46,	uso_300ms_92.wav,	6,	363,	10.2,	2.2782046794891357,	15,	0.3
28,	2,	1,	3,	47,	uso_300ms_96.wav,	8,	287,	7.67,	2.877105474472046,	15,	0.3
28,	2,	1,	3,	48,	uso_300ms_71.wav,	5,	399,	11.4,	3.5533721446990967,	15,	0.3
28,	2,	1,	3,	49,	uso_300ms_31.wav,	7,	346,	9.63,	3.678744316101074,	15,	0.3
28,	2,	1,	3,	50,	uso_300ms_20.wav,	9,	429,	12.4,	3.941164255142212,	15,	0.3
28,	2,	1,	3,	51,	uso_300ms_4.wav,	7,	365,	10.27,	3.999211072921753,	15,	0.3
28,	2,	1,	3,	52,	uso_300ms_45.wav,	8,	425,	12.27,	2.5448455810546875,	15,	0.3
28,	2,	1,	3,	53,	uso_300ms_12.wav,	9,	278,	7.37,	2.9659323692321777,	15,	0.3
28,	2,	1,	3,	54,	uso_300ms_19.wav,	6,	383,	10.87,	5.9483723640441895,	15,	0.3
28,	2,	1,	3,	55,	uso_300ms_97.wav,	5,	276,	7.3,	5.625590801239014,	15,	0.3
28,	2,	1,	3,	56,	uso_300ms_9.wav,	7,	343,	9.53,	2.3117713928222656,	15,	0.3
28,	2,	1,	3,	57,	uso_300ms_67.wav,	9,	348,	9.7,	7.836975336074829,	15,	0.3
28,	2,	1,	3,	58,	uso_300ms_54.wav,	5,	271,	7.13,	5.3241894245147705,	15,	0.3
28,	2,	1,	3,	59,	uso_300ms_36.wav,	8,	272,	7.17,	8.016879320144653,	15,	0.3
28,	2,	1,	3,	60,	uso_300ms_41.wav,	6,	389,	11.07,	3.7145533561706543,	15,	0.3
28,	2,	1,	3,	61,	uso_300ms_8.wav,	5,	340,	9.43,	5.1875505447387695,	15,	0.3
28,	2,	1,	3,	62,	uso_300ms_98.wav,	9,	423,	12.2,	10.21872591972351,	15,	0.3
28,	2,	1,	3,	63,	uso_300ms_25.wav,	7,	280,	7.43,	2.479856014251709,	15,	0.3
28,	2,	1,	3,	64,	uso_300ms_73.wav,	6,	422,	12.17,	2.0181570053100586,	15,	0.3
28,	2,	1,	3,	65,	uso_300ms_50.wav,	8,	398,	11.37,	2.3137364387512207,	15,	0.3
28,	2,	1,	3,	66,	uso_300ms_94.wav,	9,	379,	10.73,	4.669649839401245,	15,	0.3
28,	2,	1,	3,	67,	uso_300ms_76.wav,	7,	335,	9.27,	4.062331914901733,	15,	0.3
28,	2,	1,	3,	68,	uso_300ms_34.wav,	5,	238,	6.03,	3.7980782985687256,	15,	0.3
28,	2,	1,	3,	69,	uso_300ms_83.wav,	6,	259,	6.73,	2.0053563117980957,	15,	0.3
28,	2,	1,	3,	70,	uso_300ms_63.wav,	8,	286,	7.63,	3.4456539154052734,	15,	0.3
28,	2,	1,	3,	71,	uso_300ms_61.wav,	9,	327,	9.0,	4.9452290534973145,	15,	0.3
28,	2,	1,	3,	72,	uso_300ms_50.wav,	7,	279,	7.4,	2.3485028743743896,	15,	0.3
28,	2,	1,	3,	73,	uso_300ms_35.wav,	5,	250,	6.43,	2.3732872009277344,	15,	0.3
28,	2,	1,	3,	74,	uso_300ms_26.wav,	6,	216,	5.3,	2.190176010131836,	15,	0.3
28,	2,	1,	3,	75,	uso_300ms_87.wav,	8,	228,	5.7,	2.854714870452881,	15,	0.3
