sub_id,cond_id,block_id,task_id,event_id,stim_id,speaker_id,led_id,led_distance,response_time,n_reps,isi
28,	2,	3,	3,	1,	uso_300ms_98.wav,	5,	90,	1.1,	nan,	90,	2
28,	2,	3,	3,	2,	uso_300ms_49.wav,	5,	181.82828200000029,	4.16,	nan,	90,	2
28,	2,	3,	3,	3,	uso_300ms_35.wav,	6,	286.1109010000003,	7.64,	nan,	90,	2
28,	2,	3,	3,	4,	uso_300ms_75.wav,	9,	377.85286600000046,	10.7,	nan,	90,	2
28,	2,	3,	3,	5,	uso_300ms_25.wav,	9,	422.2412030000005,	12.17,	nan,	90,	2
28,	2,	3,	3,	6,	uso_300ms_46.wav,	9,	453.4745590000005,	13.22,	nan,	90,	2
28,	2,	3,	3,	7,	uso_300ms_52.wav,	9,	423.6468310000005,	12.22,	nan,	90,	2
28,	2,	3,	3,	8,	uso_300ms_65.wav,	9,	377.7120050000005,	10.69,	nan,	90,	2
28,	2,	3,	3,	9,	uso_300ms_97.wav,	8,	345.5359240000004,	9.62,	nan,	90,	2
28,	2,	3,	3,	10,	uso_300ms_70.wav,	7,	318.6756500000004,	8.72,	nan,	90,	2
28,	2,	3,	3,	11,	uso_300ms_63.wav,	6,	289.58458100000047,	7.75,	nan,	90,	2
28,	2,	3,	3,	12,	uso_300ms_22.wav,	6,	284.42530100000056,	7.58,	nan,	90,	2
28,	2,	3,	3,	13,	uso_300ms_8.wav,	5,	276.4572290000005,	7.32,	nan,	90,	2
28,	2,	3,	3,	14,	uso_300ms_62.wav,	5,	230.3275580000005,	5.78,	nan,	90,	2
28,	2,	3,	3,	15,	uso_300ms_26.wav,	5,	236.5202830000006,	5.98,	nan,	90,	2
28,	2,	3,	3,	16,	uso_300ms_8.wav,	5,	197.6407780000007,	4.69,	nan,	90,	2
28,	2,	3,	3,	17,	uso_300ms_69.wav,	5,	180.1688480000007,	4.11,	nan,	90,	2
28,	2,	3,	3,	18,	uso_300ms_99.wav,	5,	170.4638310000007,	3.78,	nan,	90,	2
28,	2,	3,	3,	19,	uso_300ms_92.wav,	5,	140.7680180000007,	2.79,	nan,	90,	2
28,	2,	3,	3,	20,	uso_300ms_76.wav,	5,	127.6084450000007,	2.35,	nan,	90,	2
28,	2,	3,	3,	21,	uso_300ms_97.wav,	5,	123.69355500000067,	2.22,	nan,	90,	2
28,	2,	3,	3,	22,	uso_300ms_29.wav,	5,	116.23820500000066,	1.97,	nan,	90,	2
28,	2,	3,	3,	23,	uso_300ms_92.wav,	5,	100.40101300000066,	1.45,	nan,	90,	2
28,	2,	3,	3,	24,	uso_300ms_55.wav,	5,	89.75553200000066,	1.09,	nan,	90,	2
28,	2,	3,	3,	25,	uso_300ms_7.wav,	5,	83.38630900000067,	0.88,	nan,	90,	2
28,	2,	3,	3,	26,	uso_300ms_63.wav,	5,	102.1624160000007,	1.51,	nan,	90,	2
28,	2,	3,	3,	27,	uso_300ms_49.wav,	5,	126.36179400000071,	2.31,	nan,	90,	2
28,	2,	3,	3,	28,	uso_300ms_29.wav,	5,	146.63868000000062,	2.99,	nan,	90,	2
28,	2,	3,	3,	29,	uso_300ms_55.wav,	5,	175.68089600000064,	3.96,	nan,	90,	2
28,	2,	3,	3,	30,	uso_300ms_9.wav,	5,	201.93345100000067,	4.83,	nan,	90,	2
28,	2,	3,	3,	31,	uso_300ms_42.wav,	5,	241.5927630000006,	6.15,	nan,	90,	2
28,	2,	3,	3,	32,	uso_300ms_98.wav,	5,	272.9839410000005,	7.2,	nan,	90,	2
28,	2,	3,	3,	33,	uso_300ms_11.wav,	7,	327.8082350000007,	9.03,	nan,	90,	2
28,	2,	3,	3,	34,	uso_300ms_33.wav,	9,	383.42756100000094,	10.88,	nan,	90,	2
28,	2,	3,	3,	35,	uso_300ms_26.wav,	9,	446.02630000000084,	12.97,	nan,	90,	2
28,	2,	3,	3,	36,	uso_300ms_66.wav,	9,	452.59301400000095,	13.19,	nan,	90,	2
28,	2,	3,	3,	37,	uso_300ms_62.wav,	9,	401.46654700000084,	11.48,	nan,	90,	2
28,	2,	3,	3,	38,	uso_300ms_51.wav,	8,	355.11060800000087,	9.94,	nan,	90,	2
28,	2,	3,	3,	39,	uso_300ms_58.wav,	8,	345.5841260000009,	9.62,	nan,	90,	2
28,	2,	3,	3,	40,	uso_300ms_58.wav,	6,	309.82209200000096,	8.43,	nan,	90,	2
28,	2,	3,	3,	41,	uso_300ms_73.wav,	6,	282.9053420000007,	7.53,	nan,	90,	2
28,	2,	3,	3,	42,	uso_300ms_76.wav,	5,	240.25390100000058,	6.11,	nan,	90,	2
28,	2,	3,	3,	43,	uso_300ms_76.wav,	5,	225.1755370000006,	5.61,	nan,	90,	2
28,	2,	3,	3,	44,	uso_300ms_12.wav,	5,	213.2917980000006,	5.21,	nan,	90,	2
28,	2,	3,	3,	45,	uso_300ms_90.wav,	5,	204.06631600000065,	4.9,	nan,	90,	2
28,	2,	3,	3,	46,	uso_300ms_50.wav,	5,	173.23903700000068,	3.87,	nan,	90,	2
28,	2,	3,	3,	47,	uso_300ms_74.wav,	5,	132.82633600000065,	2.53,	nan,	90,	2
28,	2,	3,	3,	48,	uso_300ms_64.wav,	5,	115.06419300000063,	1.94,	nan,	90,	2
28,	2,	3,	3,	49,	uso_300ms_27.wav,	5,	148.7580770000006,	3.06,	nan,	90,	2
28,	2,	3,	3,	50,	uso_300ms_79.wav,	5,	104.38620400000057,	1.58,	nan,	90,	2
28,	2,	3,	3,	51,	uso_300ms_66.wav,	5,	104.33910800000054,	1.58,	nan,	90,	2
28,	2,	3,	3,	52,	uso_300ms_12.wav,	5,	160.62966400000053,	3.45,	nan,	90,	2
28,	2,	3,	3,	53,	uso_300ms_63.wav,	5,	267.6835690000005,	7.02,	nan,	90,	2
28,	2,	3,	3,	54,	uso_300ms_94.wav,	6,	290.52411400000045,	7.78,	nan,	90,	2
28,	2,	3,	3,	55,	uso_300ms_43.wav,	5,	133.8401110000004,	2.56,	nan,	90,	2
28,	2,	3,	3,	56,	uso_300ms_88.wav,	5,	100.93306900000043,	1.46,	nan,	90,	2
28,	2,	3,	3,	57,	uso_300ms_8.wav,	5,	175.01695300000046,	3.93,	nan,	90,	2
28,	2,	3,	3,	58,	uso_300ms_52.wav,	5,	227.3582140000005,	5.68,	nan,	90,	2
28,	2,	3,	3,	59,	uso_300ms_9.wav,	5,	257.20033400000057,	6.67,	nan,	90,	2
28,	2,	3,	3,	60,	uso_300ms_94.wav,	7,	330.7304620000005,	9.12,	nan,	90,	2
28,	2,	3,	3,	61,	uso_300ms_22.wav,	8,	356.4231990000002,	9.98,	nan,	90,	2
28,	2,	3,	3,	62,	uso_300ms_49.wav,	9,	406.977031,	11.67,	nan,	90,	2
28,	2,	3,	3,	63,	uso_300ms_51.wav,	9,	439.31899100000004,	12.74,	nan,	90,	2
28,	2,	3,	3,	64,	uso_300ms_73.wav,	9,	447.92211700000024,	13.03,	nan,	90,	2
28,	2,	3,	3,	65,	uso_300ms_81.wav,	9,	444.1645310000002,	12.91,	nan,	90,	2
28,	2,	3,	3,	66,	uso_300ms_74.wav,	9,	414.13689700000003,	11.9,	nan,	90,	2
28,	2,	3,	3,	67,	uso_300ms_66.wav,	9,	375.91663100000005,	10.63,	nan,	90,	2
28,	2,	3,	3,	68,	uso_300ms_42.wav,	8,	354.81096600000006,	9.93,	nan,	90,	2
28,	2,	3,	3,	69,	uso_300ms_10.wav,	7,	320.61288600000006,	8.79,	nan,	90,	2
28,	2,	3,	3,	70,	uso_300ms_17.wav,	7,	313.52770300000003,	8.55,	nan,	90,	2
28,	2,	3,	3,	71,	uso_300ms_93.wav,	6,	301.4545370000001,	8.15,	nan,	90,	2
28,	2,	3,	3,	72,	uso_300ms_51.wav,	6,	286.6407310000001,	7.65,	nan,	90,	2
28,	2,	3,	3,	73,	uso_300ms_96.wav,	5,	272.6876590000001,	7.19,	nan,	90,	2
28,	2,	3,	3,	74,	uso_300ms_63.wav,	5,	249.4754210000001,	6.42,	nan,	90,	2
28,	2,	3,	3,	75,	uso_300ms_10.wav,	5,	217.6461200000005,	5.35,	nan,	90,	2
28,	2,	3,	3,	76,	uso_300ms_53.wav,	5,	152.82551100000055,	3.19,	nan,	90,	2
28,	2,	3,	3,	77,	uso_300ms_99.wav,	5,	107.00963600000051,	1.67,	nan,	90,	2
28,	2,	3,	3,	78,	uso_300ms_54.wav,	6,	287.4340830000005,	7.68,	nan,	90,	2
28,	2,	3,	3,	79,	uso_300ms_29.wav,	9,	374.59232900000046,	10.59,	nan,	90,	2
28,	2,	3,	3,	80,	uso_300ms_45.wav,	9,	381.18196100000046,	10.81,	nan,	90,	2
28,	2,	3,	3,	81,	uso_300ms_93.wav,	7,	316.3877700000005,	8.65,	nan,	90,	2
28,	2,	3,	3,	82,	uso_300ms_50.wav,	6,	292.19041500000066,	7.84,	nan,	90,	2
28,	2,	3,	3,	83,	uso_300ms_70.wav,	5,	275.82811100000026,	7.29,	nan,	90,	2
28,	2,	3,	3,	84,	uso_300ms_43.wav,	5,	175.61208600000015,	3.95,	nan,	90,	2
28,	2,	3,	3,	85,	uso_300ms_75.wav,	5,	148.60535800000017,	3.05,	nan,	90,	2
28,	2,	3,	3,	86,	uso_300ms_70.wav,	5,	133.39041700000013,	2.55,	nan,	90,	2
28,	2,	3,	3,	87,	uso_300ms_89.wav,	5,	108.1168260000003,	1.7,	nan,	90,	2
28,	2,	3,	3,	88,	uso_300ms_97.wav,	5,	106.67748600000061,	1.66,	nan,	90,	2
28,	2,	3,	3,	89,	uso_300ms_74.wav,	5,	178.26148800000104,	4.04,	nan,	90,	2
28,	2,	3,	3,	90,	uso_300ms_53.wav,	5,	256.84313100000105,	6.66,	nan,	90,	2
