sub_id,cond_id,block_id,task_id,event_id,stim_id,speaker_id,led_id,led_distance,response_time,n_reps,isi
28,	2,	6,	1,	1,	uso_300ms_97.wav,	3,	177,	4.0,	2.259110450744629,	15,	0.3
28,	2,	6,	1,	2,	uso_300ms_32.wav,	2,	167,	3.67,	1.708373785018921,	15,	0.3
28,	2,	6,	1,	3,	uso_300ms_69.wav,	7,	227,	5.67,	1.590947151184082,	15,	0.3
28,	2,	6,	1,	4,	uso_300ms_41.wav,	1,	179,	4.07,	2.5595004558563232,	15,	0.3
28,	2,	6,	1,	5,	uso_300ms_41.wav,	9,	354,	9.9,	2.4737508296966553,	15,	0.3
28,	2,	6,	1,	6,	uso_300ms_94.wav,	8,	331,	9.13,	3.4030263423919678,	15,	0.3
28,	2,	6,	1,	7,	uso_300ms_38.wav,	5,	262,	6.83,	1.7094321250915527,	15,	0.3
28,	2,	6,	1,	8,	uso_300ms_19.wav,	6,	216,	5.3,	1.2553894519805908,	15,	0.3
28,	2,	6,	1,	9,	uso_300ms_39.wav,	4,	245,	6.27,	1.7822420597076416,	15,	0.3
28,	2,	6,	1,	10,	uso_300ms_29.wav,	0,	146,	2.97,	4.099855184555054,	15,	0.3
28,	2,	6,	1,	11,	uso_300ms_80.wav,	10,	355,	9.93,	2.533149242401123,	15,	0.3
28,	2,	6,	1,	12,	uso_300ms_54.wav,	3,	255,	6.6,	1.5881240367889404,	15,	0.3
28,	2,	6,	1,	13,	uso_300ms_27.wav,	2,	191,	4.47,	1.6052565574645996,	15,	0.3
28,	2,	6,	1,	14,	uso_300ms_65.wav,	7,	395,	11.27,	2.890069007873535,	15,	0.3
28,	2,	6,	1,	15,	uso_300ms_55.wav,	1,	198,	4.7,	2.8987083435058594,	15,	0.3
28,	2,	6,	1,	16,	uso_300ms_12.wav,	10,	340,	9.43,	4.504177808761597,	15,	0.3
28,	2,	6,	1,	17,	uso_300ms_2.wav,	6,	245,	6.27,	2.130370616912842,	15,	0.3
28,	2,	6,	1,	18,	uso_300ms_78.wav,	5,	322,	8.83,	1.859527587890625,	15,	0.3
28,	2,	6,	1,	19,	uso_300ms_22.wav,	0,	167,	3.67,	2.374558448791504,	15,	0.3
28,	2,	6,	1,	20,	uso_300ms_85.wav,	8,	393,	11.2,	2.37475323677063,	15,	0.3
28,	2,	6,	1,	21,	uso_300ms_14.wav,	9,	333,	9.2,	2.879258155822754,	15,	0.3
28,	2,	6,	1,	22,	uso_300ms_95.wav,	4,	224,	5.57,	1.5154385566711426,	15,	0.3
28,	2,	6,	1,	23,	uso_300ms_79.wav,	5,	293,	7.87,	2.3135106563568115,	15,	0.3
28,	2,	6,	1,	24,	uso_300ms_91.wav,	7,	406,	11.63,	3.0935049057006836,	15,	0.3
28,	2,	6,	1,	25,	uso_300ms_68.wav,	4,	362,	10.17,	1.785951852798462,	15,	0.3
28,	2,	6,	1,	26,	uso_300ms_41.wav,	0,	182,	4.17,	4.93744969367981,	15,	0.3
28,	2,	6,	1,	27,	uso_300ms_50.wav,	6,	264,	6.9,	2.727816581726074,	15,	0.3
28,	2,	6,	1,	28,	uso_300ms_64.wav,	10,	426,	12.3,	4.0674965381622314,	15,	0.3
28,	2,	6,	1,	29,	uso_300ms_63.wav,	1,	215,	5.27,	2.3513083457946777,	15,	0.3
28,	2,	6,	1,	30,	uso_300ms_13.wav,	2,	187,	4.33,	2.237436056137085,	15,	0.3
28,	2,	6,	1,	31,	uso_300ms_42.wav,	8,	359,	10.07,	5.3005688190460205,	15,	0.3
28,	2,	6,	1,	32,	uso_300ms_19.wav,	9,	405,	11.6,	5.583272218704224,	15,	0.3
28,	2,	6,	1,	33,	uso_300ms_32.wav,	3,	248,	6.37,	2.066880941390991,	15,	0.3
28,	2,	6,	1,	34,	uso_300ms_67.wav,	1,	178,	4.03,	1.4118461608886719,	15,	0.3
28,	2,	6,	1,	35,	uso_300ms_25.wav,	9,	332,	9.17,	2.5805623531341553,	15,	0.3
28,	2,	6,	1,	36,	uso_300ms_89.wav,	0,	141,	2.8,	3.5932271480560303,	15,	0.3
28,	2,	6,	1,	37,	uso_300ms_85.wav,	4,	263,	6.87,	2.322402238845825,	15,	0.3
28,	2,	6,	1,	38,	uso_300ms_22.wav,	8,	380,	10.77,	1.988088607788086,	15,	0.3
28,	2,	6,	1,	39,	uso_300ms_13.wav,	6,	283,	7.53,	1.9960706233978271,	15,	0.3
28,	2,	6,	1,	40,	uso_300ms_85.wav,	7,	410,	11.77,	2.0791261196136475,	15,	0.3
28,	2,	6,	1,	41,	uso_300ms_95.wav,	10,	441,	12.8,	5.654528617858887,	15,	0.3
28,	2,	6,	1,	42,	uso_300ms_73.wav,	5,	332,	9.17,	4.1018946170806885,	15,	0.3
28,	2,	6,	1,	43,	uso_300ms_59.wav,	3,	239,	6.07,	2.163398265838623,	15,	0.3
28,	2,	6,	1,	44,	uso_300ms_23.wav,	2,	197,	4.67,	1.2285583019256592,	15,	0.3
28,	2,	6,	1,	45,	uso_300ms_63.wav,	6,	318,	8.7,	2.0976152420043945,	15,	0.3
28,	2,	6,	1,	46,	uso_300ms_70.wav,	2,	193,	4.53,	2.2340638637542725,	15,	0.3
28,	2,	6,	1,	47,	uso_300ms_90.wav,	7,	367,	10.33,	2.581693410873413,	15,	0.3
28,	2,	6,	1,	48,	uso_300ms_28.wav,	5,	281,	7.47,	2.354860305786133,	15,	0.3
28,	2,	6,	1,	49,	uso_300ms_62.wav,	0,	174,	3.9,	2.5976004600524902,	15,	0.3
28,	2,	6,	1,	50,	uso_300ms_41.wav,	9,	390,	11.1,	4.81402587890625,	15,	0.3
28,	2,	6,	1,	51,	uso_300ms_20.wav,	8,	348,	9.7,	2.551466703414917,	15,	0.3
28,	2,	6,	1,	52,	uso_300ms_98.wav,	4,	270,	7.1,	2.808906078338623,	15,	0.3
28,	2,	6,	1,	53,	uso_300ms_18.wav,	1,	196,	4.63,	1.4037656784057617,	15,	0.3
28,	2,	6,	1,	54,	uso_300ms_99.wav,	10,	388,	11.03,	2.5606026649475098,	15,	0.3
28,	2,	6,	1,	55,	uso_300ms_84.wav,	3,	243,	6.2,	1.991866111755371,	15,	0.3
28,	2,	6,	1,	56,	uso_300ms_64.wav,	8,	365,	10.27,	5.704255104064941,	15,	0.3
28,	2,	6,	1,	57,	uso_300ms_71.wav,	4,	253,	6.53,	2.025675058364868,	15,	0.3
28,	2,	6,	1,	58,	uso_300ms_77.wav,	0,	160,	3.43,	8.32627820968628,	15,	0.3
28,	2,	6,	1,	59,	uso_300ms_43.wav,	6,	311,	8.47,	4.0444536209106445,	15,	0.3
28,	2,	6,	1,	60,	uso_300ms_45.wav,	3,	215,	5.27,	4.342950344085693,	15,	0.3
28,	2,	6,	1,	61,	uso_300ms_63.wav,	2,	184,	4.23,	2.0920794010162354,	15,	0.3
28,	2,	6,	1,	62,	uso_300ms_59.wav,	10,	398,	11.37,	2.724471092224121,	15,	0.3
28,	2,	6,	1,	63,	uso_300ms_57.wav,	7,	359,	10.07,	7.056700706481934,	15,	0.3
28,	2,	6,	1,	64,	uso_300ms_45.wav,	1,	213,	5.2,	4.248126983642578,	15,	0.3
28,	2,	6,	1,	65,	uso_300ms_90.wav,	5,	274,	7.23,	5.248010158538818,	15,	0.3
28,	2,	6,	1,	66,	uso_300ms_98.wav,	9,	421,	12.13,	2.797300100326538,	15,	0.3
28,	2,	6,	1,	67,	uso_300ms_87.wav,	2,	273,	7.2,	2.601834774017334,	15,	0.3
28,	2,	6,	1,	68,	uso_300ms_19.wav,	6,	348,	9.7,	1.4184596538543701,	15,	0.3
28,	2,	6,	1,	69,	uso_300ms_17.wav,	3,	228,	5.7,	1.5362799167633057,	15,	0.3
28,	2,	6,	1,	70,	uso_300ms_72.wav,	1,	165,	3.6,	1.3539986610412598,	15,	0.3
28,	2,	6,	1,	71,	uso_300ms_57.wav,	0,	126,	2.3,	1.3037238121032715,	15,	0.3
28,	2,	6,	1,	72,	uso_300ms_42.wav,	7,	370,	10.43,	3.4529333114624023,	15,	0.3
28,	2,	6,	1,	73,	uso_300ms_15.wav,	10,	272,	7.17,	3.7741308212280273,	15,	0.3
28,	2,	6,	1,	74,	uso_300ms_16.wav,	8,	354,	9.9,	3.270991325378418,	15,	0.3
28,	2,	6,	1,	75,	uso_300ms_72.wav,	9,	418,	12.03,	3.103487014770508,	15,	0.3
28,	2,	6,	1,	76,	uso_300ms_50.wav,	4,	284,	7.57,	1.7592732906341553,	15,	0.3
28,	2,	6,	1,	77,	uso_300ms_89.wav,	5,	345,	9.6,	5.196815252304077,	15,	0.3
28,	2,	6,	1,	78,	uso_300ms_31.wav,	3,	217,	5.33,	3.5800373554229736,	15,	0.3
28,	2,	6,	1,	79,	uso_300ms_13.wav,	9,	330,	9.1,	5.321990728378296,	15,	0.3
28,	2,	6,	1,	80,	uso_300ms_67.wav,	0,	133,	2.53,	2.3636791706085205,	15,	0.3
28,	2,	6,	1,	81,	uso_300ms_54.wav,	4,	210,	5.1,	1.4390931129455566,	15,	0.3
28,	2,	6,	1,	82,	uso_300ms_89.wav,	6,	361,	10.13,	1.8584249019622803,	15,	0.3
28,	2,	6,	1,	83,	uso_300ms_61.wav,	10,	415,	11.93,	3.2864773273468018,	15,	0.3
28,	2,	6,	1,	84,	uso_300ms_65.wav,	1,	176,	3.97,	3.7687337398529053,	15,	0.3
28,	2,	6,	1,	85,	uso_300ms_15.wav,	7,	415,	11.93,	5.281487703323364,	15,	0.3
28,	2,	6,	1,	86,	uso_300ms_15.wav,	2,	243,	6.2,	2.0230276584625244,	15,	0.3
28,	2,	6,	1,	87,	uso_300ms_83.wav,	8,	346,	9.63,	2.9967105388641357,	15,	0.3
28,	2,	6,	1,	88,	uso_300ms_66.wav,	5,	368,	10.37,	2.7908530235290527,	15,	0.3
28,	2,	6,	1,	89,	uso_300ms_80.wav,	10,	418,	12.03,	1.700911045074463,	15,	0.3
28,	2,	6,	1,	90,	uso_300ms_1.wav,	7,	435,	12.6,	1.3842430114746094,	15,	0.3
28,	2,	6,	1,	91,	uso_300ms_54.wav,	4,	334,	9.23,	2.853806734085083,	15,	0.3
28,	2,	6,	1,	92,	uso_300ms_60.wav,	3,	241,	6.13,	2.0852575302124023,	15,	0.3
28,	2,	6,	1,	93,	uso_300ms_53.wav,	2,	266,	6.97,	4.091115474700928,	15,	0.3
28,	2,	6,	1,	94,	uso_300ms_82.wav,	1,	179,	4.07,	1.9378290176391602,	15,	0.3
28,	2,	6,	1,	95,	uso_300ms_35.wav,	5,	237,	6.0,	1.7963156700134277,	15,	0.3
28,	2,	6,	1,	96,	uso_300ms_14.wav,	6,	299,	8.07,	2.2548041343688965,	15,	0.3
28,	2,	6,	1,	97,	uso_300ms_91.wav,	9,	396,	11.3,	1.6875696182250977,	15,	0.3
28,	2,	6,	1,	98,	uso_300ms_75.wav,	8,	357,	10.0,	1.3363118171691895,	15,	0.3
28,	2,	6,	1,	99,	uso_300ms_59.wav,	0,	162,	3.5,	3.1695022583007812,	15,	0.3
28,	2,	6,	1,	100,	uso_300ms_91.wav,	6,	255,	6.6,	1.7449915409088135,	15,	0.3
28,	2,	6,	1,	101,	uso_300ms_19.wav,	7,	327,	9.0,	1.5548889636993408,	15,	0.3
28,	2,	6,	1,	102,	uso_300ms_19.wav,	8,	354,	9.9,	3.0070767402648926,	15,	0.3
28,	2,	6,	1,	103,	uso_300ms_82.wav,	3,	264,	6.9,	2.1905829906463623,	15,	0.3
28,	2,	6,	1,	104,	uso_300ms_30.wav,	2,	212,	5.17,	1.2068943977355957,	15,	0.3
28,	2,	6,	1,	105,	uso_300ms_95.wav,	9,	330,	9.1,	2.442708969116211,	15,	0.3
28,	2,	6,	1,	106,	uso_300ms_2.wav,	1,	224,	5.57,	2.3299646377563477,	15,	0.3
28,	2,	6,	1,	107,	uso_300ms_93.wav,	5,	270,	7.1,	5.609297752380371,	15,	0.3
28,	2,	6,	1,	108,	uso_300ms_56.wav,	4,	193,	4.53,	1.883601427078247,	15,	0.3
28,	2,	6,	1,	109,	uso_300ms_50.wav,	0,	148,	3.03,	1.1940371990203857,	15,	0.3
28,	2,	6,	1,	110,	uso_300ms_21.wav,	10,	408,	11.7,	3.251228094100952,	15,	0.3
28,	2,	6,	1,	111,	uso_300ms_71.wav,	8,	375,	10.6,	2.253584146499634,	15,	0.3
28,	2,	6,	1,	112,	uso_300ms_39.wav,	9,	310,	8.43,	2.9337682723999023,	15,	0.3
28,	2,	6,	1,	113,	uso_300ms_93.wav,	4,	245,	6.27,	1.6487526893615723,	15,	0.3
28,	2,	6,	1,	114,	uso_300ms_73.wav,	6,	399,	11.4,	3.367964267730713,	15,	0.3
28,	2,	6,	1,	115,	uso_300ms_27.wav,	5,	331,	9.13,	2.385028600692749,	15,	0.3
28,	2,	6,	1,	116,	uso_300ms_80.wav,	3,	288,	7.7,	1.3553497791290283,	15,	0.3
28,	2,	6,	1,	117,	uso_300ms_18.wav,	7,	350,	9.77,	1.8446459770202637,	15,	0.3
28,	2,	6,	1,	118,	uso_300ms_93.wav,	10,	415,	11.93,	1.6201167106628418,	15,	0.3
28,	2,	6,	1,	119,	uso_300ms_39.wav,	1,	247,	6.33,	1.917224407196045,	15,	0.3
28,	2,	6,	1,	120,	uso_300ms_81.wav,	0,	189,	4.4,	1.1839685440063477,	15,	0.3
28,	2,	6,	1,	121,	uso_300ms_9.wav,	2,	190,	4.43,	2.2182931900024414,	15,	0.3
28,	2,	6,	1,	122,	uso_300ms_48.wav,	8,	317,	8.67,	2.757915735244751,	15,	0.3
28,	2,	6,	1,	123,	uso_300ms_51.wav,	3,	253,	6.53,	1.8493711948394775,	15,	0.3
28,	2,	6,	1,	124,	uso_300ms_85.wav,	0,	194,	4.57,	1.3992469310760498,	15,	0.3
28,	2,	6,	1,	125,	uso_300ms_91.wav,	5,	264,	6.9,	2.5392355918884277,	15,	0.3
28,	2,	6,	1,	126,	uso_300ms_98.wav,	2,	224,	5.57,	1.528874158859253,	15,	0.3
28,	2,	6,	1,	127,	uso_300ms_91.wav,	9,	356,	9.97,	1.9861869812011719,	15,	0.3
28,	2,	6,	1,	128,	uso_300ms_5.wav,	1,	235,	5.93,	3.6088204383850098,	15,	0.3
28,	2,	6,	1,	129,	uso_300ms_27.wav,	4,	264,	6.9,	1.5657141208648682,	15,	0.3
28,	2,	6,	1,	130,	uso_300ms_83.wav,	6,	385,	10.93,	2.187074661254883,	15,	0.3
28,	2,	6,	1,	131,	uso_300ms_20.wav,	10,	413,	11.87,	2.2469565868377686,	15,	0.3
28,	2,	6,	1,	132,	uso_300ms_30.wav,	7,	359,	10.07,	2.948582410812378,	15,	0.3
28,	2,	6,	1,	133,	uso_300ms_83.wav,	9,	431,	12.47,	2.041443109512329,	15,	0.3
28,	2,	6,	1,	134,	uso_300ms_40.wav,	0,	158,	3.37,	3.6785478591918945,	15,	0.3
28,	2,	6,	1,	135,	uso_300ms_65.wav,	8,	284,	7.57,	5.449826955795288,	15,	0.3
28,	2,	6,	1,	136,	uso_300ms_74.wav,	4,	234,	5.9,	1.7087767124176025,	15,	0.3
28,	2,	6,	1,	137,	uso_300ms_57.wav,	1,	175,	3.93,	1.2309401035308838,	15,	0.3
28,	2,	6,	1,	138,	uso_300ms_85.wav,	10,	373,	10.53,	2.992856502532959,	15,	0.3
28,	2,	6,	1,	139,	uso_300ms_85.wav,	3,	223,	5.53,	4.060492992401123,	15,	0.3
28,	2,	6,	1,	140,	uso_300ms_69.wav,	7,	382,	10.83,	3.537663459777832,	15,	0.3
28,	2,	6,	1,	141,	uso_300ms_66.wav,	5,	261,	6.8,	2.894078254699707,	15,	0.3
28,	2,	6,	1,	142,	uso_300ms_5.wav,	6,	338,	9.37,	2.488212823867798,	15,	0.3
28,	2,	6,	1,	143,	uso_300ms_50.wav,	2,	186,	4.3,	2.2990612983703613,	15,	0.3
28,	2,	6,	1,	144,	uso_300ms_80.wav,	5,	232,	5.83,	1.3923664093017578,	15,	0.3
28,	2,	6,	1,	145,	uso_300ms_63.wav,	10,	396,	11.3,	3.1647510528564453,	15,	0.3
28,	2,	6,	1,	146,	uso_300ms_81.wav,	7,	364,	10.23,	3.1478168964385986,	15,	0.3
28,	2,	6,	1,	147,	uso_300ms_1.wav,	9,	436,	12.63,	2.1656715869903564,	15,	0.3
28,	2,	6,	1,	148,	uso_300ms_22.wav,	6,	328,	9.03,	2.5729353427886963,	15,	0.3
28,	2,	6,	1,	149,	uso_300ms_1.wav,	4,	268,	7.03,	1.8345518112182617,	15,	0.3
28,	2,	6,	1,	150,	uso_300ms_52.wav,	0,	159,	3.4,	2.0609591007232666,	15,	0.3
28,	2,	6,	1,	151,	uso_300ms_29.wav,	8,	344,	9.57,	3.720032215118408,	15,	0.3
28,	2,	6,	1,	152,	uso_300ms_96.wav,	1,	173,	3.87,	2.0994019508361816,	15,	0.3
28,	2,	6,	1,	153,	uso_300ms_72.wav,	3,	207,	5.0,	1.2620916366577148,	15,	0.3
28,	2,	6,	1,	154,	uso_300ms_73.wav,	2,	221,	5.47,	1.9478223323822021,	15,	0.3
28,	2,	6,	1,	155,	uso_300ms_49.wav,	9,	320,	8.77,	1.9823224544525146,	15,	0.3
28,	2,	6,	1,	156,	uso_300ms_86.wav,	6,	386,	10.97,	2.1205573081970215,	15,	0.3
28,	2,	6,	1,	157,	uso_300ms_73.wav,	8,	430,	12.43,	2.4606828689575195,	15,	0.3
28,	2,	6,	1,	158,	uso_300ms_33.wav,	4,	316,	8.63,	1.7979342937469482,	15,	0.3
28,	2,	6,	1,	159,	uso_300ms_31.wav,	0,	157,	3.33,	2.4981613159179688,	15,	0.3
28,	2,	6,	1,	160,	uso_300ms_89.wav,	5,	215,	5.27,	1.521794319152832,	15,	0.3
28,	2,	6,	1,	161,	uso_300ms_80.wav,	1,	155,	3.27,	3.156172513961792,	15,	0.3
28,	2,	6,	1,	162,	uso_300ms_60.wav,	3,	185,	4.27,	1.642237901687622,	15,	0.3
28,	2,	6,	1,	163,	uso_300ms_59.wav,	2,	196,	4.63,	2.5747110843658447,	15,	0.3
28,	2,	6,	1,	164,	uso_300ms_1.wav,	7,	274,	7.23,	1.869091272354126,	15,	0.3
28,	2,	6,	1,	165,	uso_300ms_45.wav,	10,	373,	10.53,	2.030484914779663,	15,	0.3
