sub_id,cond_id,block_id,task_id,event_id,stim_id,speaker_id,led_id,led_distance,response_time,n_reps,isi
28,	2,	5,	3,	1,	uso_300ms_80.wav,	5,	90,	1.1,	nan,	90,	2
28,	2,	5,	3,	2,	uso_300ms_34.wav,	5,	151.40325800000002,	3.15,	nan,	90,	2
28,	2,	5,	3,	3,	uso_300ms_73.wav,	5,	195.112973,	4.6,	nan,	90,	2
28,	2,	5,	3,	4,	uso_300ms_86.wav,	5,	141.26411500000003,	2.81,	nan,	90,	2
28,	2,	5,	3,	5,	uso_300ms_89.wav,	5,	228.76654400000004,	5.73,	nan,	90,	2
28,	2,	5,	3,	6,	uso_300ms_6.wav,	5,	102.74451500000004,	1.52,	nan,	90,	2
28,	2,	5,	3,	7,	uso_300ms_4.wav,	5,	273.29085599999996,	7.21,	nan,	90,	2
28,	2,	5,	3,	8,	uso_300ms_37.wav,	6,	305.51361999999995,	8.28,	nan,	90,	2
28,	2,	5,	3,	9,	uso_300ms_76.wav,	7,	326.5307489999999,	8.98,	nan,	90,	2
28,	2,	5,	3,	10,	uso_300ms_12.wav,	8,	363.95593399999996,	10.23,	nan,	90,	2
28,	2,	5,	3,	11,	uso_300ms_74.wav,	9,	381.78450000000004,	10.83,	nan,	90,	2
28,	2,	5,	3,	12,	uso_300ms_69.wav,	9,	432.89585400000004,	12.53,	nan,	90,	2
28,	2,	5,	3,	13,	uso_300ms_16.wav,	5,	88.77472000000002,	1.06,	nan,	90,	2
28,	2,	5,	3,	14,	uso_300ms_22.wav,	5,	255.176564,	6.61,	nan,	90,	2
28,	2,	5,	3,	15,	uso_300ms_75.wav,	6,	297.77365,	8.03,	nan,	90,	2
28,	2,	5,	3,	16,	uso_300ms_71.wav,	5,	233.5135520000001,	5.88,	nan,	90,	2
28,	2,	5,	3,	17,	uso_300ms_58.wav,	5,	233.5135520000001,	5.88,	nan,	90,	2
28,	2,	5,	3,	18,	uso_300ms_75.wav,	6,	298.06732800000003,	8.04,	nan,	90,	2
28,	2,	5,	3,	19,	uso_300ms_14.wav,	7,	328.620648,	9.05,	nan,	90,	2
28,	2,	5,	3,	20,	uso_300ms_60.wav,	8,	368.3100320000001,	10.38,	nan,	90,	2
28,	2,	5,	3,	21,	uso_300ms_95.wav,	5,	278.4045380000001,	7.38,	nan,	90,	2
28,	2,	5,	3,	22,	uso_300ms_79.wav,	9,	426.4640020000001,	12.32,	nan,	90,	2
28,	2,	5,	3,	23,	uso_300ms_47.wav,	6,	283.4845010000001,	7.55,	nan,	90,	2
28,	2,	5,	3,	24,	uso_300ms_92.wav,	9,	410.14933300000007,	11.77,	nan,	90,	2
28,	2,	5,	3,	25,	uso_300ms_20.wav,	9,	454.2764580000001,	13.24,	nan,	90,	2
28,	2,	5,	3,	26,	uso_300ms_83.wav,	9,	454.2764580000001,	13.24,	nan,	90,	2
28,	2,	5,	3,	27,	uso_300ms_1.wav,	9,	407.32878100000016,	11.68,	nan,	90,	2
28,	2,	5,	3,	28,	uso_300ms_58.wav,	9,	383.2141520000002,	10.87,	nan,	90,	2
28,	2,	5,	3,	29,	uso_300ms_14.wav,	7,	335.24345300000016,	9.27,	nan,	90,	2
28,	2,	5,	3,	30,	uso_300ms_12.wav,	6,	308.73870900000014,	8.39,	nan,	90,	2
28,	2,	5,	3,	31,	uso_300ms_83.wav,	6,	291.12464400000005,	7.8,	nan,	90,	2
28,	2,	5,	3,	32,	uso_300ms_85.wav,	5,	250.68948699999996,	6.46,	nan,	90,	2
28,	2,	5,	3,	33,	uso_300ms_63.wav,	5,	213.79162599999992,	5.23,	nan,	90,	2
28,	2,	5,	3,	34,	uso_300ms_73.wav,	5,	180.16693699999993,	4.11,	nan,	90,	2
28,	2,	5,	3,	35,	uso_300ms_40.wav,	6,	294.76708699999995,	7.93,	nan,	90,	2
28,	2,	5,	3,	36,	uso_300ms_71.wav,	8,	358.0904660000001,	10.04,	nan,	90,	2
28,	2,	5,	3,	37,	uso_300ms_37.wav,	9,	420.1350640000001,	12.1,	nan,	90,	2
28,	2,	5,	3,	38,	uso_300ms_3.wav,	8,	369.2550390000001,	10.41,	nan,	90,	2
28,	2,	5,	3,	39,	uso_300ms_80.wav,	8,	350.91639700000013,	9.8,	nan,	90,	2
28,	2,	5,	3,	40,	uso_300ms_10.wav,	7,	333.65144300000014,	9.22,	nan,	90,	2
28,	2,	5,	3,	41,	uso_300ms_70.wav,	6,	297.1055490000001,	8.0,	nan,	90,	2
28,	2,	5,	3,	42,	uso_300ms_49.wav,	5,	257.39494800000006,	6.68,	nan,	90,	2
28,	2,	5,	3,	43,	uso_300ms_19.wav,	5,	215.797266,	5.29,	nan,	90,	2
28,	2,	5,	3,	44,	uso_300ms_83.wav,	7,	326.819548,	8.99,	nan,	90,	2
28,	2,	5,	3,	45,	uso_300ms_65.wav,	9,	452.980891,	13.2,	nan,	90,	2
28,	2,	5,	3,	46,	uso_300ms_11.wav,	9,	381.51616199999995,	10.82,	nan,	90,	2
28,	2,	5,	3,	47,	uso_300ms_20.wav,	8,	356.0478309999999,	9.97,	nan,	90,	2
28,	2,	5,	3,	48,	uso_300ms_63.wav,	7,	337.8579039999999,	9.36,	nan,	90,	2
28,	2,	5,	3,	49,	uso_300ms_91.wav,	7,	320.01075999999995,	8.77,	nan,	90,	2
28,	2,	5,	3,	50,	uso_300ms_34.wav,	7,	320.01075999999995,	8.77,	nan,	90,	2
28,	2,	5,	3,	51,	uso_300ms_42.wav,	6,	290.2859389999999,	7.78,	nan,	90,	2
28,	2,	5,	3,	52,	uso_300ms_14.wav,	6,	290.2859389999999,	7.78,	nan,	90,	2
28,	2,	5,	3,	53,	uso_300ms_82.wav,	5,	277.2172329999999,	7.34,	nan,	90,	2
28,	2,	5,	3,	54,	uso_300ms_62.wav,	5,	274.7628230000001,	7.26,	nan,	90,	2
28,	2,	5,	3,	55,	uso_300ms_50.wav,	9,	387.20682600000004,	11.01,	nan,	90,	2
28,	2,	5,	3,	56,	uso_300ms_43.wav,	9,	404.7680340000001,	11.59,	nan,	90,	2
28,	2,	5,	3,	57,	uso_300ms_43.wav,	9,	417.57726400000007,	12.02,	nan,	90,	2
28,	2,	5,	3,	58,	uso_300ms_72.wav,	8,	370.19939500000004,	10.44,	nan,	90,	2
28,	2,	5,	3,	59,	uso_300ms_60.wav,	8,	370.19939500000004,	10.44,	nan,	90,	2
28,	2,	5,	3,	60,	uso_300ms_95.wav,	7,	340.79618200000004,	9.46,	nan,	90,	2
28,	2,	5,	3,	61,	uso_300ms_65.wav,	6,	292.20046699999995,	7.84,	nan,	90,	2
28,	2,	5,	3,	62,	uso_300ms_22.wav,	5,	266.44178299999993,	6.98,	nan,	90,	2
28,	2,	5,	3,	63,	uso_300ms_50.wav,	9,	434.61452199999997,	12.59,	nan,	90,	2
28,	2,	5,	3,	64,	uso_300ms_16.wav,	8,	370.5381249999999,	10.45,	nan,	90,	2
28,	2,	5,	3,	65,	uso_300ms_65.wav,	7,	334.72246399999983,	9.26,	nan,	90,	2
28,	2,	5,	3,	66,	uso_300ms_77.wav,	9,	412.3631739999999,	11.85,	nan,	90,	2
28,	2,	5,	3,	67,	uso_300ms_53.wav,	9,	380.67176599999993,	10.79,	nan,	90,	2
28,	2,	5,	3,	68,	uso_300ms_71.wav,	7,	339.1201229999998,	9.4,	nan,	90,	2
28,	2,	5,	3,	69,	uso_300ms_36.wav,	7,	313.6414739999998,	8.55,	nan,	90,	2
28,	2,	5,	3,	70,	uso_300ms_98.wav,	5,	265.7970969999998,	6.96,	nan,	90,	2
28,	2,	5,	3,	71,	uso_300ms_10.wav,	5,	211.63803399999964,	5.15,	nan,	90,	2
28,	2,	5,	3,	72,	uso_300ms_19.wav,	5,	181.1803199999996,	4.14,	nan,	90,	2
28,	2,	5,	3,	73,	uso_300ms_3.wav,	5,	242.06784599999966,	6.17,	nan,	90,	2
28,	2,	5,	3,	74,	uso_300ms_85.wav,	5,	281.81684899999965,	7.49,	nan,	90,	2
28,	2,	5,	3,	75,	uso_300ms_4.wav,	7,	332.0175379999996,	9.17,	nan,	90,	2
28,	2,	5,	3,	76,	uso_300ms_16.wav,	8,	366.4441049999996,	10.31,	nan,	90,	2
28,	2,	5,	3,	77,	uso_300ms_49.wav,	9,	407.25647799999956,	11.68,	nan,	90,	2
28,	2,	5,	3,	78,	uso_300ms_77.wav,	9,	425.24348899999956,	12.27,	nan,	90,	2
28,	2,	5,	3,	79,	uso_300ms_47.wav,	8,	366.91753599999953,	10.33,	nan,	90,	2
28,	2,	5,	3,	80,	uso_300ms_85.wav,	7,	315.74050099999954,	8.62,	nan,	90,	2
28,	2,	5,	3,	81,	uso_300ms_87.wav,	5,	272.21228899999943,	7.17,	nan,	90,	2
28,	2,	5,	3,	82,	uso_300ms_86.wav,	5,	227.1224749999994,	5.67,	nan,	90,	2
28,	2,	5,	3,	83,	uso_300ms_3.wav,	8,	354.5519729999994,	9.92,	nan,	90,	2
28,	2,	5,	3,	84,	uso_300ms_2.wav,	5,	210.06243899999944,	5.1,	nan,	90,	2
28,	2,	5,	3,	85,	uso_300ms_15.wav,	6,	295.44306299999937,	7.95,	nan,	90,	2
28,	2,	5,	3,	86,	uso_300ms_1.wav,	8,	356.94561599999935,	10.0,	nan,	90,	2
28,	2,	5,	3,	87,	uso_300ms_5.wav,	9,	408.8502239999994,	11.73,	nan,	90,	2
28,	2,	5,	3,	88,	uso_300ms_45.wav,	9,	432.5871049999994,	12.52,	nan,	90,	2
28,	2,	5,	3,	89,	uso_300ms_11.wav,	9,	432.5871049999994,	12.52,	nan,	90,	2
28,	2,	5,	3,	90,	uso_300ms_5.wav,	9,	418.61620399999936,	12.05,	nan,	90,	2
