sub_id,cond_id,block_id,task_id,event_id,stim_id,speaker_id,led_id,led_distance,response_time,n_reps,isi
28,	2,	2,	3,	1,	uso_300ms_71.wav,	6,	90,	1.1,	0.2008347511291504,	15,	0.3
28,	2,	2,	3,	2,	uso_300ms_54.wav,	5,	319,	8.73,	3.8841660022735596,	15,	0.3
28,	2,	2,	3,	3,	uso_300ms_10.wav,	7,	224,	5.57,	2.920602560043335,	15,	0.3
28,	2,	2,	3,	4,	uso_300ms_87.wav,	9,	356,	9.97,	3.6011829376220703,	15,	0.3
28,	2,	2,	3,	5,	uso_300ms_28.wav,	8,	394,	11.23,	4.160077095031738,	15,	0.3
28,	2,	2,	3,	6,	uso_300ms_22.wav,	6,	240,	6.1,	3.3808929920196533,	15,	0.3
28,	2,	2,	3,	7,	uso_300ms_90.wav,	7,	320,	8.77,	2.9177889823913574,	15,	0.3
28,	2,	2,	3,	8,	uso_300ms_72.wav,	9,	393,	11.2,	3.322007656097412,	15,	0.3
28,	2,	2,	3,	9,	uso_300ms_82.wav,	8,	423,	12.2,	3.1745455265045166,	15,	0.3
28,	2,	2,	3,	10,	uso_300ms_21.wav,	5,	262,	6.83,	2.8091156482696533,	15,	0.3
28,	2,	2,	3,	11,	uso_300ms_63.wav,	8,	355,	9.93,	3.3270726203918457,	15,	0.3
28,	2,	2,	3,	12,	uso_300ms_51.wav,	7,	251,	6.47,	3.891338586807251,	15,	0.3
28,	2,	2,	3,	13,	uso_300ms_51.wav,	5,	332,	9.17,	3.606407403945923,	15,	0.3
28,	2,	2,	3,	14,	uso_300ms_51.wav,	6,	267,	7.0,	3.02024245262146,	15,	0.3
28,	2,	2,	3,	15,	uso_300ms_18.wav,	9,	358,	10.03,	3.2726094722747803,	15,	0.3
28,	2,	2,	3,	16,	uso_300ms_99.wav,	6,	282,	7.5,	3.8241770267486572,	15,	0.3
28,	2,	2,	3,	17,	uso_300ms_96.wav,	8,	376,	10.63,	2.875443696975708,	15,	0.3
28,	2,	2,	3,	18,	uso_300ms_55.wav,	9,	412,	11.83,	2.356942892074585,	15,	0.3
28,	2,	2,	3,	19,	uso_300ms_62.wav,	7,	317,	8.67,	3.735382080078125,	15,	0.3
28,	2,	2,	3,	20,	uso_300ms_42.wav,	5,	273,	7.2,	3.023200750350952,	15,	0.3
28,	2,	2,	3,	21,	uso_300ms_54.wav,	8,	311,	8.47,	2.878474235534668,	15,	0.3
28,	2,	2,	3,	22,	uso_300ms_62.wav,	9,	372,	10.5,	3.573472499847412,	15,	0.3
28,	2,	2,	3,	23,	uso_300ms_86.wav,	5,	227,	5.67,	2.5841305255889893,	15,	0.3
28,	2,	2,	3,	24,	uso_300ms_52.wav,	6,	270,	7.1,	1.8505394458770752,	15,	0.3
28,	2,	2,	3,	25,	uso_300ms_21.wav,	7,	338,	9.37,	4.058646202087402,	15,	0.3
28,	2,	2,	3,	26,	uso_300ms_2.wav,	9,	369,	10.4,	3.5582828521728516,	15,	0.3
28,	2,	2,	3,	27,	uso_300ms_5.wav,	5,	252,	6.5,	3.1834232807159424,	15,	0.3
28,	2,	2,	3,	28,	uso_300ms_10.wav,	6,	210,	5.1,	5.610723257064819,	15,	0.3
28,	2,	2,	3,	29,	uso_300ms_25.wav,	8,	287,	7.67,	7.658411979675293,	15,	0.3
28,	2,	2,	3,	30,	uso_300ms_45.wav,	7,	398,	11.37,	3.0160157680511475,	15,	0.3
28,	2,	2,	3,	31,	uso_300ms_77.wav,	8,	361,	10.13,	2.4625425338745117,	15,	0.3
28,	2,	2,	3,	32,	uso_300ms_55.wav,	7,	426,	12.3,	4.149695634841919,	15,	0.3
28,	2,	2,	3,	33,	uso_300ms_69.wav,	9,	399,	11.4,	6.5308449268341064,	15,	0.3
28,	2,	2,	3,	34,	uso_300ms_72.wav,	6,	275,	7.27,	5.433779239654541,	15,	0.3
28,	2,	2,	3,	35,	uso_300ms_86.wav,	5,	241,	6.13,	4.101775169372559,	15,	0.3
28,	2,	2,	3,	36,	uso_300ms_35.wav,	6,	288,	7.7,	3.4709410667419434,	15,	0.3
28,	2,	2,	3,	37,	uso_300ms_52.wav,	5,	221,	5.47,	4.708433389663696,	15,	0.3
28,	2,	2,	3,	38,	uso_300ms_26.wav,	7,	285,	7.6,	3.3440120220184326,	15,	0.3
28,	2,	2,	3,	39,	uso_300ms_34.wav,	8,	364,	10.23,	3.2065999507904053,	15,	0.3
28,	2,	2,	3,	40,	uso_300ms_12.wav,	9,	273,	7.2,	4.558674335479736,	15,	0.3
28,	2,	2,	3,	41,	uso_300ms_13.wav,	6,	327,	9.0,	2.1339004039764404,	15,	0.3
28,	2,	2,	3,	42,	uso_300ms_84.wav,	5,	371,	10.47,	6.529038906097412,	15,	0.3
28,	2,	2,	3,	43,	uso_300ms_46.wav,	9,	419,	12.07,	3.644463300704956,	15,	0.3
28,	2,	2,	3,	44,	uso_300ms_19.wav,	8,	355,	9.93,	7.235182285308838,	15,	0.3
28,	2,	2,	3,	45,	uso_300ms_48.wav,	7,	257,	6.67,	2.65864896774292,	15,	0.3
28,	2,	2,	3,	46,	uso_300ms_21.wav,	9,	332,	9.17,	2.273615837097168,	15,	0.3
28,	2,	2,	3,	47,	uso_300ms_47.wav,	5,	225,	5.6,	2.664818286895752,	15,	0.3
28,	2,	2,	3,	48,	uso_300ms_28.wav,	7,	197,	4.67,	1.7221131324768066,	15,	0.3
28,	2,	2,	3,	49,	uso_300ms_50.wav,	8,	249,	6.4,	2.079972505569458,	15,	0.3
28,	2,	2,	3,	50,	uso_300ms_78.wav,	6,	346,	9.63,	1.9258809089660645,	15,	0.3
28,	2,	2,	3,	51,	uso_300ms_16.wav,	8,	291,	7.8,	2.246326446533203,	15,	0.3
28,	2,	2,	3,	52,	uso_300ms_74.wav,	5,	233,	5.87,	2.677539348602295,	15,	0.3
28,	2,	2,	3,	53,	uso_300ms_56.wav,	6,	349,	9.73,	3.679431915283203,	15,	0.3
28,	2,	2,	3,	54,	uso_300ms_53.wav,	9,	373,	10.53,	1.6143944263458252,	15,	0.3
28,	2,	2,	3,	55,	uso_300ms_50.wav,	7,	243,	6.2,	3.4648966789245605,	15,	0.3
28,	2,	2,	3,	56,	uso_300ms_25.wav,	5,	214,	5.23,	3.5119099617004395,	15,	0.3
28,	2,	2,	3,	57,	uso_300ms_3.wav,	9,	328,	9.03,	2.4962918758392334,	15,	0.3
28,	2,	2,	3,	58,	uso_300ms_98.wav,	7,	276,	7.3,	5.774724006652832,	15,	0.3
28,	2,	2,	3,	59,	uso_300ms_5.wav,	8,	232,	5.83,	3.953462839126587,	15,	0.3
28,	2,	2,	3,	60,	uso_300ms_69.wav,	6,	200,	4.77,	1.8995864391326904,	15,	0.3
28,	2,	2,	3,	61,	uso_300ms_55.wav,	5,	166,	3.63,	3.901578187942505,	15,	0.3
28,	2,	2,	3,	62,	uso_300ms_12.wav,	7,	250,	6.43,	4.56186318397522,	15,	0.3
28,	2,	2,	3,	63,	uso_300ms_68.wav,	6,	216,	5.3,	6.529624700546265,	15,	0.3
28,	2,	2,	3,	64,	uso_300ms_40.wav,	8,	369,	10.4,	6.745922327041626,	15,	0.3
28,	2,	2,	3,	65,	uso_300ms_33.wav,	9,	395,	11.27,	2.304363489151001,	15,	0.3
28,	2,	2,	3,	66,	uso_300ms_99.wav,	5,	223,	5.53,	3.7432641983032227,	15,	0.3
28,	2,	2,	3,	67,	uso_300ms_58.wav,	6,	277,	7.33,	3.006864070892334,	15,	0.3
28,	2,	2,	3,	68,	uso_300ms_32.wav,	9,	334,	9.23,	3.278902292251587,	15,	0.3
28,	2,	2,	3,	69,	uso_300ms_3.wav,	7,	383,	10.87,	3.304248094558716,	15,	0.3
28,	2,	2,	3,	70,	uso_300ms_97.wav,	8,	389,	11.07,	4.213025331497192,	15,	0.3
28,	2,	2,	3,	71,	uso_300ms_2.wav,	9,	280,	7.43,	3.7677149772644043,	15,	0.3
28,	2,	2,	3,	72,	uso_300ms_47.wav,	5,	261,	6.8,	3.3309357166290283,	15,	0.3
28,	2,	2,	3,	73,	uso_300ms_1.wav,	8,	295,	7.93,	4.639754772186279,	15,	0.3
28,	2,	2,	3,	74,	uso_300ms_42.wav,	7,	245,	6.27,	2.6810739040374756,	15,	0.3
28,	2,	2,	3,	75,	uso_300ms_63.wav,	6,	272,	7.17,	4.183692693710327,	15,	0.3
