sub_id,cond_id,block_id,task_id,event_id,stim_id,speaker_id,led_id,led_distance,response_time,n_reps,isi
16,	2,	6,	1,	1,	uso_300ms_1.wav,	9,	388,	11.03,	3.0444235801696777,	15,	0.3
16,	2,	6,	1,	2,	uso_300ms_19.wav,	1,	249,	6.4,	3.719592571258545,	15,	0.3
16,	2,	6,	1,	3,	uso_300ms_42.wav,	6,	324,	8.9,	2.243299722671509,	15,	0.3
16,	2,	6,	1,	4,	uso_300ms_55.wav,	4,	250,	6.43,	2.496011972427368,	15,	0.3
16,	2,	6,	1,	5,	uso_300ms_76.wav,	10,	357,	10.0,	2.383484125137329,	15,	0.3
16,	2,	6,	1,	6,	uso_300ms_56.wav,	5,	317,	8.67,	1.6477527618408203,	15,	0.3
16,	2,	6,	1,	7,	uso_300ms_32.wav,	2,	224,	5.57,	2.0493829250335693,	15,	0.3
16,	2,	6,	1,	8,	uso_300ms_91.wav,	3,	250,	6.43,	2.499258518218994,	15,	0.3
16,	2,	6,	1,	9,	uso_300ms_85.wav,	8,	360,	10.1,	2.790947914123535,	15,	0.3
16,	2,	6,	1,	10,	uso_300ms_48.wav,	7,	315,	8.6,	2.1687047481536865,	15,	0.3
16,	2,	6,	1,	11,	uso_300ms_58.wav,	0,	142,	2.83,	4.938967704772949,	15,	0.3
16,	2,	6,	1,	12,	uso_300ms_64.wav,	10,	442,	12.83,	4.356831312179565,	15,	0.3
16,	2,	6,	1,	13,	uso_300ms_4.wav,	2,	208,	5.03,	2.327676773071289,	15,	0.3
16,	2,	6,	1,	14,	uso_300ms_10.wav,	5,	237,	6.0,	1.2348599433898926,	15,	0.3
16,	2,	6,	1,	15,	uso_300ms_8.wav,	0,	105,	1.6,	3.8526089191436768,	15,	0.3
16,	2,	6,	1,	16,	uso_300ms_99.wav,	6,	191,	4.47,	2.2098984718322754,	15,	0.3
16,	2,	6,	1,	17,	uso_300ms_94.wav,	7,	242,	6.17,	1.152235507965088,	15,	0.3
16,	2,	6,	1,	18,	uso_300ms_59.wav,	9,	312,	8.5,	2.295609474182129,	15,	0.3
16,	2,	6,	1,	19,	uso_300ms_69.wav,	3,	189,	4.4,	2.4075841903686523,	15,	0.3
16,	2,	6,	1,	20,	uso_300ms_76.wav,	1,	150,	3.1,	2.2278356552124023,	15,	0.3
16,	2,	6,	1,	21,	uso_300ms_34.wav,	4,	180,	4.1,	1.565222978591919,	15,	0.3
16,	2,	6,	1,	22,	uso_300ms_79.wav,	8,	306,	8.3,	3.3474013805389404,	15,	0.3
16,	2,	6,	1,	23,	uso_300ms_99.wav,	10,	349,	9.73,	1.0996983051300049,	15,	0.3
16,	2,	6,	1,	24,	uso_300ms_19.wav,	7,	278,	7.37,	1.7201294898986816,	15,	0.3
16,	2,	6,	1,	25,	uso_300ms_84.wav,	8,	257,	6.67,	3.1356794834136963,	15,	0.3
16,	2,	6,	1,	26,	uso_300ms_72.wav,	5,	205,	4.93,	1.248316764831543,	15,	0.3
16,	2,	6,	1,	27,	uso_300ms_4.wav,	4,	156,	3.3,	2.1919360160827637,	15,	0.3
16,	2,	6,	1,	28,	uso_300ms_18.wav,	0,	103,	1.53,	1.9343533515930176,	15,	0.3
16,	2,	6,	1,	29,	uso_300ms_13.wav,	6,	130,	2.43,	1.135180950164795,	15,	0.3
16,	2,	6,	1,	30,	uso_300ms_74.wav,	1,	108,	1.7,	1.1024549007415771,	15,	0.3
16,	2,	6,	1,	31,	uso_300ms_92.wav,	2,	108,	1.7,	1.5090742111206055,	15,	0.3
16,	2,	6,	1,	32,	uso_300ms_50.wav,	3,	108,	1.7,	1.1226027011871338,	15,	0.3
16,	2,	6,	1,	33,	uso_300ms_88.wav,	9,	338,	9.37,	2.342696189880371,	15,	0.3
16,	2,	6,	1,	34,	uso_300ms_98.wav,	6,	294,	7.9,	1.5080313682556152,	15,	0.3
16,	2,	6,	1,	35,	uso_300ms_27.wav,	0,	108,	1.7,	3.7695083618164062,	15,	0.3
16,	2,	6,	1,	36,	uso_300ms_65.wav,	1,	119,	2.07,	1.5144588947296143,	15,	0.3
16,	2,	6,	1,	37,	uso_300ms_81.wav,	9,	232,	5.83,	3.6158523559570312,	15,	0.3
16,	2,	6,	1,	38,	uso_300ms_12.wav,	5,	334,	9.23,	0.20075392723083496,	15,	0.3
16,	2,	6,	1,	39,	uso_300ms_65.wav,	2,	246,	6.3,	2.7443671226501465,	15,	0.3
16,	2,	6,	1,	40,	uso_300ms_12.wav,	4,	267,	7.0,	1.8655204772949219,	15,	0.3
16,	2,	6,	1,	41,	uso_300ms_12.wav,	3,	215,	5.27,	1.2076985836029053,	15,	0.3
16,	2,	6,	1,	42,	uso_300ms_19.wav,	10,	382,	10.83,	2.3058061599731445,	15,	0.3
16,	2,	6,	1,	43,	uso_300ms_21.wav,	8,	400,	11.43,	1.8992233276367188,	15,	0.3
16,	2,	6,	1,	44,	uso_300ms_94.wav,	7,	324,	8.9,	1.8168268203735352,	15,	0.3
16,	2,	6,	1,	45,	uso_300ms_7.wav,	10,	294,	7.9,	3.1652989387512207,	15,	0.3
16,	2,	6,	1,	46,	uso_300ms_99.wav,	7,	262,	6.83,	2.983947277069092,	15,	0.3
16,	2,	6,	1,	47,	uso_300ms_57.wav,	1,	137,	2.67,	1.939849853515625,	15,	0.3
16,	2,	6,	1,	48,	uso_300ms_77.wav,	2,	182,	4.17,	1.292405128479004,	15,	0.3
16,	2,	6,	1,	49,	uso_300ms_34.wav,	8,	254,	6.57,	1.6448919773101807,	15,	0.3
16,	2,	6,	1,	50,	uso_300ms_36.wav,	5,	276,	7.3,	2.251483201980591,	15,	0.3
16,	2,	6,	1,	51,	uso_300ms_12.wav,	4,	276,	7.3,	2.403235912322998,	15,	0.3
16,	2,	6,	1,	52,	uso_300ms_69.wav,	3,	189,	4.4,	1.9525120258331299,	15,	0.3
16,	2,	6,	1,	53,	uso_300ms_72.wav,	9,	336,	9.3,	2.4347622394561768,	15,	0.3
16,	2,	6,	1,	54,	uso_300ms_22.wav,	0,	120,	2.1,	4.393168926239014,	15,	0.3
16,	2,	6,	1,	55,	uso_300ms_25.wav,	6,	201,	4.8,	1.685356855392456,	15,	0.3
16,	2,	6,	1,	56,	uso_300ms_34.wav,	1,	144,	2.9,	1.8277199268341064,	15,	0.3
16,	2,	6,	1,	57,	uso_300ms_100.wav,	10,	306,	8.3,	2.1108238697052,	15,	0.3
16,	2,	6,	1,	58,	uso_300ms_22.wav,	7,	256,	6.63,	1.1504666805267334,	15,	0.3
16,	2,	6,	1,	59,	uso_300ms_72.wav,	6,	196,	4.63,	1.0492277145385742,	15,	0.3
16,	2,	6,	1,	60,	uso_300ms_100.wav,	5,	251,	6.47,	2.6721322536468506,	15,	0.3
16,	2,	6,	1,	61,	uso_300ms_99.wav,	0,	112,	1.83,	3.004992723464966,	15,	0.3
16,	2,	6,	1,	62,	uso_300ms_4.wav,	9,	438,	12.7,	4.221334457397461,	15,	0.3
16,	2,	6,	1,	63,	uso_300ms_38.wav,	3,	255,	6.6,	2.10884165763855,	15,	0.3
16,	2,	6,	1,	64,	uso_300ms_84.wav,	8,	346,	9.63,	2.0559332370758057,	15,	0.3
16,	2,	6,	1,	65,	uso_300ms_77.wav,	4,	289,	7.73,	1.3598098754882812,	15,	0.3
16,	2,	6,	1,	66,	uso_300ms_34.wav,	2,	197,	4.67,	1.2325389385223389,	15,	0.3
16,	2,	6,	1,	67,	uso_300ms_94.wav,	0,	114,	1.9,	1.7124931812286377,	15,	0.3
16,	2,	6,	1,	68,	uso_300ms_35.wav,	2,	310,	8.43,	3.142159938812256,	15,	0.3
16,	2,	6,	1,	69,	uso_300ms_71.wav,	4,	237,	6.0,	1.4273121356964111,	15,	0.3
16,	2,	6,	1,	70,	uso_300ms_21.wav,	1,	170,	3.77,	1.1097800731658936,	15,	0.3
16,	2,	6,	1,	71,	uso_300ms_21.wav,	6,	240,	6.1,	1.2245662212371826,	15,	0.3
16,	2,	6,	1,	72,	uso_300ms_50.wav,	7,	270,	7.1,	1.4074480533599854,	15,	0.3
16,	2,	6,	1,	73,	uso_300ms_77.wav,	5,	231,	5.8,	3.4467971324920654,	15,	0.3
16,	2,	6,	1,	74,	uso_300ms_35.wav,	3,	206,	4.97,	1.9020729064941406,	15,	0.3
16,	2,	6,	1,	75,	uso_300ms_94.wav,	10,	353,	9.87,	1.739018201828003,	15,	0.3
16,	2,	6,	1,	76,	uso_300ms_48.wav,	9,	373,	10.53,	1.3664050102233887,	15,	0.3
16,	2,	6,	1,	77,	uso_300ms_52.wav,	8,	382,	10.83,	1.1217975616455078,	15,	0.3
16,	2,	6,	1,	78,	uso_300ms_13.wav,	7,	336,	9.3,	2.3075292110443115,	15,	0.3
16,	2,	6,	1,	79,	uso_300ms_31.wav,	1,	151,	3.13,	3.1144325733184814,	15,	0.3
16,	2,	6,	1,	80,	uso_300ms_89.wav,	5,	183,	4.2,	1.1583950519561768,	15,	0.3
16,	2,	6,	1,	81,	uso_300ms_80.wav,	4,	212,	5.17,	0.967940092086792,	15,	0.3
16,	2,	6,	1,	82,	uso_300ms_7.wav,	0,	110,	1.77,	1.971872329711914,	15,	0.3
16,	2,	6,	1,	83,	uso_300ms_13.wav,	3,	147,	3.0,	1.445044994354248,	15,	0.3
16,	2,	6,	1,	84,	uso_300ms_83.wav,	8,	390,	11.1,	3.1954362392425537,	15,	0.3
16,	2,	6,	1,	85,	uso_300ms_79.wav,	2,	144,	2.9,	2.9767074584960938,	15,	0.3
16,	2,	6,	1,	86,	uso_300ms_83.wav,	10,	323,	8.87,	2.209108591079712,	15,	0.3
16,	2,	6,	1,	87,	uso_300ms_78.wav,	6,	247,	6.33,	1.3957436084747314,	15,	0.3
16,	2,	6,	1,	88,	uso_300ms_84.wav,	9,	364,	10.23,	1.5652539730072021,	15,	0.3
16,	2,	6,	1,	89,	uso_300ms_12.wav,	2,	171,	3.8,	1.9014489650726318,	15,	0.3
16,	2,	6,	1,	90,	uso_300ms_81.wav,	8,	356,	9.97,	1.8436853885650635,	15,	0.3
16,	2,	6,	1,	91,	uso_300ms_85.wav,	0,	109,	1.73,	2.6303277015686035,	15,	0.3
16,	2,	6,	1,	92,	uso_300ms_13.wav,	10,	279,	7.4,	2.5067713260650635,	15,	0.3
16,	2,	6,	1,	93,	uso_300ms_34.wav,	6,	255,	6.6,	2.9961817264556885,	15,	0.3
16,	2,	6,	1,	94,	uso_300ms_80.wav,	7,	305,	8.27,	2.895751714706421,	15,	0.3
16,	2,	6,	1,	95,	uso_300ms_90.wav,	5,	234,	5.9,	1.6145861148834229,	15,	0.3
16,	2,	6,	1,	96,	uso_300ms_20.wav,	9,	386,	10.97,	1.70123291015625,	15,	0.3
16,	2,	6,	1,	97,	uso_300ms_23.wav,	1,	124,	2.23,	3.051220178604126,	15,	0.3
16,	2,	6,	1,	98,	uso_300ms_100.wav,	3,	155,	3.27,	1.2916955947875977,	15,	0.3
16,	2,	6,	1,	99,	uso_300ms_63.wav,	4,	178,	4.03,	1.3763391971588135,	15,	0.3
16,	2,	6,	1,	100,	uso_300ms_21.wav,	3,	178,	4.03,	1.4280860424041748,	15,	0.3
16,	2,	6,	1,	101,	uso_300ms_3.wav,	8,	398,	11.37,	2.203185796737671,	15,	0.3
16,	2,	6,	1,	102,	uso_300ms_43.wav,	7,	275,	7.27,	1.469698190689087,	15,	0.3
16,	2,	6,	1,	103,	uso_300ms_9.wav,	5,	199,	4.73,	1.2248539924621582,	15,	0.3
16,	2,	6,	1,	104,	uso_300ms_47.wav,	9,	323,	8.87,	2.242551326751709,	15,	0.3
16,	2,	6,	1,	105,	uso_300ms_42.wav,	4,	246,	6.3,	1.3983349800109863,	15,	0.3
16,	2,	6,	1,	106,	uso_300ms_8.wav,	0,	124,	2.23,	2.598921537399292,	15,	0.3
16,	2,	6,	1,	107,	uso_300ms_33.wav,	1,	107,	1.67,	1.280107021331787,	15,	0.3
16,	2,	6,	1,	108,	uso_300ms_57.wav,	10,	320,	8.77,	2.6810529232025146,	15,	0.3
16,	2,	6,	1,	109,	uso_300ms_59.wav,	2,	289,	7.73,	4.430011510848999,	15,	0.3
16,	2,	6,	1,	110,	uso_300ms_48.wav,	6,	341,	9.47,	1.1300899982452393,	15,	0.3
16,	2,	6,	1,	111,	uso_300ms_40.wav,	8,	383,	10.87,	1.0496420860290527,	15,	0.3
16,	2,	6,	1,	112,	uso_300ms_50.wav,	5,	251,	6.47,	1.4716527462005615,	15,	0.3
16,	2,	6,	1,	113,	uso_300ms_8.wav,	2,	135,	2.6,	1.146503210067749,	15,	0.3
16,	2,	6,	1,	114,	uso_300ms_17.wav,	1,	113,	1.87,	1.3013341426849365,	15,	0.3
16,	2,	6,	1,	115,	uso_300ms_100.wav,	4,	191,	4.47,	2.592754602432251,	15,	0.3
16,	2,	6,	1,	116,	uso_300ms_12.wav,	9,	354,	9.9,	1.8652474880218506,	15,	0.3
16,	2,	6,	1,	117,	uso_300ms_31.wav,	6,	379,	10.73,	2.8758039474487305,	15,	0.3
16,	2,	6,	1,	118,	uso_300ms_27.wav,	7,	266,	6.97,	1.4874701499938965,	15,	0.3
16,	2,	6,	1,	119,	uso_300ms_25.wav,	3,	230,	5.77,	1.8282101154327393,	15,	0.3
16,	2,	6,	1,	120,	uso_300ms_81.wav,	10,	362,	10.17,	1.6007347106933594,	15,	0.3
16,	2,	6,	1,	121,	uso_300ms_45.wav,	0,	110,	1.77,	3.167707681655884,	15,	0.3
16,	2,	6,	1,	122,	uso_300ms_78.wav,	2,	175,	3.93,	1.444962978363037,	15,	0.3
16,	2,	6,	1,	123,	uso_300ms_3.wav,	9,	362,	10.17,	3.160992383956909,	15,	0.3
16,	2,	6,	1,	124,	uso_300ms_56.wav,	6,	390,	11.1,	1.3625314235687256,	15,	0.3
16,	2,	6,	1,	125,	uso_300ms_38.wav,	4,	228,	5.7,	1.7279183864593506,	15,	0.3
16,	2,	6,	1,	126,	uso_300ms_41.wav,	5,	256,	6.63,	1.487879753112793,	15,	0.3
16,	2,	6,	1,	127,	uso_300ms_54.wav,	1,	163,	3.53,	1.2933547496795654,	15,	0.3
16,	2,	6,	1,	128,	uso_300ms_38.wav,	8,	313,	8.53,	2.2734289169311523,	15,	0.3
16,	2,	6,	1,	129,	uso_300ms_64.wav,	10,	411,	11.8,	2.4283151626586914,	15,	0.3
16,	2,	6,	1,	130,	uso_300ms_96.wav,	3,	246,	6.3,	1.7512233257293701,	15,	0.3
16,	2,	6,	1,	131,	uso_300ms_21.wav,	7,	328,	9.03,	1.286039113998413,	15,	0.3
16,	2,	6,	1,	132,	uso_300ms_81.wav,	0,	120,	2.1,	4.871470212936401,	15,	0.3
16,	2,	6,	1,	133,	uso_300ms_3.wav,	8,	375,	10.6,	2.969701051712036,	15,	0.3
16,	2,	6,	1,	134,	uso_300ms_68.wav,	3,	270,	7.1,	1.3715550899505615,	15,	0.3
16,	2,	6,	1,	135,	uso_300ms_78.wav,	10,	382,	10.83,	1.5440740585327148,	15,	0.3
16,	2,	6,	1,	136,	uso_300ms_75.wav,	6,	276,	7.3,	2.4984781742095947,	15,	0.3
16,	2,	6,	1,	137,	uso_300ms_82.wav,	7,	350,	9.77,	1.2235498428344727,	15,	0.3
16,	2,	6,	1,	138,	uso_300ms_40.wav,	4,	210,	5.1,	1.6645727157592773,	15,	0.3
16,	2,	6,	1,	139,	uso_300ms_84.wav,	1,	159,	3.4,	0.9938468933105469,	15,	0.3
16,	2,	6,	1,	140,	uso_300ms_22.wav,	0,	107,	1.67,	1.0619051456451416,	15,	0.3
16,	2,	6,	1,	141,	uso_300ms_92.wav,	2,	119,	2.07,	1.750871181488037,	15,	0.3
16,	2,	6,	1,	142,	uso_300ms_36.wav,	5,	239,	6.07,	3.382249116897583,	15,	0.3
16,	2,	6,	1,	143,	uso_300ms_90.wav,	9,	323,	8.87,	4.062319755554199,	15,	0.3
16,	2,	6,	1,	144,	uso_300ms_67.wav,	8,	354,	9.9,	1.4985578060150146,	15,	0.3
16,	2,	6,	1,	145,	uso_300ms_70.wav,	4,	227,	5.67,	1.5130109786987305,	15,	0.3
16,	2,	6,	1,	146,	uso_300ms_48.wav,	1,	183,	4.2,	1.1402466297149658,	15,	0.3
16,	2,	6,	1,	147,	uso_300ms_74.wav,	3,	189,	4.4,	1.332061767578125,	15,	0.3
16,	2,	6,	1,	148,	uso_300ms_85.wav,	10,	234,	5.9,	1.7354326248168945,	15,	0.3
16,	2,	6,	1,	149,	uso_300ms_93.wav,	7,	311,	8.47,	1.6231944561004639,	15,	0.3
16,	2,	6,	1,	150,	uso_300ms_100.wav,	9,	361,	10.13,	1.122082233428955,	15,	0.3
16,	2,	6,	1,	151,	uso_300ms_97.wav,	5,	177,	4.0,	1.9008259773254395,	15,	0.3
16,	2,	6,	1,	152,	uso_300ms_11.wav,	6,	193,	4.53,	1.106644630432129,	15,	0.3
16,	2,	6,	1,	153,	uso_300ms_56.wav,	2,	151,	3.13,	1.6608242988586426,	15,	0.3
16,	2,	6,	1,	154,	uso_300ms_66.wav,	0,	120,	2.1,	2.0311272144317627,	15,	0.3
16,	2,	6,	1,	155,	uso_300ms_35.wav,	7,	321,	8.8,	2.8893628120422363,	15,	0.3
16,	2,	6,	1,	156,	uso_300ms_7.wav,	4,	289,	7.73,	3.734062910079956,	15,	0.3
16,	2,	6,	1,	157,	uso_300ms_77.wav,	2,	232,	5.83,	1.228912591934204,	15,	0.3
16,	2,	6,	1,	158,	uso_300ms_99.wav,	9,	343,	9.53,	2.9093501567840576,	15,	0.3
16,	2,	6,	1,	159,	uso_300ms_35.wav,	3,	249,	6.4,	2.0778303146362305,	15,	0.3
16,	2,	6,	1,	160,	uso_300ms_16.wav,	6,	191,	4.47,	1.313476800918579,	15,	0.3
16,	2,	6,	1,	161,	uso_300ms_13.wav,	0,	114,	1.9,	1.622737169265747,	15,	0.3
16,	2,	6,	1,	162,	uso_300ms_83.wav,	10,	340,	9.43,	2.744345188140869,	15,	0.3
16,	2,	6,	1,	163,	uso_300ms_46.wav,	8,	363,	10.2,	1.1247642040252686,	15,	0.3
16,	2,	6,	1,	164,	uso_300ms_84.wav,	5,	230,	5.77,	1.5399811267852783,	15,	0.3
16,	2,	6,	1,	165,	uso_300ms_39.wav,	1,	186,	4.3,	1.0396127700805664,	15,	0.3
