sub_id,cond_id,block_id,task_id,event_id,stim_id,speaker_id,led_id,led_distance,response_time,n_reps,isi
16,	2,	3,	3,	1,	uso_300ms_9.wav,	5,	90,	1.1,	nan,	90,	2
16,	2,	3,	3,	2,	uso_300ms_52.wav,	6,	303.276343,	8.21,	nan,	90,	2
16,	2,	3,	3,	3,	uso_300ms_71.wav,	8,	361.205886,	10.14,	nan,	90,	2
16,	2,	3,	3,	4,	uso_300ms_17.wav,	9,	447.4140220000001,	13.01,	nan,	90,	2
16,	2,	3,	3,	5,	uso_300ms_75.wav,	9,	444.82651400000003,	12.93,	nan,	90,	2
16,	2,	3,	3,	6,	uso_300ms_87.wav,	9,	453.24989400000004,	13.21,	nan,	90,	2
16,	2,	3,	3,	7,	uso_300ms_10.wav,	9,	453.24989400000004,	13.21,	nan,	90,	2
16,	2,	3,	3,	8,	uso_300ms_35.wav,	9,	442.90030299999995,	12.86,	nan,	90,	2
16,	2,	3,	3,	9,	uso_300ms_65.wav,	9,	442.7254079999999,	12.86,	nan,	90,	2
16,	2,	3,	3,	10,	uso_300ms_12.wav,	8,	359.5284549999998,	10.08,	nan,	90,	2
16,	2,	3,	3,	11,	uso_300ms_29.wav,	6,	292.4419109999998,	7.85,	nan,	90,	2
16,	2,	3,	3,	12,	uso_300ms_43.wav,	7,	316.8603889999998,	8.66,	nan,	90,	2
16,	2,	3,	3,	13,	uso_300ms_83.wav,	7,	321.73565099999973,	8.82,	nan,	90,	2
16,	2,	3,	3,	14,	uso_300ms_47.wav,	7,	321.73565099999973,	8.82,	nan,	90,	2
16,	2,	3,	3,	15,	uso_300ms_51.wav,	5,	274.4365669999996,	7.25,	nan,	90,	2
16,	2,	3,	3,	16,	uso_300ms_57.wav,	5,	274.4365669999996,	7.25,	nan,	90,	2
16,	2,	3,	3,	17,	uso_300ms_69.wav,	5,	274.4365669999996,	7.25,	nan,	90,	2
16,	2,	3,	3,	18,	uso_300ms_23.wav,	5,	274.4365669999996,	7.25,	nan,	90,	2
16,	2,	3,	3,	19,	uso_300ms_68.wav,	5,	228.1392879999996,	5.7,	nan,	90,	2
16,	2,	3,	3,	20,	uso_300ms_66.wav,	5,	228.1392879999996,	5.7,	nan,	90,	2
16,	2,	3,	3,	21,	uso_300ms_71.wav,	5,	196.58710999999957,	4.65,	nan,	90,	2
16,	2,	3,	3,	22,	uso_300ms_93.wav,	5,	144.0527329999996,	2.9,	nan,	90,	2
16,	2,	3,	3,	23,	uso_300ms_88.wav,	5,	124.41817399999958,	2.25,	nan,	90,	2
16,	2,	3,	3,	24,	uso_300ms_44.wav,	5,	137.01332299999962,	2.67,	nan,	90,	2
16,	2,	3,	3,	25,	uso_300ms_91.wav,	5,	224.60278999999952,	5.59,	nan,	90,	2
16,	2,	3,	3,	26,	uso_300ms_63.wav,	5,	177.14729799999955,	4.0,	nan,	90,	2
16,	2,	3,	3,	27,	uso_300ms_64.wav,	5,	133.32784399999954,	2.54,	nan,	90,	2
16,	2,	3,	3,	28,	uso_300ms_97.wav,	6,	301.5625119999996,	8.15,	nan,	90,	2
16,	2,	3,	3,	29,	uso_300ms_74.wav,	6,	301.5625119999996,	8.15,	nan,	90,	2
16,	2,	3,	3,	30,	uso_300ms_55.wav,	6,	311.37014899999946,	8.48,	nan,	90,	2
16,	2,	3,	3,	31,	uso_300ms_2.wav,	7,	326.7258529999995,	8.99,	nan,	90,	2
16,	2,	3,	3,	32,	uso_300ms_75.wav,	7,	326.7258529999995,	8.99,	nan,	90,	2
16,	2,	3,	3,	33,	uso_300ms_77.wav,	8,	349.99903999999935,	9.77,	nan,	90,	2
16,	2,	3,	3,	34,	uso_300ms_48.wav,	9,	373.79042999999933,	10.56,	nan,	90,	2
16,	2,	3,	3,	35,	uso_300ms_38.wav,	9,	373.79042999999933,	10.56,	nan,	90,	2
16,	2,	3,	3,	36,	uso_300ms_51.wav,	9,	373.79042999999933,	10.56,	nan,	90,	2
16,	2,	3,	3,	37,	uso_300ms_65.wav,	8,	360.78662799999927,	10.13,	nan,	90,	2
16,	2,	3,	3,	38,	uso_300ms_40.wav,	7,	324.8686199999992,	8.93,	nan,	90,	2
16,	2,	3,	3,	39,	uso_300ms_26.wav,	6,	299.66776599999923,	8.09,	nan,	90,	2
16,	2,	3,	3,	40,	uso_300ms_59.wav,	5,	267.50188399999917,	7.02,	nan,	90,	2
16,	2,	3,	3,	41,	uso_300ms_21.wav,	5,	244.14666399999913,	6.24,	nan,	90,	2
16,	2,	3,	3,	42,	uso_300ms_32.wav,	5,	244.14666399999913,	6.24,	nan,	90,	2
16,	2,	3,	3,	43,	uso_300ms_81.wav,	5,	281.3198629999991,	7.48,	nan,	90,	2
16,	2,	3,	3,	44,	uso_300ms_51.wav,	6,	311.08874199999906,	8.47,	nan,	90,	2
16,	2,	3,	3,	45,	uso_300ms_57.wav,	7,	323.76775799999905,	8.89,	nan,	90,	2
16,	2,	3,	3,	46,	uso_300ms_45.wav,	7,	332.71577399999904,	9.19,	nan,	90,	2
16,	2,	3,	3,	47,	uso_300ms_57.wav,	9,	390.4747339999988,	11.12,	nan,	90,	2
16,	2,	3,	3,	48,	uso_300ms_18.wav,	9,	390.4747339999988,	11.12,	nan,	90,	2
16,	2,	3,	3,	49,	uso_300ms_87.wav,	9,	372.36079899999885,	10.51,	nan,	90,	2
16,	2,	3,	3,	50,	uso_300ms_76.wav,	9,	372.36079899999885,	10.51,	nan,	90,	2
16,	2,	3,	3,	51,	uso_300ms_63.wav,	9,	372.36079899999885,	10.51,	nan,	90,	2
16,	2,	3,	3,	52,	uso_300ms_23.wav,	8,	369.2115619999988,	10.41,	nan,	90,	2
16,	2,	3,	3,	53,	uso_300ms_84.wav,	8,	369.2115619999988,	10.41,	nan,	90,	2
16,	2,	3,	3,	54,	uso_300ms_6.wav,	8,	344.4367839999988,	9.58,	nan,	90,	2
16,	2,	3,	3,	55,	uso_300ms_78.wav,	7,	313.2800009999988,	8.54,	nan,	90,	2
16,	2,	3,	3,	56,	uso_300ms_17.wav,	7,	313.2800009999988,	8.54,	nan,	90,	2
16,	2,	3,	3,	57,	uso_300ms_13.wav,	6,	297.1596099999988,	8.01,	nan,	90,	2
16,	2,	3,	3,	58,	uso_300ms_62.wav,	6,	297.1596099999988,	8.01,	nan,	90,	2
16,	2,	3,	3,	59,	uso_300ms_13.wav,	6,	285.00798799999876,	7.6,	nan,	90,	2
16,	2,	3,	3,	60,	uso_300ms_63.wav,	5,	261.74265499999876,	6.82,	nan,	90,	2
16,	2,	3,	3,	61,	uso_300ms_32.wav,	5,	261.74265499999876,	6.82,	nan,	90,	2
16,	2,	3,	3,	62,	uso_300ms_77.wav,	5,	261.74265499999876,	6.82,	nan,	90,	2
16,	2,	3,	3,	63,	uso_300ms_79.wav,	5,	237.89345199999875,	6.03,	nan,	90,	2
16,	2,	3,	3,	64,	uso_300ms_99.wav,	5,	242.8396379999987,	6.19,	nan,	90,	2
16,	2,	3,	3,	65,	uso_300ms_98.wav,	5,	242.8396379999987,	6.19,	nan,	90,	2
16,	2,	3,	3,	66,	uso_300ms_34.wav,	5,	264.9772219999987,	6.93,	nan,	90,	2
16,	2,	3,	3,	67,	uso_300ms_59.wav,	5,	270.8747359999985,	7.13,	nan,	90,	2
16,	2,	3,	3,	68,	uso_300ms_96.wav,	5,	274.86350399999844,	7.26,	nan,	90,	2
16,	2,	3,	3,	69,	uso_300ms_31.wav,	6,	284.6209439999984,	7.59,	nan,	90,	2
16,	2,	3,	3,	70,	uso_300ms_54.wav,	6,	284.6209439999984,	7.59,	nan,	90,	2
16,	2,	3,	3,	71,	uso_300ms_16.wav,	6,	303.1094909999984,	8.2,	nan,	90,	2
16,	2,	3,	3,	72,	uso_300ms_61.wav,	7,	333.65337499999845,	9.22,	nan,	90,	2
16,	2,	3,	3,	73,	uso_300ms_62.wav,	7,	333.65337499999845,	9.22,	nan,	90,	2
16,	2,	3,	3,	74,	uso_300ms_29.wav,	8,	371.8692589999984,	10.5,	nan,	90,	2
16,	2,	3,	3,	75,	uso_300ms_83.wav,	8,	371.8692589999984,	10.5,	nan,	90,	2
16,	2,	3,	3,	76,	uso_300ms_30.wav,	9,	404.4378299999984,	11.58,	nan,	90,	2
16,	2,	3,	3,	77,	uso_300ms_58.wav,	9,	404.4378299999984,	11.58,	nan,	90,	2
16,	2,	3,	3,	78,	uso_300ms_69.wav,	9,	404.4378299999984,	11.58,	nan,	90,	2
16,	2,	3,	3,	79,	uso_300ms_53.wav,	9,	404.4378299999984,	11.58,	nan,	90,	2
16,	2,	3,	3,	80,	uso_300ms_95.wav,	9,	404.4378299999984,	11.58,	nan,	90,	2
16,	2,	3,	3,	81,	uso_300ms_24.wav,	9,	375.47776599999844,	10.62,	nan,	90,	2
16,	2,	3,	3,	82,	uso_300ms_59.wav,	8,	351.0023989999984,	9.8,	nan,	90,	2
16,	2,	3,	3,	83,	uso_300ms_98.wav,	8,	351.0023989999984,	9.8,	nan,	90,	2
16,	2,	3,	3,	84,	uso_300ms_68.wav,	7,	318.72054799999836,	8.72,	nan,	90,	2
16,	2,	3,	3,	85,	uso_300ms_70.wav,	7,	318.72054799999836,	8.72,	nan,	90,	2
16,	2,	3,	3,	86,	uso_300ms_18.wav,	6,	282.6654659999983,	7.52,	nan,	90,	2
16,	2,	3,	3,	87,	uso_300ms_75.wav,	6,	282.6654659999983,	7.52,	nan,	90,	2
16,	2,	3,	3,	88,	uso_300ms_36.wav,	5,	269.05450499999813,	7.07,	nan,	90,	2
16,	2,	3,	3,	89,	uso_300ms_72.wav,	5,	269.05450499999813,	7.07,	nan,	90,	2
16,	2,	3,	3,	90,	uso_300ms_5.wav,	5,	269.05450499999813,	7.07,	nan,	90,	2
