sub_id,cond_id,block_id,task_id,event_id,stim_id,speaker_id,led_id,led_distance,response_time,n_reps,isi
16,	2,	2,	3,	1,	uso_300ms_22.wav,	7,	111,	1.8,	0.20074248313903809,	15,	0.3
16,	2,	2,	3,	2,	uso_300ms_42.wav,	5,	269,	7.07,	4.361362457275391,	15,	0.3
16,	2,	2,	3,	3,	uso_300ms_94.wav,	9,	360,	10.1,	2.960977077484131,	15,	0.3
16,	2,	2,	3,	4,	uso_300ms_81.wav,	6,	307,	8.33,	2.419801712036133,	15,	0.3
16,	2,	2,	3,	5,	uso_300ms_71.wav,	8,	385,	10.93,	3.3472251892089844,	15,	0.3
16,	2,	2,	3,	6,	uso_300ms_61.wav,	7,	388,	11.03,	2.046144723892212,	15,	0.3
16,	2,	2,	3,	7,	uso_300ms_16.wav,	5,	184,	4.23,	3.7989768981933594,	15,	0.3
16,	2,	2,	3,	8,	uso_300ms_6.wav,	6,	206,	4.97,	3.306685447692871,	15,	0.3
16,	2,	2,	3,	9,	uso_300ms_84.wav,	8,	316,	8.63,	5.391934633255005,	15,	0.3
16,	2,	2,	3,	10,	uso_300ms_4.wav,	9,	436,	12.63,	2.778287172317505,	15,	0.3
16,	2,	2,	3,	11,	uso_300ms_92.wav,	8,	334,	9.23,	2.9884605407714844,	15,	0.3
16,	2,	2,	3,	12,	uso_300ms_44.wav,	9,	361,	10.13,	1.3843371868133545,	15,	0.3
16,	2,	2,	3,	13,	uso_300ms_20.wav,	7,	311,	8.47,	4.177279949188232,	15,	0.3
16,	2,	2,	3,	14,	uso_300ms_17.wav,	5,	219,	5.4,	1.7969520092010498,	15,	0.3
16,	2,	2,	3,	15,	uso_300ms_74.wav,	6,	252,	6.5,	2.8189656734466553,	15,	0.3
16,	2,	2,	3,	16,	uso_300ms_21.wav,	7,	290,	7.77,	2.839432954788208,	15,	0.3
16,	2,	2,	3,	17,	uso_300ms_56.wav,	9,	393,	11.2,	4.769105672836304,	15,	0.3
16,	2,	2,	3,	18,	uso_300ms_12.wav,	6,	339,	9.4,	2.8749191761016846,	15,	0.3
16,	2,	2,	3,	19,	uso_300ms_48.wav,	5,	374,	10.57,	1.4008970260620117,	15,	0.3
16,	2,	2,	3,	20,	uso_300ms_24.wav,	8,	401,	11.47,	1.1564018726348877,	15,	0.3
16,	2,	2,	3,	21,	uso_300ms_16.wav,	7,	281,	7.47,	1.9549124240875244,	15,	0.3
16,	2,	2,	3,	22,	uso_300ms_95.wav,	5,	224,	5.57,	1.4152836799621582,	15,	0.3
16,	2,	2,	3,	23,	uso_300ms_65.wav,	9,	281,	7.47,	2.5118608474731445,	15,	0.3
16,	2,	2,	3,	24,	uso_300ms_27.wav,	8,	314,	8.57,	1.8911852836608887,	15,	0.3
16,	2,	2,	3,	25,	uso_300ms_85.wav,	6,	280,	7.43,	1.613476276397705,	15,	0.3
16,	2,	2,	3,	26,	uso_300ms_68.wav,	9,	351,	9.8,	3.416053295135498,	15,	0.3
16,	2,	2,	3,	27,	uso_300ms_43.wav,	6,	211,	5.13,	5.397594451904297,	15,	0.3
16,	2,	2,	3,	28,	uso_300ms_57.wav,	8,	276,	7.3,	2.6946420669555664,	15,	0.3
16,	2,	2,	3,	29,	uso_300ms_64.wav,	5,	337,	9.33,	1.793431282043457,	15,	0.3
16,	2,	2,	3,	30,	uso_300ms_59.wav,	7,	315,	8.6,	1.8772330284118652,	15,	0.3
16,	2,	2,	3,	31,	uso_300ms_78.wav,	9,	376,	10.63,	2.6922595500946045,	15,	0.3
16,	2,	2,	3,	32,	uso_300ms_38.wav,	7,	324,	8.9,	3.0644302368164062,	15,	0.3
16,	2,	2,	3,	33,	uso_300ms_27.wav,	5,	280,	7.43,	3.591451406478882,	15,	0.3
16,	2,	2,	3,	34,	uso_300ms_4.wav,	6,	408,	11.7,	2.6971282958984375,	15,	0.3
16,	2,	2,	3,	35,	uso_300ms_78.wav,	8,	434,	12.57,	1.8720686435699463,	15,	0.3
16,	2,	2,	3,	36,	uso_300ms_100.wav,	5,	278,	7.37,	2.8673431873321533,	15,	0.3
16,	2,	2,	3,	37,	uso_300ms_16.wav,	8,	205,	4.93,	4.478265285491943,	15,	0.3
16,	2,	2,	3,	38,	uso_300ms_73.wav,	7,	437,	12.67,	4.296192646026611,	15,	0.3
16,	2,	2,	3,	39,	uso_300ms_24.wav,	6,	232,	5.83,	3.5457026958465576,	15,	0.3
16,	2,	2,	3,	40,	uso_300ms_60.wav,	9,	322,	8.83,	1.6919059753417969,	15,	0.3
16,	2,	2,	3,	41,	uso_300ms_3.wav,	8,	438,	12.7,	2.317512035369873,	15,	0.3
16,	2,	2,	3,	42,	uso_300ms_58.wav,	9,	293,	7.87,	7.272502660751343,	15,	0.3
16,	2,	2,	3,	43,	uso_300ms_65.wav,	6,	265,	6.93,	3.4546000957489014,	15,	0.3
16,	2,	2,	3,	44,	uso_300ms_46.wav,	5,	357,	10.0,	2.53226375579834,	15,	0.3
16,	2,	2,	3,	45,	uso_300ms_42.wav,	7,	358,	10.03,	2.8923325538635254,	15,	0.3
16,	2,	2,	3,	46,	uso_300ms_9.wav,	8,	261,	6.8,	2.2704458236694336,	15,	0.3
16,	2,	2,	3,	47,	uso_300ms_83.wav,	6,	240,	6.1,	3.3054935932159424,	15,	0.3
16,	2,	2,	3,	48,	uso_300ms_88.wav,	9,	341,	9.47,	2.6584506034851074,	15,	0.3
16,	2,	2,	3,	49,	uso_300ms_45.wav,	5,	393,	11.2,	1.4770209789276123,	15,	0.3
16,	2,	2,	3,	50,	uso_300ms_34.wav,	7,	334,	9.23,	4.569824695587158,	15,	0.3
16,	2,	2,	3,	51,	uso_300ms_9.wav,	8,	365,	10.27,	1.4628384113311768,	15,	0.3
16,	2,	2,	3,	52,	uso_300ms_64.wav,	7,	349,	9.73,	2.9045004844665527,	15,	0.3
16,	2,	2,	3,	53,	uso_300ms_63.wav,	6,	270,	7.1,	2.690873861312866,	15,	0.3
16,	2,	2,	3,	54,	uso_300ms_27.wav,	5,	212,	5.17,	1.4746758937835693,	15,	0.3
16,	2,	2,	3,	55,	uso_300ms_78.wav,	9,	375,	10.6,	2.836639165878296,	15,	0.3
16,	2,	2,	3,	56,	uso_300ms_38.wav,	8,	362,	10.17,	1.99418306350708,	15,	0.3
16,	2,	2,	3,	57,	uso_300ms_58.wav,	7,	270,	7.1,	3.6992416381835938,	15,	0.3
16,	2,	2,	3,	58,	uso_300ms_51.wav,	5,	239,	6.07,	2.180924654006958,	15,	0.3
16,	2,	2,	3,	59,	uso_300ms_95.wav,	9,	307,	8.33,	1.9521453380584717,	15,	0.3
16,	2,	2,	3,	60,	uso_300ms_29.wav,	6,	343,	9.53,	4.658648729324341,	15,	0.3
16,	2,	2,	3,	61,	uso_300ms_56.wav,	5,	373,	10.53,	2.4982800483703613,	15,	0.3
16,	2,	2,	3,	62,	uso_300ms_57.wav,	7,	335,	9.27,	2.2502007484436035,	15,	0.3
16,	2,	2,	3,	63,	uso_300ms_93.wav,	6,	318,	8.7,	4.117398500442505,	15,	0.3
16,	2,	2,	3,	64,	uso_300ms_81.wav,	8,	392,	11.17,	1.4616410732269287,	15,	0.3
16,	2,	2,	3,	65,	uso_300ms_36.wav,	9,	419,	12.07,	1.0624678134918213,	15,	0.3
16,	2,	2,	3,	66,	uso_300ms_72.wav,	6,	277,	7.33,	2.195013999938965,	15,	0.3
16,	2,	2,	3,	67,	uso_300ms_6.wav,	8,	228,	5.7,	1.6354196071624756,	15,	0.3
16,	2,	2,	3,	68,	uso_300ms_23.wav,	7,	250,	6.43,	1.2563791275024414,	15,	0.3
16,	2,	2,	3,	69,	uso_300ms_78.wav,	5,	194,	4.57,	2.2658352851867676,	15,	0.3
16,	2,	2,	3,	70,	uso_300ms_66.wav,	9,	393,	11.2,	3.1296892166137695,	15,	0.3
16,	2,	2,	3,	71,	uso_300ms_10.wav,	8,	357,	10.0,	3.1840927600860596,	15,	0.3
16,	2,	2,	3,	72,	uso_300ms_46.wav,	5,	216,	5.3,	2.449039936065674,	15,	0.3
16,	2,	2,	3,	73,	uso_300ms_75.wav,	9,	250,	6.43,	1.4762370586395264,	15,	0.3
16,	2,	2,	3,	74,	uso_300ms_48.wav,	7,	243,	6.2,	2.6241705417633057,	15,	0.3
16,	2,	2,	3,	75,	uso_300ms_10.wav,	6,	223,	5.53,	2.8918638229370117,	15,	0.3
