sub_id,cond_id,block_id,task_id,event_id,stim_id,speaker_id,led_id,led_distance,response_time,n_reps,isi
16,	2,	5,	3,	1,	uso_300ms_22.wav,	5,	222.07879299999996,	5.5,	nan,	90,	2
16,	2,	5,	3,	2,	uso_300ms_8.wav,	6,	292.51407400000005,	7.85,	nan,	90,	2
16,	2,	5,	3,	3,	uso_300ms_88.wav,	7,	323.716847,	8.89,	nan,	90,	2
16,	2,	5,	3,	4,	uso_300ms_39.wav,	8,	359.20656699999995,	10.07,	nan,	90,	2
16,	2,	5,	3,	5,	uso_300ms_68.wav,	9,	387.642212,	11.02,	nan,	90,	2
16,	2,	5,	3,	6,	uso_300ms_52.wav,	9,	451.18884899999995,	13.14,	nan,	90,	2
16,	2,	5,	3,	7,	uso_300ms_1.wav,	9,	424.40605800000003,	12.25,	nan,	90,	2
16,	2,	5,	3,	8,	uso_300ms_39.wav,	5,	273.696947,	7.22,	nan,	90,	2
16,	2,	5,	3,	9,	uso_300ms_25.wav,	5,	219.84660500000004,	5.43,	nan,	90,	2
16,	2,	5,	3,	10,	uso_300ms_6.wav,	5,	174.68399100000005,	3.92,	nan,	90,	2
16,	2,	5,	3,	11,	uso_300ms_66.wav,	6,	287.84928800000006,	7.69,	nan,	90,	2
16,	2,	5,	3,	12,	uso_300ms_94.wav,	5,	241.209968,	6.14,	nan,	90,	2
16,	2,	5,	3,	13,	uso_300ms_72.wav,	5,	247.785432,	6.36,	nan,	90,	2
16,	2,	5,	3,	14,	uso_300ms_44.wav,	5,	247.785432,	6.36,	nan,	90,	2
16,	2,	5,	3,	15,	uso_300ms_24.wav,	5,	247.785432,	6.36,	nan,	90,	2
16,	2,	5,	3,	16,	uso_300ms_66.wav,	5,	247.785432,	6.36,	nan,	90,	2
16,	2,	5,	3,	17,	uso_300ms_14.wav,	5,	247.785432,	6.36,	nan,	90,	2
16,	2,	5,	3,	18,	uso_300ms_69.wav,	5,	247.785432,	6.36,	nan,	90,	2
16,	2,	5,	3,	19,	uso_300ms_31.wav,	5,	247.785432,	6.36,	nan,	90,	2
16,	2,	5,	3,	20,	uso_300ms_71.wav,	5,	247.785432,	6.36,	nan,	90,	2
16,	2,	5,	3,	21,	uso_300ms_76.wav,	5,	247.785432,	6.36,	nan,	90,	2
16,	2,	5,	3,	22,	uso_300ms_66.wav,	5,	247.785432,	6.36,	nan,	90,	2
16,	2,	5,	3,	23,	uso_300ms_70.wav,	5,	257.73338399999994,	6.69,	nan,	90,	2
16,	2,	5,	3,	24,	uso_300ms_4.wav,	5,	263.60384299999976,	6.89,	nan,	90,	2
16,	2,	5,	3,	25,	uso_300ms_61.wav,	5,	263.60384299999976,	6.89,	nan,	90,	2
16,	2,	5,	3,	26,	uso_300ms_84.wav,	6,	288.5991209999997,	7.72,	nan,	90,	2
16,	2,	5,	3,	27,	uso_300ms_99.wav,	6,	288.5991209999997,	7.72,	nan,	90,	2
16,	2,	5,	3,	28,	uso_300ms_22.wav,	6,	288.5991209999997,	7.72,	nan,	90,	2
16,	2,	5,	3,	29,	uso_300ms_78.wav,	6,	288.5991209999997,	7.72,	nan,	90,	2
16,	2,	5,	3,	30,	uso_300ms_85.wav,	5,	246.57279399999967,	6.32,	nan,	90,	2
16,	2,	5,	3,	31,	uso_300ms_6.wav,	5,	246.57279399999967,	6.32,	nan,	90,	2
16,	2,	5,	3,	32,	uso_300ms_59.wav,	6,	288.6222699999997,	7.72,	nan,	90,	2
16,	2,	5,	3,	33,	uso_300ms_56.wav,	6,	288.6222699999997,	7.72,	nan,	90,	2
16,	2,	5,	3,	34,	uso_300ms_56.wav,	6,	288.6222699999997,	7.72,	nan,	90,	2
16,	2,	5,	3,	35,	uso_300ms_44.wav,	7,	315.04788599999966,	8.6,	nan,	90,	2
16,	2,	5,	3,	36,	uso_300ms_24.wav,	7,	315.04788599999966,	8.6,	nan,	90,	2
16,	2,	5,	3,	37,	uso_300ms_84.wav,	7,	315.04788599999966,	8.6,	nan,	90,	2
16,	2,	5,	3,	38,	uso_300ms_94.wav,	7,	315.04788599999966,	8.6,	nan,	90,	2
16,	2,	5,	3,	39,	uso_300ms_39.wav,	8,	367.93135999999964,	10.36,	nan,	90,	2
16,	2,	5,	3,	40,	uso_300ms_90.wav,	8,	367.93135999999964,	10.36,	nan,	90,	2
16,	2,	5,	3,	41,	uso_300ms_82.wav,	8,	367.93135999999964,	10.36,	nan,	90,	2
16,	2,	5,	3,	42,	uso_300ms_85.wav,	8,	367.93135999999964,	10.36,	nan,	90,	2
16,	2,	5,	3,	43,	uso_300ms_1.wav,	9,	416.98497299999957,	12.0,	nan,	90,	2
16,	2,	5,	3,	44,	uso_300ms_47.wav,	9,	416.98497299999957,	12.0,	nan,	90,	2
16,	2,	5,	3,	45,	uso_300ms_63.wav,	9,	416.98497299999957,	12.0,	nan,	90,	2
16,	2,	5,	3,	46,	uso_300ms_90.wav,	9,	416.98497299999957,	12.0,	nan,	90,	2
16,	2,	5,	3,	47,	uso_300ms_53.wav,	9,	416.98497299999957,	12.0,	nan,	90,	2
16,	2,	5,	3,	48,	uso_300ms_44.wav,	9,	416.98497299999957,	12.0,	nan,	90,	2
16,	2,	5,	3,	49,	uso_300ms_59.wav,	9,	376.64481999999947,	10.65,	nan,	90,	2
16,	2,	5,	3,	50,	uso_300ms_3.wav,	7,	332.6572469999995,	9.19,	nan,	90,	2
16,	2,	5,	3,	51,	uso_300ms_30.wav,	8,	352.5852319999994,	9.85,	nan,	90,	2
16,	2,	5,	3,	52,	uso_300ms_71.wav,	8,	352.5852319999994,	9.85,	nan,	90,	2
16,	2,	5,	3,	53,	uso_300ms_75.wav,	8,	352.5852319999994,	9.85,	nan,	90,	2
16,	2,	5,	3,	54,	uso_300ms_88.wav,	9,	382.99185999999946,	10.87,	nan,	90,	2
16,	2,	5,	3,	55,	uso_300ms_41.wav,	9,	382.99185999999946,	10.87,	nan,	90,	2
16,	2,	5,	3,	56,	uso_300ms_71.wav,	9,	382.99185999999946,	10.87,	nan,	90,	2
16,	2,	5,	3,	57,	uso_300ms_57.wav,	8,	367.1659099999994,	10.34,	nan,	90,	2
16,	2,	5,	3,	58,	uso_300ms_82.wav,	8,	367.1659099999994,	10.34,	nan,	90,	2
16,	2,	5,	3,	59,	uso_300ms_52.wav,	7,	338.37983099999934,	9.38,	nan,	90,	2
16,	2,	5,	3,	60,	uso_300ms_94.wav,	7,	338.37983099999934,	9.38,	nan,	90,	2
16,	2,	5,	3,	61,	uso_300ms_94.wav,	7,	338.37983099999934,	9.38,	nan,	90,	2
16,	2,	5,	3,	62,	uso_300ms_60.wav,	7,	338.37983099999934,	9.38,	nan,	90,	2
16,	2,	5,	3,	63,	uso_300ms_67.wav,	7,	313.8447189999993,	8.56,	nan,	90,	2
16,	2,	5,	3,	64,	uso_300ms_62.wav,	6,	290.58996999999937,	7.79,	nan,	90,	2
16,	2,	5,	3,	65,	uso_300ms_51.wav,	6,	290.58996999999937,	7.79,	nan,	90,	2
16,	2,	5,	3,	66,	uso_300ms_51.wav,	5,	259.3792449999993,	6.75,	nan,	90,	2
16,	2,	5,	3,	67,	uso_300ms_28.wav,	5,	259.3792449999993,	6.75,	nan,	90,	2
16,	2,	5,	3,	68,	uso_300ms_39.wav,	5,	259.3792449999993,	6.75,	nan,	90,	2
16,	2,	5,	3,	69,	uso_300ms_83.wav,	5,	244.0980139999993,	6.24,	nan,	90,	2
16,	2,	5,	3,	70,	uso_300ms_15.wav,	5,	177.41774299999932,	4.01,	nan,	90,	2
16,	2,	5,	3,	71,	uso_300ms_61.wav,	5,	260.62633699999924,	6.79,	nan,	90,	2
16,	2,	5,	3,	72,	uso_300ms_80.wav,	5,	260.62633699999924,	6.79,	nan,	90,	2
16,	2,	5,	3,	73,	uso_300ms_25.wav,	6,	294.23966499999915,	7.91,	nan,	90,	2
16,	2,	5,	3,	74,	uso_300ms_15.wav,	6,	294.23966499999915,	7.91,	nan,	90,	2
16,	2,	5,	3,	75,	uso_300ms_79.wav,	6,	308.41212399999915,	8.38,	nan,	90,	2
16,	2,	5,	3,	76,	uso_300ms_18.wav,	7,	315.82212099999913,	8.63,	nan,	90,	2
16,	2,	5,	3,	77,	uso_300ms_79.wav,	7,	315.82212099999913,	8.63,	nan,	90,	2
16,	2,	5,	3,	78,	uso_300ms_23.wav,	8,	352.43569099999917,	9.85,	nan,	90,	2
16,	2,	5,	3,	79,	uso_300ms_12.wav,	8,	352.43569099999917,	9.85,	nan,	90,	2
16,	2,	5,	3,	80,	uso_300ms_95.wav,	8,	352.43569099999917,	9.85,	nan,	90,	2
16,	2,	5,	3,	81,	uso_300ms_47.wav,	9,	389.2840339999992,	11.08,	nan,	90,	2
16,	2,	5,	3,	82,	uso_300ms_28.wav,	9,	389.2840339999992,	11.08,	nan,	90,	2
16,	2,	5,	3,	83,	uso_300ms_37.wav,	9,	389.2840339999992,	11.08,	nan,	90,	2
16,	2,	5,	3,	84,	uso_300ms_36.wav,	9,	389.2840339999992,	11.08,	nan,	90,	2
16,	2,	5,	3,	85,	uso_300ms_47.wav,	9,	383.95289699999915,	10.9,	nan,	90,	2
16,	2,	5,	3,	86,	uso_300ms_15.wav,	8,	371.5526979999991,	10.49,	nan,	90,	2
16,	2,	5,	3,	87,	uso_300ms_19.wav,	8,	371.5526979999991,	10.49,	nan,	90,	2
16,	2,	5,	3,	88,	uso_300ms_86.wav,	8,	342.64122799999905,	9.52,	nan,	90,	2
16,	2,	5,	3,	89,	uso_300ms_6.wav,	7,	328.9270799999991,	9.06,	nan,	90,	2
16,	2,	5,	3,	90,	uso_300ms_61.wav,	7,	328.9270799999991,	9.06,	nan,	90,	2
