sub_id,cond_id,block_id,task_id,event_id,stim_id,speaker_id,led_id,led_distance,response_time,n_reps,isi
16,	2,	4,	3,	1,	uso_300ms_5.wav,	9,	261,	6.8,	2.1702120304107666,	15,	0.3
16,	2,	4,	3,	2,	uso_300ms_14.wav,	8,	290,	7.77,	1.8551583290100098,	15,	0.3
16,	2,	4,	3,	3,	uso_300ms_40.wav,	6,	249,	6.4,	1.745368242263794,	15,	0.3
16,	2,	4,	3,	4,	uso_300ms_95.wav,	5,	212,	5.17,	1.5435025691986084,	15,	0.3
16,	2,	4,	3,	5,	uso_300ms_82.wav,	7,	311,	8.47,	2.19036602973938,	15,	0.3
16,	2,	4,	3,	6,	uso_300ms_37.wav,	6,	195,	4.6,	3.3148386478424072,	15,	0.3
16,	2,	4,	3,	7,	uso_300ms_64.wav,	8,	309,	8.4,	3.2314233779907227,	15,	0.3
16,	2,	4,	3,	8,	uso_300ms_91.wav,	5,	247,	6.33,	1.7392611503601074,	15,	0.3
16,	2,	4,	3,	9,	uso_300ms_76.wav,	9,	364,	10.23,	2.3141424655914307,	15,	0.3
16,	2,	4,	3,	10,	uso_300ms_3.wav,	7,	391,	11.13,	1.3776934146881104,	15,	0.3
16,	2,	4,	3,	11,	uso_300ms_45.wav,	6,	285,	7.6,	1.6567566394805908,	15,	0.3
16,	2,	4,	3,	12,	uso_300ms_81.wav,	8,	324,	8.9,	2.1362409591674805,	15,	0.3
16,	2,	4,	3,	13,	uso_300ms_98.wav,	7,	245,	6.27,	1.295750379562378,	15,	0.3
16,	2,	4,	3,	14,	uso_300ms_6.wav,	9,	223,	5.53,	2.199481248855591,	15,	0.3
16,	2,	4,	3,	15,	uso_300ms_25.wav,	5,	197,	4.67,	1.3133456707000732,	15,	0.3
16,	2,	4,	3,	16,	uso_300ms_23.wav,	8,	241,	6.13,	1.2808647155761719,	15,	0.3
16,	2,	4,	3,	17,	uso_300ms_53.wav,	9,	310,	8.43,	1.5666496753692627,	15,	0.3
16,	2,	4,	3,	18,	uso_300ms_64.wav,	5,	286,	7.63,	1.323166847229004,	15,	0.3
16,	2,	4,	3,	19,	uso_300ms_62.wav,	7,	331,	9.13,	3.597182512283325,	15,	0.3
16,	2,	4,	3,	20,	uso_300ms_46.wav,	6,	251,	6.47,	1.501709222793579,	15,	0.3
16,	2,	4,	3,	21,	uso_300ms_81.wav,	8,	341,	9.47,	1.8363401889801025,	15,	0.3
16,	2,	4,	3,	22,	uso_300ms_71.wav,	7,	374,	10.57,	1.235069751739502,	15,	0.3
16,	2,	4,	3,	23,	uso_300ms_92.wav,	6,	374,	10.57,	1.2625257968902588,	15,	0.3
16,	2,	4,	3,	24,	uso_300ms_92.wav,	5,	198,	4.7,	1.7599146366119385,	15,	0.3
16,	2,	4,	3,	25,	uso_300ms_16.wav,	9,	226,	5.63,	1.0600380897521973,	15,	0.3
16,	2,	4,	3,	26,	uso_300ms_69.wav,	5,	205,	4.93,	1.0981194972991943,	15,	0.3
16,	2,	4,	3,	27,	uso_300ms_73.wav,	6,	372,	10.5,	3.465047597885132,	15,	0.3
16,	2,	4,	3,	28,	uso_300ms_31.wav,	7,	327,	9.0,	2.105621337890625,	15,	0.3
16,	2,	4,	3,	29,	uso_300ms_81.wav,	8,	294,	7.9,	1.9986670017242432,	15,	0.3
16,	2,	4,	3,	30,	uso_300ms_95.wav,	9,	270,	7.1,	3.0949296951293945,	15,	0.3
16,	2,	4,	3,	31,	uso_300ms_82.wav,	8,	369,	10.4,	2.11503005027771,	15,	0.3
16,	2,	4,	3,	32,	uso_300ms_88.wav,	9,	327,	9.0,	1.3648667335510254,	15,	0.3
16,	2,	4,	3,	33,	uso_300ms_68.wav,	7,	283,	7.53,	1.3119277954101562,	15,	0.3
16,	2,	4,	3,	34,	uso_300ms_26.wav,	5,	225,	5.6,	1.426321268081665,	15,	0.3
16,	2,	4,	3,	35,	uso_300ms_91.wav,	6,	260,	6.77,	1.4046649932861328,	15,	0.3
16,	2,	4,	3,	36,	uso_300ms_87.wav,	5,	207,	5.0,	2.4553606510162354,	15,	0.3
16,	2,	4,	3,	37,	uso_300ms_23.wav,	6,	219,	5.4,	1.9136862754821777,	15,	0.3
16,	2,	4,	3,	38,	uso_300ms_13.wav,	8,	253,	6.53,	1.3550691604614258,	15,	0.3
16,	2,	4,	3,	39,	uso_300ms_77.wav,	9,	438,	12.7,	3.834293842315674,	15,	0.3
16,	2,	4,	3,	40,	uso_300ms_98.wav,	7,	277,	7.33,	3.9495840072631836,	15,	0.3
16,	2,	4,	3,	41,	uso_300ms_15.wav,	9,	303,	8.2,	1.4692034721374512,	15,	0.3
16,	2,	4,	3,	42,	uso_300ms_66.wav,	6,	239,	6.07,	2.37550950050354,	15,	0.3
16,	2,	4,	3,	43,	uso_300ms_80.wav,	8,	278,	7.37,	1.8866186141967773,	15,	0.3
16,	2,	4,	3,	44,	uso_300ms_100.wav,	5,	314,	8.57,	2.974818468093872,	15,	0.3
16,	2,	4,	3,	45,	uso_300ms_10.wav,	7,	348,	9.7,	2.1863341331481934,	15,	0.3
16,	2,	4,	3,	46,	uso_300ms_24.wav,	9,	306,	8.3,	1.6892194747924805,	15,	0.3
16,	2,	4,	3,	47,	uso_300ms_1.wav,	7,	298,	8.03,	2.7093801498413086,	15,	0.3
16,	2,	4,	3,	48,	uso_300ms_95.wav,	6,	250,	6.43,	2.8601644039154053,	15,	0.3
16,	2,	4,	3,	49,	uso_300ms_75.wav,	5,	219,	5.4,	1.4440133571624756,	15,	0.3
16,	2,	4,	3,	50,	uso_300ms_41.wav,	8,	402,	11.5,	3.3510053157806396,	15,	0.3
16,	2,	4,	3,	51,	uso_300ms_25.wav,	9,	418,	12.03,	1.2536735534667969,	15,	0.3
16,	2,	4,	3,	52,	uso_300ms_87.wav,	7,	335,	9.27,	2.478989601135254,	15,	0.3
16,	2,	4,	3,	53,	uso_300ms_48.wav,	5,	287,	7.67,	1.5032191276550293,	15,	0.3
16,	2,	4,	3,	54,	uso_300ms_35.wav,	8,	375,	10.6,	3.2259345054626465,	15,	0.3
16,	2,	4,	3,	55,	uso_300ms_86.wav,	6,	253,	6.53,	2.6317365169525146,	15,	0.3
16,	2,	4,	3,	56,	uso_300ms_94.wav,	9,	265,	6.93,	4.174186944961548,	15,	0.3
16,	2,	4,	3,	57,	uso_300ms_52.wav,	8,	354,	9.9,	2.479013681411743,	15,	0.3
16,	2,	4,	3,	58,	uso_300ms_23.wav,	5,	270,	7.1,	2.1650748252868652,	15,	0.3
16,	2,	4,	3,	59,	uso_300ms_8.wav,	6,	255,	6.6,	2.1715211868286133,	15,	0.3
16,	2,	4,	3,	60,	uso_300ms_92.wav,	7,	288,	7.7,	1.3903775215148926,	15,	0.3
16,	2,	4,	3,	61,	uso_300ms_90.wav,	5,	232,	5.83,	2.543877124786377,	15,	0.3
16,	2,	4,	3,	62,	uso_300ms_98.wav,	7,	352,	9.83,	2.448720932006836,	15,	0.3
16,	2,	4,	3,	63,	uso_300ms_3.wav,	9,	418,	12.03,	1.9545774459838867,	15,	0.3
16,	2,	4,	3,	64,	uso_300ms_82.wav,	6,	282,	7.5,	2.392554759979248,	15,	0.3
16,	2,	4,	3,	65,	uso_300ms_87.wav,	8,	356,	9.97,	1.7681498527526855,	15,	0.3
16,	2,	4,	3,	66,	uso_300ms_95.wav,	9,	325,	8.93,	1.4354336261749268,	15,	0.3
16,	2,	4,	3,	67,	uso_300ms_49.wav,	5,	230,	5.77,	1.7232513427734375,	15,	0.3
16,	2,	4,	3,	68,	uso_300ms_95.wav,	6,	238,	6.03,	2.0727732181549072,	15,	0.3
16,	2,	4,	3,	69,	uso_300ms_11.wav,	8,	316,	8.63,	1.544219732284546,	15,	0.3
16,	2,	4,	3,	70,	uso_300ms_60.wav,	7,	289,	7.73,	1.464677095413208,	15,	0.3
16,	2,	4,	3,	71,	uso_300ms_53.wav,	5,	267,	7.0,	2.6189589500427246,	15,	0.3
16,	2,	4,	3,	72,	uso_300ms_8.wav,	7,	240,	6.1,	1.4042534828186035,	15,	0.3
16,	2,	4,	3,	73,	uso_300ms_12.wav,	6,	220,	5.43,	1.2774958610534668,	15,	0.3
16,	2,	4,	3,	74,	uso_300ms_19.wav,	8,	306,	8.3,	3.649850368499756,	15,	0.3
16,	2,	4,	3,	75,	uso_300ms_32.wav,	9,	327,	9.0,	2.0082497596740723,	15,	0.3
