sub_id,cond_id,block_id,task_id,event_id,stim_id,speaker_id,led_id,led_distance,response_time,n_reps,isi
16,	2,	1,	3,	1,	uso_300ms_30.wav,	9,	302,	8.17,	4.618624925613403,	15,	0.3
16,	2,	1,	3,	2,	uso_300ms_9.wav,	8,	237,	6.0,	2.7976596355438232,	15,	0.3
16,	2,	1,	3,	3,	uso_300ms_83.wav,	6,	155,	3.27,	2.890206813812256,	15,	0.3
16,	2,	1,	3,	4,	uso_300ms_72.wav,	7,	216,	5.3,	3.345979690551758,	15,	0.3
16,	2,	1,	3,	5,	uso_300ms_24.wav,	5,	187,	4.33,	3.1399192810058594,	15,	0.3
16,	2,	1,	3,	6,	uso_300ms_74.wav,	6,	264,	6.9,	2.4394636154174805,	15,	0.3
16,	2,	1,	3,	7,	uso_300ms_37.wav,	8,	309,	8.4,	2.3173887729644775,	15,	0.3
16,	2,	1,	3,	8,	uso_300ms_59.wav,	7,	234,	5.9,	4.130257844924927,	15,	0.3
16,	2,	1,	3,	9,	uso_300ms_46.wav,	5,	327,	9.0,	3.421067714691162,	15,	0.3
16,	2,	1,	3,	10,	uso_300ms_5.wav,	9,	228,	5.7,	2.1922082901000977,	15,	0.3
16,	2,	1,	3,	11,	uso_300ms_95.wav,	6,	198,	4.7,	3.5920302867889404,	15,	0.3
16,	2,	1,	3,	12,	uso_300ms_81.wav,	7,	270,	7.1,	5.08935284614563,	15,	0.3
16,	2,	1,	3,	13,	uso_300ms_42.wav,	9,	290,	7.77,	2.1421332359313965,	15,	0.3
16,	2,	1,	3,	14,	uso_300ms_85.wav,	8,	294,	7.9,	2.628265857696533,	15,	0.3
16,	2,	1,	3,	15,	uso_300ms_10.wav,	5,	294,	7.9,	4.6954264640808105,	15,	0.3
16,	2,	1,	3,	16,	uso_300ms_50.wav,	8,	357,	10.0,	1.9159235954284668,	15,	0.3
16,	2,	1,	3,	17,	uso_300ms_94.wav,	6,	286,	7.63,	2.5081276893615723,	15,	0.3
16,	2,	1,	3,	18,	uso_300ms_66.wav,	5,	294,	7.9,	4.150233268737793,	15,	0.3
16,	2,	1,	3,	19,	uso_300ms_2.wav,	7,	320,	8.77,	1.4621446132659912,	15,	0.3
16,	2,	1,	3,	20,	uso_300ms_11.wav,	9,	307,	8.33,	3.7422988414764404,	15,	0.3
16,	2,	1,	3,	21,	uso_300ms_92.wav,	5,	307,	8.33,	4.413212060928345,	15,	0.3
16,	2,	1,	3,	22,	uso_300ms_63.wav,	8,	349,	9.73,	1.3815181255340576,	15,	0.3
16,	2,	1,	3,	23,	uso_300ms_6.wav,	7,	297,	8.0,	3.9564874172210693,	15,	0.3
16,	2,	1,	3,	24,	uso_300ms_60.wav,	9,	284,	7.57,	4.489130020141602,	15,	0.3
16,	2,	1,	3,	25,	uso_300ms_48.wav,	6,	331,	9.13,	5.8484086990356445,	15,	0.3
16,	2,	1,	3,	26,	uso_300ms_69.wav,	8,	311,	8.47,	8.041755199432373,	15,	0.3
16,	2,	1,	3,	27,	uso_300ms_56.wav,	6,	274,	7.23,	2.8705432415008545,	15,	0.3
16,	2,	1,	3,	28,	uso_300ms_73.wav,	5,	296,	7.97,	2.649670124053955,	15,	0.3
16,	2,	1,	3,	29,	uso_300ms_51.wav,	7,	296,	7.97,	2.8485124111175537,	15,	0.3
16,	2,	1,	3,	30,	uso_300ms_30.wav,	9,	296,	7.97,	1.965831995010376,	15,	0.3
16,	2,	1,	3,	31,	uso_300ms_77.wav,	8,	252,	6.5,	5.261873483657837,	15,	0.3
16,	2,	1,	3,	32,	uso_300ms_64.wav,	6,	264,	6.9,	2.941213369369507,	15,	0.3
16,	2,	1,	3,	33,	uso_300ms_62.wav,	7,	273,	7.2,	3.6970815658569336,	15,	0.3
16,	2,	1,	3,	34,	uso_300ms_22.wav,	9,	270,	7.1,	4.128680229187012,	15,	0.3
16,	2,	1,	3,	35,	uso_300ms_97.wav,	5,	281,	7.47,	4.90007209777832,	15,	0.3
16,	2,	1,	3,	36,	uso_300ms_33.wav,	6,	282,	7.5,	3.191962957382202,	15,	0.3
16,	2,	1,	3,	37,	uso_300ms_59.wav,	8,	308,	8.37,	4.499508857727051,	15,	0.3
16,	2,	1,	3,	38,	uso_300ms_4.wav,	7,	327,	9.0,	2.3765878677368164,	15,	0.3
16,	2,	1,	3,	39,	uso_300ms_100.wav,	9,	335,	9.27,	1.4402413368225098,	15,	0.3
16,	2,	1,	3,	40,	uso_300ms_31.wav,	5,	324,	8.9,	2.613762855529785,	15,	0.3
16,	2,	1,	3,	41,	uso_300ms_55.wav,	6,	316,	8.63,	1.938953161239624,	15,	0.3
16,	2,	1,	3,	42,	uso_300ms_50.wav,	7,	316,	8.63,	1.3395986557006836,	15,	0.3
16,	2,	1,	3,	43,	uso_300ms_7.wav,	8,	316,	8.63,	1.3414020538330078,	15,	0.3
16,	2,	1,	3,	44,	uso_300ms_82.wav,	9,	372,	10.5,	5.83271598815918,	15,	0.3
16,	2,	1,	3,	45,	uso_300ms_48.wav,	5,	325,	8.93,	2.567603588104248,	15,	0.3
16,	2,	1,	3,	46,	uso_300ms_88.wav,	9,	324,	8.9,	1.3484601974487305,	15,	0.3
16,	2,	1,	3,	47,	uso_300ms_7.wav,	8,	324,	8.9,	1.1370396614074707,	15,	0.3
16,	2,	1,	3,	48,	uso_300ms_25.wav,	5,	326,	8.97,	2.3075928688049316,	15,	0.3
16,	2,	1,	3,	49,	uso_300ms_22.wav,	6,	302,	8.17,	1.6816449165344238,	15,	0.3
16,	2,	1,	3,	50,	uso_300ms_72.wav,	7,	302,	8.17,	3.9096338748931885,	15,	0.3
16,	2,	1,	3,	51,	uso_300ms_60.wav,	6,	302,	8.17,	1.5324172973632812,	15,	0.3
16,	2,	1,	3,	52,	uso_300ms_72.wav,	9,	302,	8.17,	1.4097437858581543,	15,	0.3
16,	2,	1,	3,	53,	uso_300ms_17.wav,	8,	313,	8.53,	4.238446474075317,	15,	0.3
16,	2,	1,	3,	54,	uso_300ms_69.wav,	7,	321,	8.8,	2.483692169189453,	15,	0.3
16,	2,	1,	3,	55,	uso_300ms_93.wav,	5,	311,	8.47,	1.6766281127929688,	15,	0.3
16,	2,	1,	3,	56,	uso_300ms_11.wav,	6,	311,	8.47,	4.127788543701172,	15,	0.3
16,	2,	1,	3,	57,	uso_300ms_95.wav,	8,	284,	7.57,	1.8439626693725586,	15,	0.3
16,	2,	1,	3,	58,	uso_300ms_74.wav,	5,	287,	7.67,	1.2384982109069824,	15,	0.3
16,	2,	1,	3,	59,	uso_300ms_80.wav,	9,	325,	8.93,	1.9115025997161865,	15,	0.3
16,	2,	1,	3,	60,	uso_300ms_82.wav,	7,	304,	8.23,	2.297640562057495,	15,	0.3
16,	2,	1,	3,	61,	uso_300ms_20.wav,	6,	313,	8.53,	3.6815972328186035,	15,	0.3
16,	2,	1,	3,	62,	uso_300ms_90.wav,	9,	319,	8.73,	1.6439497470855713,	15,	0.3
16,	2,	1,	3,	63,	uso_300ms_33.wav,	7,	336,	9.3,	2.2106080055236816,	15,	0.3
16,	2,	1,	3,	64,	uso_300ms_81.wav,	8,	336,	9.3,	2.091899871826172,	15,	0.3
16,	2,	1,	3,	65,	uso_300ms_44.wav,	5,	356,	9.97,	1.2644600868225098,	15,	0.3
16,	2,	1,	3,	66,	uso_300ms_86.wav,	7,	286,	7.63,	3.250234603881836,	15,	0.3
16,	2,	1,	3,	67,	uso_300ms_58.wav,	8,	296,	7.97,	1.606475591659546,	15,	0.3
16,	2,	1,	3,	68,	uso_300ms_74.wav,	9,	321,	8.8,	2.01850962638855,	15,	0.3
16,	2,	1,	3,	69,	uso_300ms_44.wav,	6,	327,	9.0,	2.1966536045074463,	15,	0.3
16,	2,	1,	3,	70,	uso_300ms_44.wav,	5,	327,	9.0,	0.9832475185394287,	15,	0.3
16,	2,	1,	3,	71,	uso_300ms_44.wav,	9,	327,	9.0,	1.111065149307251,	15,	0.3
16,	2,	1,	3,	72,	uso_300ms_81.wav,	7,	312,	8.5,	4.023089408874512,	15,	0.3
16,	2,	1,	3,	73,	uso_300ms_80.wav,	8,	312,	8.5,	3.1652684211730957,	15,	0.3
16,	2,	1,	3,	74,	uso_300ms_10.wav,	5,	312,	8.5,	4.292145729064941,	15,	0.3
16,	2,	1,	3,	75,	uso_300ms_73.wav,	6,	312,	8.5,	2.162581443786621,	15,	0.3
