sub_id,cond_id,block_id,task_id,event_id,stim_id,speaker_id,led_id,led_distance,response_time,n_reps,isi
24,	2,	6,	1,	1,	uso_300ms_4.wav,	8,	356,	9.97,	2.98932147026062,	15,	0.3
24,	2,	6,	1,	2,	uso_300ms_19.wav,	7,	314,	8.57,	2.7274270057678223,	15,	0.3
24,	2,	6,	1,	3,	uso_300ms_49.wav,	9,	274,	7.23,	1.8064649105072021,	15,	0.3
24,	2,	6,	1,	4,	uso_300ms_71.wav,	0,	132,	2.5,	2.46272349357605,	15,	0.3
24,	2,	6,	1,	5,	uso_300ms_78.wav,	4,	363,	10.2,	3.5288472175598145,	15,	0.3
24,	2,	6,	1,	6,	uso_300ms_15.wav,	2,	257,	6.67,	2.1875908374786377,	15,	0.3
24,	2,	6,	1,	7,	uso_300ms_65.wav,	3,	279,	7.4,	2.3886358737945557,	15,	0.3
24,	2,	6,	1,	8,	uso_300ms_74.wav,	1,	211,	5.13,	3.2123653888702393,	15,	0.3
24,	2,	6,	1,	9,	uso_300ms_98.wav,	6,	406,	11.63,	2.2373533248901367,	15,	0.3
24,	2,	6,	1,	10,	uso_300ms_80.wav,	5,	425,	12.27,	1.6396398544311523,	15,	0.3
24,	2,	6,	1,	11,	uso_300ms_89.wav,	10,	436,	12.63,	1.6066598892211914,	15,	0.3
24,	2,	6,	1,	12,	uso_300ms_11.wav,	2,	205,	4.93,	2.903114080429077,	15,	0.3
24,	2,	6,	1,	13,	uso_300ms_78.wav,	0,	148,	3.03,	2.624802827835083,	15,	0.3
24,	2,	6,	1,	14,	uso_300ms_54.wav,	8,	438,	12.7,	3.156041383743286,	15,	0.3
24,	2,	6,	1,	15,	uso_300ms_9.wav,	6,	299,	8.07,	2.0130727291107178,	15,	0.3
24,	2,	6,	1,	16,	uso_300ms_51.wav,	4,	392,	11.17,	2.22062349319458,	15,	0.3
24,	2,	6,	1,	17,	uso_300ms_75.wav,	1,	173,	3.87,	3.365196704864502,	15,	0.3
24,	2,	6,	1,	18,	uso_300ms_51.wav,	7,	384,	10.9,	2.9907422065734863,	15,	0.3
24,	2,	6,	1,	19,	uso_300ms_65.wav,	10,	419,	12.07,	1.5164997577667236,	15,	0.3
24,	2,	6,	1,	20,	uso_300ms_40.wav,	9,	429,	12.4,	2.233410596847534,	15,	0.3
24,	2,	6,	1,	21,	uso_300ms_72.wav,	3,	197,	4.67,	3.5906765460968018,	15,	0.3
24,	2,	6,	1,	22,	uso_300ms_68.wav,	5,	273,	7.2,	2.352825164794922,	15,	0.3
24,	2,	6,	1,	23,	uso_300ms_50.wav,	0,	141,	2.8,	2.123333692550659,	15,	0.3
24,	2,	6,	1,	24,	uso_300ms_51.wav,	2,	294,	7.9,	2.917336940765381,	15,	0.3
24,	2,	6,	1,	25,	uso_300ms_6.wav,	3,	294,	7.9,	1.572242021560669,	15,	0.3
24,	2,	6,	1,	26,	uso_300ms_67.wav,	7,	386,	10.97,	2.532186269760132,	15,	0.3
24,	2,	6,	1,	27,	uso_300ms_73.wav,	8,	414,	11.9,	1.4508378505706787,	15,	0.3
24,	2,	6,	1,	28,	uso_300ms_96.wav,	6,	282,	7.5,	2.6638855934143066,	15,	0.3
24,	2,	6,	1,	29,	uso_300ms_41.wav,	1,	195,	4.6,	2.416727066040039,	15,	0.3
24,	2,	6,	1,	30,	uso_300ms_40.wav,	4,	327,	9.0,	2.9680891036987305,	15,	0.3
24,	2,	6,	1,	31,	uso_300ms_36.wav,	10,	406,	11.63,	2.075665235519409,	15,	0.3
24,	2,	6,	1,	32,	uso_300ms_36.wav,	5,	406,	11.63,	2.317930221557617,	15,	0.3
24,	2,	6,	1,	33,	uso_300ms_27.wav,	9,	429,	12.4,	3.0860681533813477,	15,	0.3
24,	2,	6,	1,	34,	uso_300ms_59.wav,	1,	172,	3.83,	3.7038960456848145,	15,	0.3
24,	2,	6,	1,	35,	uso_300ms_53.wav,	5,	335,	9.27,	2.504371166229248,	15,	0.3
24,	2,	6,	1,	36,	uso_300ms_1.wav,	7,	366,	10.3,	2.137333631515503,	15,	0.3
24,	2,	6,	1,	37,	uso_300ms_36.wav,	3,	237,	6.0,	1.8599369525909424,	15,	0.3
24,	2,	6,	1,	38,	uso_300ms_40.wav,	6,	351,	9.8,	1.7529933452606201,	15,	0.3
24,	2,	6,	1,	39,	uso_300ms_1.wav,	0,	158,	3.37,	2.7786924839019775,	15,	0.3
24,	2,	6,	1,	40,	uso_300ms_14.wav,	8,	330,	9.1,	2.0738348960876465,	15,	0.3
24,	2,	6,	1,	41,	uso_300ms_55.wav,	2,	231,	5.8,	1.9510900974273682,	15,	0.3
24,	2,	6,	1,	42,	uso_300ms_56.wav,	9,	394,	11.23,	1.9928040504455566,	15,	0.3
24,	2,	6,	1,	43,	uso_300ms_44.wav,	10,	426,	12.3,	1.4945151805877686,	15,	0.3
24,	2,	6,	1,	44,	uso_300ms_16.wav,	4,	315,	8.6,	1.9878602027893066,	15,	0.3
24,	2,	6,	1,	45,	uso_300ms_10.wav,	6,	352,	9.83,	2.0309667587280273,	15,	0.3
24,	2,	6,	1,	46,	uso_300ms_33.wav,	0,	134,	2.57,	2.9077446460723877,	15,	0.3
24,	2,	6,	1,	47,	uso_300ms_55.wav,	2,	225,	5.6,	1.7524728775024414,	15,	0.3
24,	2,	6,	1,	48,	uso_300ms_71.wav,	7,	397,	11.33,	2.5977048873901367,	15,	0.3
24,	2,	6,	1,	49,	uso_300ms_28.wav,	1,	187,	4.33,	2.58764386177063,	15,	0.3
24,	2,	6,	1,	50,	uso_300ms_86.wav,	10,	406,	11.63,	2.238028049468994,	15,	0.3
24,	2,	6,	1,	51,	uso_300ms_79.wav,	4,	311,	8.47,	1.6924753189086914,	15,	0.3
24,	2,	6,	1,	52,	uso_300ms_83.wav,	9,	429,	12.4,	1.922236680984497,	15,	0.3
24,	2,	6,	1,	53,	uso_300ms_1.wav,	3,	294,	7.9,	1.7546584606170654,	15,	0.3
24,	2,	6,	1,	54,	uso_300ms_86.wav,	8,	417,	12.0,	2.5976572036743164,	15,	0.3
24,	2,	6,	1,	55,	uso_300ms_62.wav,	5,	296,	7.97,	1.7670133113861084,	15,	0.3
24,	2,	6,	1,	56,	uso_300ms_78.wav,	9,	370,	10.43,	1.555051326751709,	15,	0.3
24,	2,	6,	1,	57,	uso_300ms_44.wav,	10,	415,	11.93,	1.5782763957977295,	15,	0.3
24,	2,	6,	1,	58,	uso_300ms_63.wav,	4,	277,	7.33,	1.8960261344909668,	15,	0.3
24,	2,	6,	1,	59,	uso_300ms_72.wav,	7,	326,	8.97,	1.642665147781372,	15,	0.3
24,	2,	6,	1,	60,	uso_300ms_79.wav,	0,	143,	2.87,	2.3451573848724365,	15,	0.3
24,	2,	6,	1,	61,	uso_300ms_48.wav,	3,	269,	7.07,	1.9169790744781494,	15,	0.3
24,	2,	6,	1,	62,	uso_300ms_24.wav,	8,	337,	9.33,	1.5432300567626953,	15,	0.3
24,	2,	6,	1,	63,	uso_300ms_10.wav,	5,	369,	10.4,	2.2669243812561035,	15,	0.3
24,	2,	6,	1,	64,	uso_300ms_40.wav,	2,	192,	4.5,	2.2373578548431396,	15,	0.3
24,	2,	6,	1,	65,	uso_300ms_10.wav,	6,	322,	8.83,	1.8124752044677734,	15,	0.3
24,	2,	6,	1,	66,	uso_300ms_80.wav,	1,	251,	6.47,	1.7804975509643555,	15,	0.3
24,	2,	6,	1,	67,	uso_300ms_23.wav,	8,	377,	10.67,	1.8425624370574951,	15,	0.3
24,	2,	6,	1,	68,	uso_300ms_60.wav,	1,	170,	3.77,	3.019463062286377,	15,	0.3
24,	2,	6,	1,	69,	uso_300ms_20.wav,	4,	304,	8.23,	3.403480052947998,	15,	0.3
24,	2,	6,	1,	70,	uso_300ms_30.wav,	10,	414,	11.9,	2.223686456680298,	15,	0.3
24,	2,	6,	1,	71,	uso_300ms_9.wav,	5,	294,	7.9,	3.309824228286743,	15,	0.3
24,	2,	6,	1,	72,	uso_300ms_25.wav,	6,	363,	10.2,	3.320087432861328,	15,	0.3
24,	2,	6,	1,	73,	uso_300ms_84.wav,	0,	177,	4.0,	2.453352212905884,	15,	0.3
24,	2,	6,	1,	74,	uso_300ms_1.wav,	9,	396,	11.3,	2.6959221363067627,	15,	0.3
24,	2,	6,	1,	75,	uso_300ms_73.wav,	2,	239,	6.07,	1.9440526962280273,	15,	0.3
24,	2,	6,	1,	76,	uso_300ms_69.wav,	3,	169,	3.73,	4.149294137954712,	15,	0.3
24,	2,	6,	1,	77,	uso_300ms_48.wav,	7,	384,	10.9,	2.276787042617798,	15,	0.3
24,	2,	6,	1,	78,	uso_300ms_69.wav,	5,	298,	8.03,	2.5312881469726562,	15,	0.3
24,	2,	6,	1,	79,	uso_300ms_96.wav,	7,	268,	7.03,	2.3815813064575195,	15,	0.3
24,	2,	6,	1,	80,	uso_300ms_64.wav,	4,	346,	9.63,	1.9609334468841553,	15,	0.3
24,	2,	6,	1,	81,	uso_300ms_42.wav,	0,	148,	3.03,	2.377901792526245,	15,	0.3
24,	2,	6,	1,	82,	uso_300ms_79.wav,	10,	382,	10.83,	3.0835869312286377,	15,	0.3
24,	2,	6,	1,	83,	uso_300ms_40.wav,	3,	270,	7.1,	2.7464141845703125,	15,	0.3
24,	2,	6,	1,	84,	uso_300ms_44.wav,	6,	298,	8.03,	2.9619336128234863,	15,	0.3
24,	2,	6,	1,	85,	uso_300ms_24.wav,	9,	407,	11.67,	1.931497573852539,	15,	0.3
24,	2,	6,	1,	86,	uso_300ms_52.wav,	1,	174,	3.9,	2.4555935859680176,	15,	0.3
24,	2,	6,	1,	87,	uso_300ms_23.wav,	2,	268,	7.03,	2.5186285972595215,	15,	0.3
24,	2,	6,	1,	88,	uso_300ms_93.wav,	8,	416,	11.97,	1.9074876308441162,	15,	0.3
24,	2,	6,	1,	89,	uso_300ms_72.wav,	5,	304,	8.23,	3.4067537784576416,	15,	0.3
24,	2,	6,	1,	90,	uso_300ms_62.wav,	10,	428,	12.37,	3.3780713081359863,	15,	0.3
24,	2,	6,	1,	91,	uso_300ms_95.wav,	6,	294,	7.9,	3.4194040298461914,	15,	0.3
24,	2,	6,	1,	92,	uso_300ms_23.wav,	1,	171,	3.8,	3.125732183456421,	15,	0.3
24,	2,	6,	1,	93,	uso_300ms_46.wav,	4,	289,	7.73,	1.8671698570251465,	15,	0.3
24,	2,	6,	1,	94,	uso_300ms_74.wav,	3,	299,	8.07,	2.313781976699829,	15,	0.3
24,	2,	6,	1,	95,	uso_300ms_9.wav,	0,	149,	3.07,	2.0384674072265625,	15,	0.3
24,	2,	6,	1,	96,	uso_300ms_32.wav,	2,	299,	8.07,	3.3453867435455322,	15,	0.3
24,	2,	6,	1,	97,	uso_300ms_11.wav,	8,	370,	10.43,	1.5096662044525146,	15,	0.3
24,	2,	6,	1,	98,	uso_300ms_95.wav,	9,	273,	7.2,	3.104170799255371,	15,	0.3
24,	2,	6,	1,	99,	uso_300ms_98.wav,	7,	405,	11.6,	2.2034151554107666,	15,	0.3
24,	2,	6,	1,	100,	uso_300ms_13.wav,	2,	165,	3.6,	2.4672889709472656,	15,	0.3
24,	2,	6,	1,	101,	uso_300ms_89.wav,	4,	212,	5.17,	2.2322022914886475,	15,	0.3
24,	2,	6,	1,	102,	uso_300ms_29.wav,	5,	299,	8.07,	4.698056936264038,	15,	0.3
24,	2,	6,	1,	103,	uso_300ms_78.wav,	9,	397,	11.33,	1.7358009815216064,	15,	0.3
24,	2,	6,	1,	104,	uso_300ms_79.wav,	7,	375,	10.6,	2.22786808013916,	15,	0.3
24,	2,	6,	1,	105,	uso_300ms_83.wav,	0,	141,	2.8,	2.7697207927703857,	15,	0.3
24,	2,	6,	1,	106,	uso_300ms_35.wav,	8,	410,	11.77,	2.7777771949768066,	15,	0.3
24,	2,	6,	1,	107,	uso_300ms_83.wav,	3,	242,	6.17,	2.8005549907684326,	15,	0.3
24,	2,	6,	1,	108,	uso_300ms_84.wav,	1,	177,	4.0,	2.0072426795959473,	15,	0.3
24,	2,	6,	1,	109,	uso_300ms_53.wav,	6,	363,	10.2,	2.2036075592041016,	15,	0.3
24,	2,	6,	1,	110,	uso_300ms_23.wav,	10,	421,	12.13,	2.167466402053833,	15,	0.3
24,	2,	6,	1,	111,	uso_300ms_31.wav,	8,	403,	11.53,	2.305927038192749,	15,	0.3
24,	2,	6,	1,	112,	uso_300ms_31.wav,	3,	389,	11.07,	2.561677932739258,	15,	0.3
24,	2,	6,	1,	113,	uso_300ms_46.wav,	1,	205,	4.93,	2.4072587490081787,	15,	0.3
24,	2,	6,	1,	114,	uso_300ms_5.wav,	2,	236,	5.97,	1.729750156402588,	15,	0.3
24,	2,	6,	1,	115,	uso_300ms_17.wav,	10,	404,	11.57,	3.744729995727539,	15,	0.3
24,	2,	6,	1,	116,	uso_300ms_5.wav,	0,	158,	3.37,	3.024313449859619,	15,	0.3
24,	2,	6,	1,	117,	uso_300ms_47.wav,	9,	391,	11.13,	2.2754697799682617,	15,	0.3
24,	2,	6,	1,	118,	uso_300ms_24.wav,	7,	376,	10.63,	4.991576433181763,	15,	0.3
24,	2,	6,	1,	119,	uso_300ms_70.wav,	5,	404,	11.57,	2.1066086292266846,	15,	0.3
24,	2,	6,	1,	120,	uso_300ms_54.wav,	4,	404,	11.57,	1.8456740379333496,	15,	0.3
24,	2,	6,	1,	121,	uso_300ms_88.wav,	6,	391,	11.13,	2.0898802280426025,	15,	0.3
24,	2,	6,	1,	122,	uso_300ms_69.wav,	9,	435,	12.6,	1.6966328620910645,	15,	0.3
24,	2,	6,	1,	123,	uso_300ms_14.wav,	1,	157,	3.33,	4.165552139282227,	15,	0.3
24,	2,	6,	1,	124,	uso_300ms_56.wav,	10,	427,	12.33,	2.879727840423584,	15,	0.3
24,	2,	6,	1,	125,	uso_300ms_83.wav,	0,	126,	2.3,	2.9121270179748535,	15,	0.3
24,	2,	6,	1,	126,	uso_300ms_3.wav,	3,	186,	4.3,	1.9344570636749268,	15,	0.3
24,	2,	6,	1,	127,	uso_300ms_67.wav,	2,	158,	3.37,	2.079409122467041,	15,	0.3
24,	2,	6,	1,	128,	uso_300ms_5.wav,	4,	219,	5.4,	4.019587516784668,	15,	0.3
24,	2,	6,	1,	129,	uso_300ms_39.wav,	8,	387,	11.0,	2.864840269088745,	15,	0.3
24,	2,	6,	1,	130,	uso_300ms_69.wav,	5,	297,	8.0,	3.071272611618042,	15,	0.3
24,	2,	6,	1,	131,	uso_300ms_56.wav,	6,	355,	9.93,	2.25312876701355,	15,	0.3
24,	2,	6,	1,	132,	uso_300ms_55.wav,	7,	253,	6.53,	2.5637083053588867,	15,	0.3
24,	2,	6,	1,	133,	uso_300ms_81.wav,	8,	397,	11.33,	2.9354195594787598,	15,	0.3
24,	2,	6,	1,	134,	uso_300ms_59.wav,	1,	146,	2.97,	3.8721923828125,	15,	0.3
24,	2,	6,	1,	135,	uso_300ms_71.wav,	9,	426,	12.3,	2.7383859157562256,	15,	0.3
24,	2,	6,	1,	136,	uso_300ms_81.wav,	4,	253,	6.53,	2.0777626037597656,	15,	0.3
24,	2,	6,	1,	137,	uso_300ms_46.wav,	6,	333,	9.2,	2.4800124168395996,	15,	0.3
24,	2,	6,	1,	138,	uso_300ms_8.wav,	3,	186,	4.3,	2.8023457527160645,	15,	0.3
24,	2,	6,	1,	139,	uso_300ms_100.wav,	5,	296,	7.97,	2.4900248050689697,	15,	0.3
24,	2,	6,	1,	140,	uso_300ms_37.wav,	7,	327,	9.0,	2.38783860206604,	15,	0.3
24,	2,	6,	1,	141,	uso_300ms_83.wav,	0,	153,	3.2,	2.3966598510742188,	15,	0.3
24,	2,	6,	1,	142,	uso_300ms_50.wav,	10,	355,	9.93,	4.264002561569214,	15,	0.3
24,	2,	6,	1,	143,	uso_300ms_71.wav,	2,	209,	5.07,	2.2131383419036865,	15,	0.3
24,	2,	6,	1,	144,	uso_300ms_54.wav,	10,	419,	12.07,	2.2353763580322266,	15,	0.3
24,	2,	6,	1,	145,	uso_300ms_92.wav,	3,	286,	7.63,	1.868398666381836,	15,	0.3
24,	2,	6,	1,	146,	uso_300ms_68.wav,	5,	359,	10.07,	2.5279645919799805,	15,	0.3
24,	2,	6,	1,	147,	uso_300ms_25.wav,	0,	121,	2.13,	2.465208053588867,	15,	0.3
24,	2,	6,	1,	148,	uso_300ms_22.wav,	8,	369,	10.4,	2.4894731044769287,	15,	0.3
24,	2,	6,	1,	149,	uso_300ms_74.wav,	9,	392,	11.17,	2.237063407897949,	15,	0.3
24,	2,	6,	1,	150,	uso_300ms_79.wav,	7,	392,	11.17,	1.5227608680725098,	15,	0.3
24,	2,	6,	1,	151,	uso_300ms_53.wav,	1,	228,	5.7,	3.093510389328003,	15,	0.3
24,	2,	6,	1,	152,	uso_300ms_71.wav,	2,	247,	6.33,	2.615504741668701,	15,	0.3
24,	2,	6,	1,	153,	uso_300ms_74.wav,	4,	303,	8.2,	1.754431962966919,	15,	0.3
24,	2,	6,	1,	154,	uso_300ms_100.wav,	6,	340,	9.43,	3.5225179195404053,	15,	0.3
24,	2,	6,	1,	155,	uso_300ms_48.wav,	10,	376,	10.63,	2.115691900253296,	15,	0.3
24,	2,	6,	1,	156,	uso_300ms_23.wav,	7,	323,	8.87,	2.507939100265503,	15,	0.3
24,	2,	6,	1,	157,	uso_300ms_5.wav,	4,	201,	4.8,	2.007270097732544,	15,	0.3
24,	2,	6,	1,	158,	uso_300ms_40.wav,	1,	148,	3.03,	1.4642219543457031,	15,	0.3
24,	2,	6,	1,	159,	uso_300ms_5.wav,	0,	121,	2.13,	1.302992343902588,	15,	0.3
24,	2,	6,	1,	160,	uso_300ms_88.wav,	2,	154,	3.23,	2.625396490097046,	15,	0.3
24,	2,	6,	1,	161,	uso_300ms_18.wav,	6,	358,	10.03,	2.4037389755249023,	15,	0.3
24,	2,	6,	1,	162,	uso_300ms_30.wav,	8,	385,	10.93,	1.6649482250213623,	15,	0.3
24,	2,	6,	1,	163,	uso_300ms_77.wav,	3,	264,	6.9,	5.1807639598846436,	15,	0.3
24,	2,	6,	1,	164,	uso_300ms_66.wav,	9,	430,	12.43,	2.2477476596832275,	15,	0.3
24,	2,	6,	1,	165,	uso_300ms_96.wav,	5,	281,	7.47,	4.3862903118133545,	15,	0.3
