sub_id,cond_id,block_id,task_id,event_id,stim_id,speaker_id,led_id,led_distance,response_time,n_reps,isi
24,	2,	2,	3,	1,	uso_300ms_54.wav,	5,	90,	1.1,	0.2002854347229004,	15,	0.3
24,	2,	2,	3,	2,	uso_300ms_1.wav,	8,	308,	8.37,	5.991669654846191,	15,	0.3
24,	2,	2,	3,	3,	uso_300ms_77.wav,	9,	406,	11.63,	2.1752874851226807,	15,	0.3
24,	2,	2,	3,	4,	uso_300ms_73.wav,	7,	264,	6.9,	2.620893716812134,	15,	0.3
24,	2,	2,	3,	5,	uso_300ms_76.wav,	6,	327,	9.0,	2.3880984783172607,	15,	0.3
24,	2,	2,	3,	6,	uso_300ms_68.wav,	5,	381,	10.8,	4.1081624031066895,	15,	0.3
24,	2,	2,	3,	7,	uso_300ms_60.wav,	6,	285,	7.6,	5.186990737915039,	15,	0.3
24,	2,	2,	3,	8,	uso_300ms_14.wav,	7,	175,	3.93,	5.610592365264893,	15,	0.3
24,	2,	2,	3,	9,	uso_300ms_81.wav,	9,	411,	11.8,	2.7640511989593506,	15,	0.3
24,	2,	2,	3,	10,	uso_300ms_85.wav,	8,	437,	12.67,	1.8455803394317627,	15,	0.3
24,	2,	2,	3,	11,	uso_300ms_52.wav,	5,	214,	5.23,	2.506673812866211,	15,	0.3
24,	2,	2,	3,	12,	uso_300ms_89.wav,	8,	394,	11.23,	2.187655448913574,	15,	0.3
24,	2,	2,	3,	13,	uso_300ms_56.wav,	7,	356,	9.97,	2.5812129974365234,	15,	0.3
24,	2,	2,	3,	14,	uso_300ms_54.wav,	6,	390,	11.1,	7.253683805465698,	15,	0.3
24,	2,	2,	3,	15,	uso_300ms_66.wav,	9,	430,	12.43,	1.6206321716308594,	15,	0.3
24,	2,	2,	3,	16,	uso_300ms_75.wav,	8,	350,	9.77,	2.3263165950775146,	15,	0.3
24,	2,	2,	3,	17,	uso_300ms_86.wav,	7,	391,	11.13,	1.8668642044067383,	15,	0.3
24,	2,	2,	3,	18,	uso_300ms_23.wav,	5,	270,	7.1,	2.334120750427246,	15,	0.3
24,	2,	2,	3,	19,	uso_300ms_24.wav,	6,	408,	11.7,	1.8868582248687744,	15,	0.3
24,	2,	2,	3,	20,	uso_300ms_53.wav,	9,	432,	12.5,	1.5728399753570557,	15,	0.3
24,	2,	2,	3,	21,	uso_300ms_22.wav,	7,	386,	10.97,	1.6420443058013916,	15,	0.3
24,	2,	2,	3,	22,	uso_300ms_64.wav,	8,	425,	12.27,	1.5765480995178223,	15,	0.3
24,	2,	2,	3,	23,	uso_300ms_4.wav,	6,	425,	12.27,	1.3195137977600098,	15,	0.3
24,	2,	2,	3,	24,	uso_300ms_39.wav,	5,	341,	9.47,	2.138620138168335,	15,	0.3
24,	2,	2,	3,	25,	uso_300ms_14.wav,	9,	282,	7.5,	5.705087184906006,	15,	0.3
24,	2,	2,	3,	26,	uso_300ms_32.wav,	6,	368,	10.37,	3.1038947105407715,	15,	0.3
24,	2,	2,	3,	27,	uso_300ms_42.wav,	9,	412,	11.83,	2.4688453674316406,	15,	0.3
24,	2,	2,	3,	28,	uso_300ms_2.wav,	7,	384,	10.9,	2.689131021499634,	15,	0.3
24,	2,	2,	3,	29,	uso_300ms_84.wav,	8,	422,	12.17,	3.3208203315734863,	15,	0.3
24,	2,	2,	3,	30,	uso_300ms_63.wav,	5,	310,	8.43,	4.042723894119263,	15,	0.3
24,	2,	2,	3,	31,	uso_300ms_14.wav,	6,	208,	5.03,	2.8183488845825195,	15,	0.3
24,	2,	2,	3,	32,	uso_300ms_94.wav,	9,	418,	12.03,	2.609527826309204,	15,	0.3
24,	2,	2,	3,	33,	uso_300ms_76.wav,	7,	343,	9.53,	2.9650955200195312,	15,	0.3
24,	2,	2,	3,	34,	uso_300ms_5.wav,	8,	403,	11.53,	4.66582465171814,	15,	0.3
24,	2,	2,	3,	35,	uso_300ms_51.wav,	5,	278,	7.37,	4.847234010696411,	15,	0.3
24,	2,	2,	3,	36,	uso_300ms_25.wav,	6,	182,	4.17,	3.8813228607177734,	15,	0.3
24,	2,	2,	3,	37,	uso_300ms_28.wav,	7,	228,	5.7,	2.128356456756592,	15,	0.3
24,	2,	2,	3,	38,	uso_300ms_54.wav,	9,	427,	12.33,	2.5416083335876465,	15,	0.3
24,	2,	2,	3,	39,	uso_300ms_95.wav,	8,	350,	9.77,	2.6482934951782227,	15,	0.3
24,	2,	2,	3,	40,	uso_300ms_50.wav,	5,	155,	3.27,	2.6992530822753906,	15,	0.3
24,	2,	2,	3,	41,	uso_300ms_56.wav,	7,	340,	9.43,	4.66567325592041,	15,	0.3
24,	2,	2,	3,	42,	uso_300ms_62.wav,	6,	197,	4.67,	4.94644570350647,	15,	0.3
24,	2,	2,	3,	43,	uso_300ms_19.wav,	5,	167,	3.67,	3.188387632369995,	15,	0.3
24,	2,	2,	3,	44,	uso_300ms_2.wav,	9,	383,	10.87,	2.377171039581299,	15,	0.3
24,	2,	2,	3,	45,	uso_300ms_30.wav,	8,	412,	11.83,	2.33445405960083,	15,	0.3
24,	2,	2,	3,	46,	uso_300ms_99.wav,	6,	324,	8.9,	4.010919809341431,	15,	0.3
24,	2,	2,	3,	47,	uso_300ms_51.wav,	8,	439,	12.73,	2.0642354488372803,	15,	0.3
24,	2,	2,	3,	48,	uso_300ms_1.wav,	7,	436,	12.63,	3.577815532684326,	15,	0.3
24,	2,	2,	3,	49,	uso_300ms_30.wav,	5,	129,	2.4,	3.3735463619232178,	15,	0.3
24,	2,	2,	3,	50,	uso_300ms_84.wav,	9,	432,	12.5,	3.1517248153686523,	15,	0.3
24,	2,	2,	3,	51,	uso_300ms_91.wav,	7,	399,	11.4,	2.235877275466919,	15,	0.3
24,	2,	2,	3,	52,	uso_300ms_80.wav,	9,	431,	12.47,	1.6286506652832031,	15,	0.3
24,	2,	2,	3,	53,	uso_300ms_36.wav,	8,	436,	12.63,	1.9450767040252686,	15,	0.3
24,	2,	2,	3,	54,	uso_300ms_96.wav,	5,	158,	3.37,	2.89703106880188,	15,	0.3
24,	2,	2,	3,	55,	uso_300ms_58.wav,	6,	146,	2.97,	2.9017765522003174,	15,	0.3
24,	2,	2,	3,	56,	uso_300ms_35.wav,	9,	359,	10.07,	2.9092886447906494,	15,	0.3
24,	2,	2,	3,	57,	uso_300ms_88.wav,	5,	255,	6.6,	2.599938154220581,	15,	0.3
24,	2,	2,	3,	58,	uso_300ms_43.wav,	7,	220,	5.43,	2.094332218170166,	15,	0.3
24,	2,	2,	3,	59,	uso_300ms_45.wav,	8,	272,	7.17,	2.5112764835357666,	15,	0.3
24,	2,	2,	3,	60,	uso_300ms_20.wav,	6,	216,	5.3,	2.4932150840759277,	15,	0.3
24,	2,	2,	3,	61,	uso_300ms_47.wav,	8,	234,	5.9,	3.298654079437256,	15,	0.3
24,	2,	2,	3,	62,	uso_300ms_32.wav,	6,	185,	4.27,	1.9650382995605469,	15,	0.3
24,	2,	2,	3,	63,	uso_300ms_64.wav,	5,	216,	5.3,	3.6856253147125244,	15,	0.3
24,	2,	2,	3,	64,	uso_300ms_80.wav,	9,	352,	9.83,	2.569249153137207,	15,	0.3
24,	2,	2,	3,	65,	uso_300ms_21.wav,	7,	381,	10.8,	2.7620182037353516,	15,	0.3
24,	2,	2,	3,	66,	uso_300ms_19.wav,	5,	145,	2.93,	2.968900203704834,	15,	0.3
24,	2,	2,	3,	67,	uso_300ms_100.wav,	8,	347,	9.67,	2.9109888076782227,	15,	0.3
24,	2,	2,	3,	68,	uso_300ms_78.wav,	6,	214,	5.23,	3.0347070693969727,	15,	0.3
24,	2,	2,	3,	69,	uso_300ms_15.wav,	9,	244,	6.23,	3.3520166873931885,	15,	0.3
24,	2,	2,	3,	70,	uso_300ms_17.wav,	7,	157,	3.33,	4.079431533813477,	15,	0.3
24,	2,	2,	3,	71,	uso_300ms_17.wav,	8,	360,	10.1,	4.199108839035034,	15,	0.3
24,	2,	2,	3,	72,	uso_300ms_72.wav,	7,	166,	3.63,	2.414795160293579,	15,	0.3
24,	2,	2,	3,	73,	uso_300ms_36.wav,	5,	229,	5.73,	2.0767219066619873,	15,	0.3
24,	2,	2,	3,	74,	uso_300ms_71.wav,	9,	238,	6.03,	3.0839061737060547,	15,	0.3
24,	2,	2,	3,	75,	uso_300ms_25.wav,	6,	265,	6.93,	3.905663013458252,	15,	0.3
