sub_id,cond_id,block_id,task_id,event_id,stim_id,speaker_id,led_id,led_distance,response_time,n_reps,isi
24,	2,	1,	3,	1,	uso_300ms_46.wav,	9,	132,	2.5,	0.2003779411315918,	15,	0.3
24,	2,	1,	3,	2,	uso_300ms_38.wav,	7,	253,	6.53,	5.002772092819214,	15,	0.3
24,	2,	1,	3,	3,	uso_300ms_41.wav,	6,	343,	9.53,	4.679960012435913,	15,	0.3
24,	2,	1,	3,	4,	uso_300ms_23.wav,	8,	253,	6.53,	5.245676279067993,	15,	0.3
24,	2,	1,	3,	5,	uso_300ms_88.wav,	5,	344,	9.57,	6.641242265701294,	15,	0.3
24,	2,	1,	3,	6,	uso_300ms_51.wav,	9,	416,	11.97,	3.974241018295288,	15,	0.3
24,	2,	1,	3,	7,	uso_300ms_25.wav,	5,	234,	5.9,	3.907548666000366,	15,	0.3
24,	2,	1,	3,	8,	uso_300ms_43.wav,	8,	369,	10.4,	3.8559699058532715,	15,	0.3
24,	2,	1,	3,	9,	uso_300ms_58.wav,	6,	184,	4.23,	4.247065782546997,	15,	0.3
24,	2,	1,	3,	10,	uso_300ms_60.wav,	7,	161,	3.47,	4.7052836418151855,	15,	0.3
24,	2,	1,	3,	11,	uso_300ms_74.wav,	9,	249,	6.4,	4.137153148651123,	15,	0.3
24,	2,	1,	3,	12,	uso_300ms_36.wav,	5,	192,	4.5,	3.9812393188476562,	15,	0.3
24,	2,	1,	3,	13,	uso_300ms_62.wav,	6,	186,	4.3,	8.42513394355774,	15,	0.3
24,	2,	1,	3,	14,	uso_300ms_94.wav,	8,	136,	2.63,	3.4762916564941406,	15,	0.3
24,	2,	1,	3,	15,	uso_300ms_81.wav,	7,	299,	8.07,	4.011662006378174,	15,	0.3
24,	2,	1,	3,	16,	uso_300ms_8.wav,	6,	211,	5.13,	2.673815965652466,	15,	0.3
24,	2,	1,	3,	17,	uso_300ms_48.wav,	8,	340,	9.43,	6.239857196807861,	15,	0.3
24,	2,	1,	3,	18,	uso_300ms_60.wav,	7,	213,	5.2,	3.0805985927581787,	15,	0.3
24,	2,	1,	3,	19,	uso_300ms_27.wav,	5,	156,	3.3,	6.017338752746582,	15,	0.3
24,	2,	1,	3,	20,	uso_300ms_77.wav,	9,	305,	8.27,	3.3026747703552246,	15,	0.3
24,	2,	1,	3,	21,	uso_300ms_10.wav,	5,	163,	3.53,	4.236030101776123,	15,	0.3
24,	2,	1,	3,	22,	uso_300ms_68.wav,	8,	316,	8.63,	2.6545002460479736,	15,	0.3
24,	2,	1,	3,	23,	uso_300ms_12.wav,	6,	191,	4.47,	2.240313768386841,	15,	0.3
24,	2,	1,	3,	24,	uso_300ms_10.wav,	9,	420,	12.1,	2.9426543712615967,	15,	0.3
24,	2,	1,	3,	25,	uso_300ms_29.wav,	7,	428,	12.37,	5.586214065551758,	15,	0.3
24,	2,	1,	3,	26,	uso_300ms_58.wav,	6,	132,	2.5,	4.65295934677124,	15,	0.3
24,	2,	1,	3,	27,	uso_300ms_41.wav,	8,	360,	10.1,	2.783022165298462,	15,	0.3
24,	2,	1,	3,	28,	uso_300ms_83.wav,	5,	199,	4.73,	2.874586343765259,	15,	0.3
24,	2,	1,	3,	29,	uso_300ms_96.wav,	9,	178,	4.03,	1.7328720092773438,	15,	0.3
24,	2,	1,	3,	30,	uso_300ms_16.wav,	7,	276,	7.3,	3.5777382850646973,	15,	0.3
24,	2,	1,	3,	31,	uso_300ms_47.wav,	5,	133,	2.53,	3.5179672241210938,	15,	0.3
24,	2,	1,	3,	32,	uso_300ms_79.wav,	8,	348,	9.7,	3.0936529636383057,	15,	0.3
24,	2,	1,	3,	33,	uso_300ms_26.wav,	6,	416,	11.97,	3.312150001525879,	15,	0.3
24,	2,	1,	3,	34,	uso_300ms_40.wav,	7,	362,	10.17,	2.9784765243530273,	15,	0.3
24,	2,	1,	3,	35,	uso_300ms_78.wav,	9,	428,	12.37,	1.7322700023651123,	15,	0.3
24,	2,	1,	3,	36,	uso_300ms_100.wav,	8,	433,	12.53,	2.491048812866211,	15,	0.3
24,	2,	1,	3,	37,	uso_300ms_80.wav,	6,	437,	12.67,	3.2400124073028564,	15,	0.3
24,	2,	1,	3,	38,	uso_300ms_20.wav,	7,	437,	12.67,	2.9275705814361572,	15,	0.3
24,	2,	1,	3,	39,	uso_300ms_3.wav,	5,	425,	12.27,	4.8100714683532715,	15,	0.3
24,	2,	1,	3,	40,	uso_300ms_14.wav,	9,	428,	12.37,	3.5995495319366455,	15,	0.3
24,	2,	1,	3,	41,	uso_300ms_29.wav,	7,	432,	12.5,	4.225998878479004,	15,	0.3
24,	2,	1,	3,	42,	uso_300ms_85.wav,	8,	430,	12.43,	2.2018096446990967,	15,	0.3
24,	2,	1,	3,	43,	uso_300ms_88.wav,	6,	384,	10.9,	1.802865743637085,	15,	0.3
24,	2,	1,	3,	44,	uso_300ms_62.wav,	9,	443,	12.87,	3.7276766300201416,	15,	0.3
24,	2,	1,	3,	45,	uso_300ms_22.wav,	5,	421,	12.13,	2.2269294261932373,	15,	0.3
24,	2,	1,	3,	46,	uso_300ms_44.wav,	7,	275,	7.27,	2.5356152057647705,	15,	0.3
24,	2,	1,	3,	47,	uso_300ms_45.wav,	6,	301,	8.13,	1.6831443309783936,	15,	0.3
24,	2,	1,	3,	48,	uso_300ms_99.wav,	8,	334,	9.23,	3.1639199256896973,	15,	0.3
24,	2,	1,	3,	49,	uso_300ms_52.wav,	9,	370,	10.43,	1.8854014873504639,	15,	0.3
24,	2,	1,	3,	50,	uso_300ms_22.wav,	5,	378,	10.7,	2.6444430351257324,	15,	0.3
24,	2,	1,	3,	51,	uso_300ms_42.wav,	6,	177,	4.0,	4.795250415802002,	15,	0.3
24,	2,	1,	3,	52,	uso_300ms_52.wav,	8,	433,	12.53,	3.555253267288208,	15,	0.3
24,	2,	1,	3,	53,	uso_300ms_85.wav,	5,	433,	12.53,	4.643010854721069,	15,	0.3
24,	2,	1,	3,	54,	uso_300ms_77.wav,	9,	427,	12.33,	2.5192646980285645,	15,	0.3
24,	2,	1,	3,	55,	uso_300ms_42.wav,	7,	269,	7.07,	3.3120903968811035,	15,	0.3
24,	2,	1,	3,	56,	uso_300ms_27.wav,	6,	169,	3.73,	1.9858453273773193,	15,	0.3
24,	2,	1,	3,	57,	uso_300ms_16.wav,	8,	189,	4.4,	3.678403377532959,	15,	0.3
24,	2,	1,	3,	58,	uso_300ms_19.wav,	7,	228,	5.7,	5.94265079498291,	15,	0.3
24,	2,	1,	3,	59,	uso_300ms_35.wav,	9,	378,	10.7,	2.848114490509033,	15,	0.3
24,	2,	1,	3,	60,	uso_300ms_1.wav,	5,	230,	5.77,	2.791036367416382,	15,	0.3
24,	2,	1,	3,	61,	uso_300ms_5.wav,	8,	274,	7.23,	2.8876235485076904,	15,	0.3
24,	2,	1,	3,	62,	uso_300ms_41.wav,	5,	187,	4.33,	3.691542148590088,	15,	0.3
24,	2,	1,	3,	63,	uso_300ms_100.wav,	6,	356,	9.97,	2.60746693611145,	15,	0.3
24,	2,	1,	3,	64,	uso_300ms_35.wav,	9,	392,	11.17,	2.3133463859558105,	15,	0.3
24,	2,	1,	3,	65,	uso_300ms_63.wav,	7,	228,	5.7,	4.008131504058838,	15,	0.3
24,	2,	1,	3,	66,	uso_300ms_91.wav,	5,	205,	4.93,	3.0826234817504883,	15,	0.3
24,	2,	1,	3,	67,	uso_300ms_26.wav,	7,	352,	9.83,	5.91633415222168,	15,	0.3
24,	2,	1,	3,	68,	uso_300ms_42.wav,	9,	182,	4.17,	4.909147262573242,	15,	0.3
24,	2,	1,	3,	69,	uso_300ms_11.wav,	6,	386,	10.97,	5.482379913330078,	15,	0.3
24,	2,	1,	3,	70,	uso_300ms_51.wav,	8,	413,	11.87,	3.8742871284484863,	15,	0.3
24,	2,	1,	3,	71,	uso_300ms_4.wav,	5,	341,	9.47,	4.1039392948150635,	15,	0.3
24,	2,	1,	3,	72,	uso_300ms_60.wav,	6,	172,	3.83,	5.800849914550781,	15,	0.3
24,	2,	1,	3,	73,	uso_300ms_28.wav,	8,	211,	5.13,	7.797437906265259,	15,	0.3
24,	2,	1,	3,	74,	uso_300ms_27.wav,	7,	147,	3.0,	2.0468406677246094,	15,	0.3
24,	2,	1,	3,	75,	uso_300ms_85.wav,	9,	423,	12.2,	3.6887972354888916,	15,	0.3
