sub_id,cond_id,block_id,task_id,event_id,stim_id,speaker_id,led_id,led_distance,response_time,n_reps,isi
24,	2,	4,	3,	1,	uso_300ms_59.wav,	6,	351,	9.8,	5.2178990840911865,	15,	0.3
24,	2,	4,	3,	2,	uso_300ms_98.wav,	7,	375,	10.6,	2.3087546825408936,	15,	0.3
24,	2,	4,	3,	3,	uso_300ms_63.wav,	8,	349,	9.73,	3.7191503047943115,	15,	0.3
24,	2,	4,	3,	4,	uso_300ms_31.wav,	5,	324,	8.9,	6.63252592086792,	15,	0.3
24,	2,	4,	3,	5,	uso_300ms_50.wav,	9,	408,	11.7,	4.430164098739624,	15,	0.3
24,	2,	4,	3,	6,	uso_300ms_57.wav,	7,	443,	12.87,	3.167598009109497,	15,	0.3
24,	2,	4,	3,	7,	uso_300ms_21.wav,	6,	440,	12.77,	3.01127290725708,	15,	0.3
24,	2,	4,	3,	8,	uso_300ms_32.wav,	8,	440,	12.77,	1.87957763671875,	15,	0.3
24,	2,	4,	3,	9,	uso_300ms_16.wav,	9,	392,	11.17,	3.124464511871338,	15,	0.3
24,	2,	4,	3,	10,	uso_300ms_3.wav,	5,	367,	10.33,	3.953329086303711,	15,	0.3
24,	2,	4,	3,	11,	uso_300ms_47.wav,	8,	280,	7.43,	3.946018934249878,	15,	0.3
24,	2,	4,	3,	12,	uso_300ms_67.wav,	7,	364,	10.23,	3.313319683074951,	15,	0.3
24,	2,	4,	3,	13,	uso_300ms_9.wav,	5,	331,	9.13,	2.977081775665283,	15,	0.3
24,	2,	4,	3,	14,	uso_300ms_53.wav,	9,	431,	12.47,	2.241311550140381,	15,	0.3
24,	2,	4,	3,	15,	uso_300ms_93.wav,	6,	402,	11.5,	3.283932685852051,	15,	0.3
24,	2,	4,	3,	16,	uso_300ms_42.wav,	5,	268,	7.03,	2.4016315937042236,	15,	0.3
24,	2,	4,	3,	17,	uso_300ms_39.wav,	6,	309,	8.4,	4.483755111694336,	15,	0.3
24,	2,	4,	3,	18,	uso_300ms_32.wav,	7,	339,	9.4,	2.4119179248809814,	15,	0.3
24,	2,	4,	3,	19,	uso_300ms_40.wav,	9,	445,	12.93,	2.5869545936584473,	15,	0.3
24,	2,	4,	3,	20,	uso_300ms_53.wav,	8,	445,	12.93,	1.6494946479797363,	15,	0.3
24,	2,	4,	3,	21,	uso_300ms_36.wav,	5,	375,	10.6,	1.6941487789154053,	15,	0.3
24,	2,	4,	3,	22,	uso_300ms_30.wav,	9,	347,	9.67,	1.7804789543151855,	15,	0.3
24,	2,	4,	3,	23,	uso_300ms_76.wav,	7,	440,	12.77,	1.9173336029052734,	15,	0.3
24,	2,	4,	3,	24,	uso_300ms_1.wav,	8,	307,	8.33,	3.3363373279571533,	15,	0.3
24,	2,	4,	3,	25,	uso_300ms_2.wav,	6,	297,	8.0,	2.798421621322632,	15,	0.3
24,	2,	4,	3,	26,	uso_300ms_94.wav,	7,	266,	6.97,	1.9517827033996582,	15,	0.3
24,	2,	4,	3,	27,	uso_300ms_85.wav,	6,	246,	6.3,	1.851909875869751,	15,	0.3
24,	2,	4,	3,	28,	uso_300ms_89.wav,	8,	338,	9.37,	1.789355754852295,	15,	0.3
24,	2,	4,	3,	29,	uso_300ms_93.wav,	9,	407,	11.67,	1.6677641868591309,	15,	0.3
24,	2,	4,	3,	30,	uso_300ms_1.wav,	5,	271,	7.13,	2.3423821926116943,	15,	0.3
24,	2,	4,	3,	31,	uso_300ms_72.wav,	6,	248,	6.37,	3.37613582611084,	15,	0.3
24,	2,	4,	3,	32,	uso_300ms_33.wav,	9,	414,	11.9,	2.6063387393951416,	15,	0.3
24,	2,	4,	3,	33,	uso_300ms_39.wav,	7,	367,	10.33,	1.7643625736236572,	15,	0.3
24,	2,	4,	3,	34,	uso_300ms_6.wav,	5,	266,	6.97,	2.303602933883667,	15,	0.3
24,	2,	4,	3,	35,	uso_300ms_94.wav,	8,	291,	7.8,	2.0704264640808105,	15,	0.3
24,	2,	4,	3,	36,	uso_300ms_31.wav,	7,	262,	6.83,	3.904865264892578,	15,	0.3
24,	2,	4,	3,	37,	uso_300ms_76.wav,	5,	388,	11.03,	2.0873637199401855,	15,	0.3
24,	2,	4,	3,	38,	uso_300ms_36.wav,	8,	435,	12.6,	1.6453862190246582,	15,	0.3
24,	2,	4,	3,	39,	uso_300ms_61.wav,	9,	379,	10.73,	1.972273588180542,	15,	0.3
24,	2,	4,	3,	40,	uso_300ms_50.wav,	6,	225,	5.6,	2.596756935119629,	15,	0.3
24,	2,	4,	3,	41,	uso_300ms_7.wav,	9,	352,	9.83,	1.8462042808532715,	15,	0.3
24,	2,	4,	3,	42,	uso_300ms_70.wav,	5,	205,	4.93,	4.667273759841919,	15,	0.3
24,	2,	4,	3,	43,	uso_300ms_11.wav,	7,	324,	8.9,	2.343088150024414,	15,	0.3
24,	2,	4,	3,	44,	uso_300ms_2.wav,	8,	403,	11.53,	1.9481685161590576,	15,	0.3
24,	2,	4,	3,	45,	uso_300ms_27.wav,	6,	233,	5.87,	2.8145031929016113,	15,	0.3
24,	2,	4,	3,	46,	uso_300ms_25.wav,	7,	326,	8.97,	2.4549574851989746,	15,	0.3
24,	2,	4,	3,	47,	uso_300ms_73.wav,	5,	369,	10.4,	3.0019218921661377,	15,	0.3
24,	2,	4,	3,	48,	uso_300ms_49.wav,	6,	208,	5.03,	4.523023843765259,	15,	0.3
24,	2,	4,	3,	49,	uso_300ms_75.wav,	9,	401,	11.47,	2.283233404159546,	15,	0.3
24,	2,	4,	3,	50,	uso_300ms_14.wav,	8,	332,	9.17,	2.0421736240386963,	15,	0.3
24,	2,	4,	3,	51,	uso_300ms_46.wav,	6,	414,	11.9,	2.0848517417907715,	15,	0.3
24,	2,	4,	3,	52,	uso_300ms_59.wav,	9,	296,	7.97,	2.1373746395111084,	15,	0.3
24,	2,	4,	3,	53,	uso_300ms_100.wav,	5,	273,	7.2,	2.9369702339172363,	15,	0.3
24,	2,	4,	3,	54,	uso_300ms_21.wav,	8,	411,	11.8,	2.2050089836120605,	15,	0.3
24,	2,	4,	3,	55,	uso_300ms_80.wav,	7,	381,	10.8,	2.380220890045166,	15,	0.3
24,	2,	4,	3,	56,	uso_300ms_90.wav,	5,	318,	8.7,	3.8437340259552,	15,	0.3
24,	2,	4,	3,	57,	uso_300ms_44.wav,	8,	389,	11.07,	1.729224681854248,	15,	0.3
24,	2,	4,	3,	58,	uso_300ms_42.wav,	9,	427,	12.33,	1.3885326385498047,	15,	0.3
24,	2,	4,	3,	59,	uso_300ms_40.wav,	7,	437,	12.67,	1.511169672012329,	15,	0.3
24,	2,	4,	3,	60,	uso_300ms_21.wav,	6,	367,	10.33,	1.6876184940338135,	15,	0.3
24,	2,	4,	3,	61,	uso_300ms_33.wav,	5,	403,	11.53,	6.307667255401611,	15,	0.3
24,	2,	4,	3,	62,	uso_300ms_10.wav,	6,	336,	9.3,	3.209449529647827,	15,	0.3
24,	2,	4,	3,	63,	uso_300ms_44.wav,	9,	390,	11.1,	2.5298047065734863,	15,	0.3
24,	2,	4,	3,	64,	uso_300ms_82.wav,	7,	355,	9.93,	3.9840052127838135,	15,	0.3
24,	2,	4,	3,	65,	uso_300ms_14.wav,	8,	275,	7.27,	2.510251045227051,	15,	0.3
24,	2,	4,	3,	66,	uso_300ms_32.wav,	5,	302,	8.17,	1.713334560394287,	15,	0.3
24,	2,	4,	3,	67,	uso_300ms_80.wav,	8,	414,	11.9,	1.8629839420318604,	15,	0.3
24,	2,	4,	3,	68,	uso_300ms_67.wav,	9,	356,	9.97,	3.146054983139038,	15,	0.3
24,	2,	4,	3,	69,	uso_300ms_52.wav,	6,	384,	10.9,	2.661449909210205,	15,	0.3
24,	2,	4,	3,	70,	uso_300ms_87.wav,	7,	418,	12.03,	2.301948308944702,	15,	0.3
24,	2,	4,	3,	71,	uso_300ms_18.wav,	5,	268,	7.03,	1.9872190952301025,	15,	0.3
24,	2,	4,	3,	72,	uso_300ms_87.wav,	7,	375,	10.6,	2.242309808731079,	15,	0.3
24,	2,	4,	3,	73,	uso_300ms_85.wav,	6,	291,	7.8,	1.623798131942749,	15,	0.3
24,	2,	4,	3,	74,	uso_300ms_31.wav,	8,	412,	11.83,	2.665247917175293,	15,	0.3
24,	2,	4,	3,	75,	uso_300ms_77.wav,	9,	412,	11.83,	2.1010518074035645,	15,	0.3
