sub_id,cond_id,block_id,task_id,event_id,stim_id,speaker_id,led_id,led_distance,response_time,n_reps,isi
24,	2,	5,	3,	1,	uso_300ms_31.wav,	5,	90,	1.1,	nan,	90,	2
24,	2,	5,	3,	2,	uso_300ms_93.wav,	5,	168.58585,	3.72,	nan,	90,	2
24,	2,	5,	3,	3,	uso_300ms_92.wav,	5,	123.46244999999995,	2.22,	nan,	90,	2
24,	2,	5,	3,	4,	uso_300ms_34.wav,	7,	322.4085820000002,	8.85,	nan,	90,	2
24,	2,	5,	3,	5,	uso_300ms_37.wav,	9,	380.70331500000015,	10.79,	nan,	90,	2
24,	2,	5,	3,	6,	uso_300ms_43.wav,	9,	445.82393000000036,	12.96,	nan,	90,	2
24,	2,	5,	3,	7,	uso_300ms_41.wav,	9,	380.55995500000023,	10.79,	nan,	90,	2
24,	2,	5,	3,	8,	uso_300ms_82.wav,	8,	358.01025300000003,	10.03,	nan,	90,	2
24,	2,	5,	3,	9,	uso_300ms_19.wav,	6,	293.7583169999997,	7.89,	nan,	90,	2
24,	2,	5,	3,	10,	uso_300ms_24.wav,	7,	318.45601099999914,	8.72,	nan,	90,	2
24,	2,	5,	3,	11,	uso_300ms_57.wav,	7,	318.45601099999914,	8.72,	nan,	90,	2
24,	2,	5,	3,	12,	uso_300ms_79.wav,	7,	318.45601099999914,	8.72,	nan,	90,	2
24,	2,	5,	3,	13,	uso_300ms_52.wav,	5,	257.5136819999991,	6.68,	nan,	90,	2
24,	2,	5,	3,	14,	uso_300ms_82.wav,	5,	257.5136819999991,	6.68,	nan,	90,	2
24,	2,	5,	3,	15,	uso_300ms_44.wav,	5,	275.871930999999,	7.3,	nan,	90,	2
24,	2,	5,	3,	16,	uso_300ms_55.wav,	5,	223.49472499999897,	5.55,	nan,	90,	2
24,	2,	5,	3,	17,	uso_300ms_43.wav,	5,	189.51468799999896,	4.42,	nan,	90,	2
24,	2,	5,	3,	18,	uso_300ms_55.wav,	6,	290.371856999999,	7.78,	nan,	90,	2
24,	2,	5,	3,	19,	uso_300ms_73.wav,	6,	290.4625769999985,	7.78,	nan,	90,	2
24,	2,	5,	3,	20,	uso_300ms_31.wav,	8,	342.7712319999983,	9.53,	nan,	90,	2
24,	2,	5,	3,	21,	uso_300ms_64.wav,	9,	392.2021379999981,	11.17,	nan,	90,	2
24,	2,	5,	3,	22,	uso_300ms_14.wav,	9,	405.97463799999804,	11.63,	nan,	90,	2
24,	2,	5,	3,	23,	uso_300ms_67.wav,	9,	453.4104179999982,	13.21,	nan,	90,	2
24,	2,	5,	3,	24,	uso_300ms_84.wav,	9,	398.4082609999983,	11.38,	nan,	90,	2
24,	2,	5,	3,	25,	uso_300ms_17.wav,	9,	377.5141639999981,	10.68,	nan,	90,	2
24,	2,	5,	3,	26,	uso_300ms_89.wav,	8,	348.77236699999804,	9.73,	nan,	90,	2
24,	2,	5,	3,	27,	uso_300ms_8.wav,	8,	348.77236699999804,	9.73,	nan,	90,	2
24,	2,	5,	3,	28,	uso_300ms_85.wav,	7,	331.02394399999804,	9.13,	nan,	90,	2
24,	2,	5,	3,	29,	uso_300ms_78.wav,	7,	331.02394399999804,	9.13,	nan,	90,	2
24,	2,	5,	3,	30,	uso_300ms_75.wav,	7,	331.02394399999804,	9.13,	nan,	90,	2
24,	2,	5,	3,	31,	uso_300ms_93.wav,	7,	312.554268999998,	8.52,	nan,	90,	2
24,	2,	5,	3,	32,	uso_300ms_61.wav,	6,	306.54311699999806,	8.32,	nan,	90,	2
24,	2,	5,	3,	33,	uso_300ms_94.wav,	6,	306.54311699999806,	8.32,	nan,	90,	2
24,	2,	5,	3,	34,	uso_300ms_63.wav,	6,	306.54311699999806,	8.32,	nan,	90,	2
24,	2,	5,	3,	35,	uso_300ms_29.wav,	6,	306.54311699999806,	8.32,	nan,	90,	2
24,	2,	5,	3,	36,	uso_300ms_89.wav,	6,	306.54311699999806,	8.32,	nan,	90,	2
24,	2,	5,	3,	37,	uso_300ms_32.wav,	6,	306.54311699999806,	8.32,	nan,	90,	2
24,	2,	5,	3,	38,	uso_300ms_77.wav,	6,	306.54311699999806,	8.32,	nan,	90,	2
24,	2,	5,	3,	39,	uso_300ms_23.wav,	5,	275.30546299999816,	7.28,	nan,	90,	2
24,	2,	5,	3,	40,	uso_300ms_41.wav,	5,	275.30546299999816,	7.28,	nan,	90,	2
24,	2,	5,	3,	41,	uso_300ms_84.wav,	5,	275.30546299999816,	7.28,	nan,	90,	2
24,	2,	5,	3,	42,	uso_300ms_63.wav,	5,	275.30546299999816,	7.28,	nan,	90,	2
24,	2,	5,	3,	43,	uso_300ms_81.wav,	5,	275.30546299999816,	7.28,	nan,	90,	2
24,	2,	5,	3,	44,	uso_300ms_57.wav,	5,	275.30546299999816,	7.28,	nan,	90,	2
24,	2,	5,	3,	45,	uso_300ms_46.wav,	5,	275.30546299999816,	7.28,	nan,	90,	2
24,	2,	5,	3,	46,	uso_300ms_73.wav,	5,	275.30546299999816,	7.28,	nan,	90,	2
24,	2,	5,	3,	47,	uso_300ms_47.wav,	9,	384.6415079999982,	10.92,	nan,	90,	2
24,	2,	5,	3,	48,	uso_300ms_91.wav,	9,	384.6415079999982,	10.92,	nan,	90,	2
24,	2,	5,	3,	49,	uso_300ms_9.wav,	9,	384.6415079999982,	10.92,	nan,	90,	2
24,	2,	5,	3,	50,	uso_300ms_89.wav,	9,	384.6415079999982,	10.92,	nan,	90,	2
24,	2,	5,	3,	51,	uso_300ms_14.wav,	9,	384.6415079999982,	10.92,	nan,	90,	2
24,	2,	5,	3,	52,	uso_300ms_82.wav,	9,	384.6415079999982,	10.92,	nan,	90,	2
24,	2,	5,	3,	53,	uso_300ms_9.wav,	8,	346.16704399999816,	9.64,	nan,	90,	2
24,	2,	5,	3,	54,	uso_300ms_49.wav,	8,	346.16704399999816,	9.64,	nan,	90,	2
24,	2,	5,	3,	55,	uso_300ms_35.wav,	8,	346.16704399999816,	9.64,	nan,	90,	2
24,	2,	5,	3,	56,	uso_300ms_20.wav,	8,	346.16704399999816,	9.64,	nan,	90,	2
24,	2,	5,	3,	57,	uso_300ms_50.wav,	8,	346.16704399999816,	9.64,	nan,	90,	2
24,	2,	5,	3,	58,	uso_300ms_43.wav,	8,	346.16704399999816,	9.64,	nan,	90,	2
24,	2,	5,	3,	59,	uso_300ms_13.wav,	8,	346.16704399999816,	9.64,	nan,	90,	2
24,	2,	5,	3,	60,	uso_300ms_46.wav,	7,	316.718715999998,	8.66,	nan,	90,	2
24,	2,	5,	3,	61,	uso_300ms_77.wav,	7,	316.718715999998,	8.66,	nan,	90,	2
24,	2,	5,	3,	62,	uso_300ms_70.wav,	7,	316.718715999998,	8.66,	nan,	90,	2
24,	2,	5,	3,	63,	uso_300ms_56.wav,	7,	316.718715999998,	8.66,	nan,	90,	2
24,	2,	5,	3,	64,	uso_300ms_23.wav,	7,	316.76475499999805,	8.66,	nan,	90,	2
24,	2,	5,	3,	65,	uso_300ms_87.wav,	7,	316.76475499999805,	8.66,	nan,	90,	2
24,	2,	5,	3,	66,	uso_300ms_47.wav,	7,	316.76475499999805,	8.66,	nan,	90,	2
24,	2,	5,	3,	67,	uso_300ms_72.wav,	7,	316.76475499999805,	8.66,	nan,	90,	2
24,	2,	5,	3,	68,	uso_300ms_54.wav,	7,	316.76475499999805,	8.66,	nan,	90,	2
24,	2,	5,	3,	69,	uso_300ms_86.wav,	7,	316.76475499999805,	8.66,	nan,	90,	2
24,	2,	5,	3,	70,	uso_300ms_87.wav,	7,	316.76475499999805,	8.66,	nan,	90,	2
24,	2,	5,	3,	71,	uso_300ms_71.wav,	9,	435.55222799999785,	12.62,	nan,	90,	2
24,	2,	5,	3,	72,	uso_300ms_61.wav,	9,	435.55222799999785,	12.62,	nan,	90,	2
24,	2,	5,	3,	73,	uso_300ms_6.wav,	9,	435.55222799999785,	12.62,	nan,	90,	2
24,	2,	5,	3,	74,	uso_300ms_58.wav,	9,	435.55222799999785,	12.62,	nan,	90,	2
24,	2,	5,	3,	75,	uso_300ms_77.wav,	9,	435.55222799999785,	12.62,	nan,	90,	2
24,	2,	5,	3,	76,	uso_300ms_74.wav,	9,	435.55222799999785,	12.62,	nan,	90,	2
24,	2,	5,	3,	77,	uso_300ms_35.wav,	9,	435.55222799999785,	12.62,	nan,	90,	2
24,	2,	5,	3,	78,	uso_300ms_67.wav,	9,	435.55222799999785,	12.62,	nan,	90,	2
24,	2,	5,	3,	79,	uso_300ms_36.wav,	9,	435.55222799999785,	12.62,	nan,	90,	2
24,	2,	5,	3,	80,	uso_300ms_76.wav,	9,	435.55222799999785,	12.62,	nan,	90,	2
24,	2,	5,	3,	81,	uso_300ms_84.wav,	9,	435.55222799999785,	12.62,	nan,	90,	2
24,	2,	5,	3,	82,	uso_300ms_40.wav,	9,	435.55222799999785,	12.62,	nan,	90,	2
24,	2,	5,	3,	83,	uso_300ms_15.wav,	9,	435.55222799999785,	12.62,	nan,	90,	2
24,	2,	5,	3,	84,	uso_300ms_72.wav,	9,	435.55222799999785,	12.62,	nan,	90,	2
24,	2,	5,	3,	85,	uso_300ms_97.wav,	9,	435.55222799999785,	12.62,	nan,	90,	2
24,	2,	5,	3,	86,	uso_300ms_59.wav,	9,	435.55222799999785,	12.62,	nan,	90,	2
24,	2,	5,	3,	87,	uso_300ms_61.wav,	9,	435.55222799999785,	12.62,	nan,	90,	2
24,	2,	5,	3,	88,	uso_300ms_46.wav,	9,	431.90188199999784,	12.5,	nan,	90,	2
24,	2,	5,	3,	89,	uso_300ms_93.wav,	8,	358.3056599999981,	10.04,	nan,	90,	2
24,	2,	5,	3,	90,	uso_300ms_35.wav,	8,	358.1974189999987,	10.04,	nan,	90,	2
