sub_id,cond_id,block_id,task_id,event_id,stim_id,speaker_id,led_id,led_distance,response_time,n_reps,isi
24,	2,	3,	3,	1,	uso_300ms_4.wav,	5,	91.06404900000001,	1.14,	nan,	90,	2
24,	2,	3,	3,	2,	uso_300ms_93.wav,	5,	154.27263500000032,	3.24,	nan,	90,	2
24,	2,	3,	3,	3,	uso_300ms_60.wav,	5,	250.5225930000004,	6.45,	nan,	90,	2
24,	2,	3,	3,	4,	uso_300ms_70.wav,	5,	247.96493999999979,	6.37,	nan,	90,	2
24,	2,	3,	3,	5,	uso_300ms_85.wav,	6,	283.08174899999955,	7.54,	nan,	90,	2
24,	2,	3,	3,	6,	uso_300ms_13.wav,	6,	284.36186699999934,	7.58,	nan,	90,	2
24,	2,	3,	3,	7,	uso_300ms_23.wav,	7,	327.5560809999994,	9.02,	nan,	90,	2
24,	2,	3,	3,	8,	uso_300ms_34.wav,	7,	327.72177799999844,	9.02,	nan,	90,	2
24,	2,	3,	3,	9,	uso_300ms_80.wav,	9,	394.44300599999787,	11.25,	nan,	90,	2
24,	2,	3,	3,	10,	uso_300ms_74.wav,	9,	426.03403399999803,	12.3,	nan,	90,	2
24,	2,	3,	3,	11,	uso_300ms_66.wav,	9,	448.67609399999867,	13.06,	nan,	90,	2
24,	2,	3,	3,	12,	uso_300ms_64.wav,	9,	450.17799299999865,	13.11,	nan,	90,	2
24,	2,	3,	3,	13,	uso_300ms_48.wav,	9,	403.1389239999985,	11.54,	nan,	90,	2
24,	2,	3,	3,	14,	uso_300ms_44.wav,	8,	357.5508149999984,	10.02,	nan,	90,	2
24,	2,	3,	3,	15,	uso_300ms_87.wav,	8,	356.4959709999983,	9.98,	nan,	90,	2
24,	2,	3,	3,	16,	uso_300ms_86.wav,	6,	308.90315299999816,	8.4,	nan,	90,	2
24,	2,	3,	3,	17,	uso_300ms_87.wav,	6,	308.90315299999816,	8.4,	nan,	90,	2
24,	2,	3,	3,	18,	uso_300ms_32.wav,	5,	256.7911629999982,	6.66,	nan,	90,	2
24,	2,	3,	3,	19,	uso_300ms_28.wav,	5,	220.44631599999818,	5.45,	nan,	90,	2
24,	2,	3,	3,	20,	uso_300ms_98.wav,	5,	204.36861099999814,	4.91,	nan,	90,	2
24,	2,	3,	3,	21,	uso_300ms_32.wav,	5,	172.95218399999803,	3.87,	nan,	90,	2
24,	2,	3,	3,	22,	uso_300ms_12.wav,	5,	155.64715499999807,	3.29,	nan,	90,	2
24,	2,	3,	3,	23,	uso_300ms_97.wav,	5,	147.08010699999804,	3.0,	nan,	90,	2
24,	2,	3,	3,	24,	uso_300ms_85.wav,	5,	122.99414999999796,	2.2,	nan,	90,	2
24,	2,	3,	3,	25,	uso_300ms_79.wav,	5,	254.80015299999798,	6.59,	nan,	90,	2
24,	2,	3,	3,	26,	uso_300ms_2.wav,	5,	277.073697999998,	7.34,	nan,	90,	2
24,	2,	3,	3,	27,	uso_300ms_1.wav,	7,	319.683782999998,	8.76,	nan,	90,	2
24,	2,	3,	3,	28,	uso_300ms_70.wav,	8,	352.6055179999981,	9.85,	nan,	90,	2
24,	2,	3,	3,	29,	uso_300ms_95.wav,	9,	390.775768999998,	11.13,	nan,	90,	2
24,	2,	3,	3,	30,	uso_300ms_36.wav,	9,	390.9959119999993,	11.13,	nan,	90,	2
24,	2,	3,	3,	31,	uso_300ms_59.wav,	9,	391.0760479999988,	11.14,	nan,	90,	2
24,	2,	3,	3,	32,	uso_300ms_68.wav,	9,	391.0760479999988,	11.14,	nan,	90,	2
24,	2,	3,	3,	33,	uso_300ms_41.wav,	9,	391.0760479999988,	11.14,	nan,	90,	2
24,	2,	3,	3,	34,	uso_300ms_68.wav,	8,	367.76640499999866,	10.36,	nan,	90,	2
24,	2,	3,	3,	35,	uso_300ms_66.wav,	8,	367.76640499999866,	10.36,	nan,	90,	2
24,	2,	3,	3,	36,	uso_300ms_58.wav,	8,	367.76640499999866,	10.36,	nan,	90,	2
24,	2,	3,	3,	37,	uso_300ms_67.wav,	8,	346.53200299999867,	9.65,	nan,	90,	2
24,	2,	3,	3,	38,	uso_300ms_28.wav,	7,	337.4696839999983,	9.35,	nan,	90,	2
24,	2,	3,	3,	39,	uso_300ms_84.wav,	6,	303.01560699999834,	8.2,	nan,	90,	2
24,	2,	3,	3,	40,	uso_300ms_65.wav,	6,	303.01560699999834,	8.2,	nan,	90,	2
24,	2,	3,	3,	41,	uso_300ms_22.wav,	6,	283.7482889999982,	7.56,	nan,	90,	2
24,	2,	3,	3,	42,	uso_300ms_52.wav,	5,	264.53951199999807,	6.92,	nan,	90,	2
24,	2,	3,	3,	43,	uso_300ms_48.wav,	5,	264.53951199999807,	6.92,	nan,	90,	2
24,	2,	3,	3,	44,	uso_300ms_42.wav,	5,	264.53951199999807,	6.92,	nan,	90,	2
24,	2,	3,	3,	45,	uso_300ms_4.wav,	8,	346.5109819999981,	9.65,	nan,	90,	2
24,	2,	3,	3,	46,	uso_300ms_83.wav,	7,	318.0497029999979,	8.7,	nan,	90,	2
24,	2,	3,	3,	47,	uso_300ms_39.wav,	7,	318.0497029999979,	8.7,	nan,	90,	2
24,	2,	3,	3,	48,	uso_300ms_82.wav,	7,	318.0497029999979,	8.7,	nan,	90,	2
24,	2,	3,	3,	49,	uso_300ms_28.wav,	8,	364.7335359999979,	10.26,	nan,	90,	2
24,	2,	3,	3,	50,	uso_300ms_78.wav,	8,	364.7335359999979,	10.26,	nan,	90,	2
24,	2,	3,	3,	51,	uso_300ms_63.wav,	8,	364.7335359999979,	10.26,	nan,	90,	2
24,	2,	3,	3,	52,	uso_300ms_41.wav,	9,	418.4807539999979,	12.05,	nan,	90,	2
24,	2,	3,	3,	53,	uso_300ms_48.wav,	9,	418.4807539999979,	12.05,	nan,	90,	2
24,	2,	3,	3,	54,	uso_300ms_84.wav,	9,	418.4807539999979,	12.05,	nan,	90,	2
24,	2,	3,	3,	55,	uso_300ms_34.wav,	9,	418.4807539999979,	12.05,	nan,	90,	2
24,	2,	3,	3,	56,	uso_300ms_21.wav,	9,	389.4193789999978,	11.08,	nan,	90,	2
24,	2,	3,	3,	57,	uso_300ms_30.wav,	8,	368.80785799999774,	10.39,	nan,	90,	2
24,	2,	3,	3,	58,	uso_300ms_84.wav,	8,	352.08228199999775,	9.84,	nan,	90,	2
24,	2,	3,	3,	59,	uso_300ms_3.wav,	6,	303.80464699999766,	8.23,	nan,	90,	2
24,	2,	3,	3,	60,	uso_300ms_81.wav,	7,	326.41050299999756,	8.98,	nan,	90,	2
24,	2,	3,	3,	61,	uso_300ms_33.wav,	9,	380.1323249999976,	10.77,	nan,	90,	2
24,	2,	3,	3,	62,	uso_300ms_46.wav,	8,	365.4716019999976,	10.28,	nan,	90,	2
24,	2,	3,	3,	63,	uso_300ms_27.wav,	8,	357.5700719999976,	10.02,	nan,	90,	2
24,	2,	3,	3,	64,	uso_300ms_62.wav,	7,	328.3602899999975,	9.05,	nan,	90,	2
24,	2,	3,	3,	65,	uso_300ms_66.wav,	7,	328.3602899999975,	9.05,	nan,	90,	2
24,	2,	3,	3,	66,	uso_300ms_58.wav,	7,	328.3602899999975,	9.05,	nan,	90,	2
24,	2,	3,	3,	67,	uso_300ms_94.wav,	7,	328.3602899999975,	9.05,	nan,	90,	2
24,	2,	3,	3,	68,	uso_300ms_83.wav,	6,	301.5310259999975,	8.15,	nan,	90,	2
24,	2,	3,	3,	69,	uso_300ms_26.wav,	6,	301.5310259999975,	8.15,	nan,	90,	2
24,	2,	3,	3,	70,	uso_300ms_3.wav,	6,	301.5310259999975,	8.15,	nan,	90,	2
24,	2,	3,	3,	71,	uso_300ms_21.wav,	9,	388.62448699999766,	11.05,	nan,	90,	2
24,	2,	3,	3,	72,	uso_300ms_56.wav,	7,	317.90519499999846,	8.7,	nan,	90,	2
24,	2,	3,	3,	73,	uso_300ms_97.wav,	6,	289.28241199999843,	7.74,	nan,	90,	2
24,	2,	3,	3,	74,	uso_300ms_67.wav,	5,	273.02960899999846,	7.2,	nan,	90,	2
24,	2,	3,	3,	75,	uso_300ms_70.wav,	5,	273.02960899999846,	7.2,	nan,	90,	2
24,	2,	3,	3,	76,	uso_300ms_95.wav,	6,	295.9450679999985,	7.96,	nan,	90,	2
24,	2,	3,	3,	77,	uso_300ms_39.wav,	7,	326.9769359999985,	9.0,	nan,	90,	2
24,	2,	3,	3,	78,	uso_300ms_17.wav,	8,	363.65741199999826,	10.22,	nan,	90,	2
24,	2,	3,	3,	79,	uso_300ms_4.wav,	9,	404.58044099999813,	11.59,	nan,	90,	2
24,	2,	3,	3,	80,	uso_300ms_67.wav,	9,	387.6780099999981,	11.02,	nan,	90,	2
24,	2,	3,	3,	81,	uso_300ms_80.wav,	8,	360.8389879999981,	10.13,	nan,	90,	2
24,	2,	3,	3,	82,	uso_300ms_60.wav,	5,	275.2272589999982,	7.27,	nan,	90,	2
24,	2,	3,	3,	83,	uso_300ms_7.wav,	6,	294.1506949999981,	7.91,	nan,	90,	2
24,	2,	3,	3,	84,	uso_300ms_46.wav,	7,	324.31445099999826,	8.91,	nan,	90,	2
24,	2,	3,	3,	85,	uso_300ms_45.wav,	8,	361.26722699999823,	10.14,	nan,	90,	2
24,	2,	3,	3,	86,	uso_300ms_14.wav,	9,	403.5839489999979,	11.55,	nan,	90,	2
24,	2,	3,	3,	87,	uso_300ms_73.wav,	9,	437.51195499999807,	12.68,	nan,	90,	2
24,	2,	3,	3,	88,	uso_300ms_30.wav,	9,	437.53009899999796,	12.68,	nan,	90,	2
24,	2,	3,	3,	89,	uso_300ms_77.wav,	9,	437.53009899999796,	12.68,	nan,	90,	2
24,	2,	3,	3,	90,	uso_300ms_95.wav,	9,	437.53009899999796,	12.68,	nan,	90,	2
