sub_id,cond_id,block_id,task_id,event_id,stim_id,speaker_id,led_id,led_distance,response_time,n_reps,isi
13,	1,	6,	1,	1,	uso_300ms_97.wav,	2,	89,	1.07,	0.20057201385498047,	15,	0.3
13,	1,	6,	1,	2,	uso_300ms_19.wav,	4,	363,	10.2,	4.844799995422363,	15,	0.3
13,	1,	6,	1,	3,	uso_300ms_27.wav,	7,	387,	11.0,	2.6210341453552246,	15,	0.3
13,	1,	6,	1,	4,	uso_300ms_51.wav,	6,	412,	11.83,	1.9576396942138672,	15,	0.3
13,	1,	6,	1,	5,	uso_300ms_91.wav,	1,	207,	5.0,	4.022494316101074,	15,	0.3
13,	1,	6,	1,	6,	uso_300ms_11.wav,	10,	442,	12.83,	3.479623794555664,	15,	0.3
13,	1,	6,	1,	7,	uso_300ms_71.wav,	0,	120,	2.1,	3.865464925765991,	15,	0.3
13,	1,	6,	1,	8,	uso_300ms_76.wav,	5,	328,	9.03,	3.600507974624634,	15,	0.3
13,	1,	6,	1,	9,	uso_300ms_76.wav,	8,	367,	10.33,	2.4055609703063965,	15,	0.3
13,	1,	6,	1,	10,	uso_300ms_35.wav,	9,	394,	11.23,	1.7822823524475098,	15,	0.3
13,	1,	6,	1,	11,	uso_300ms_57.wav,	3,	136,	2.63,	2.8317806720733643,	15,	0.3
13,	1,	6,	1,	12,	uso_300ms_58.wav,	7,	324,	8.9,	3.870400905609131,	15,	0.3
13,	1,	6,	1,	13,	uso_300ms_48.wav,	0,	116,	1.97,	4.81825590133667,	15,	0.3
13,	1,	6,	1,	14,	uso_300ms_67.wav,	1,	131,	2.47,	1.5717082023620605,	15,	0.3
13,	1,	6,	1,	15,	uso_300ms_83.wav,	6,	329,	9.07,	2.9389870166778564,	15,	0.3
13,	1,	6,	1,	16,	uso_300ms_77.wav,	5,	302,	8.17,	3.6946868896484375,	15,	0.3
13,	1,	6,	1,	17,	uso_300ms_71.wav,	4,	285,	7.6,	3.462094306945801,	15,	0.3
13,	1,	6,	1,	18,	uso_300ms_11.wav,	10,	424,	12.23,	4.958436965942383,	15,	0.3
13,	1,	6,	1,	19,	uso_300ms_46.wav,	2,	224,	5.57,	2.7957937717437744,	15,	0.3
13,	1,	6,	1,	20,	uso_300ms_100.wav,	8,	356,	9.97,	4.083112001419067,	15,	0.3
13,	1,	6,	1,	21,	uso_300ms_59.wav,	3,	287,	7.67,	1.8410465717315674,	15,	0.3
13,	1,	6,	1,	22,	uso_300ms_13.wav,	9,	361,	10.13,	3.0986735820770264,	15,	0.3
13,	1,	6,	1,	23,	uso_300ms_59.wav,	10,	378,	10.7,	2.906475067138672,	15,	0.3
13,	1,	6,	1,	24,	uso_300ms_81.wav,	1,	217,	5.33,	2.672898292541504,	15,	0.3
13,	1,	6,	1,	25,	uso_300ms_51.wav,	5,	301,	8.13,	2.686924934387207,	15,	0.3
13,	1,	6,	1,	26,	uso_300ms_62.wav,	7,	393,	11.2,	3.635963201522827,	15,	0.3
13,	1,	6,	1,	27,	uso_300ms_14.wav,	6,	419,	12.07,	4.386157751083374,	15,	0.3
13,	1,	6,	1,	28,	uso_300ms_69.wav,	3,	430,	12.43,	6.062621355056763,	15,	0.3
13,	1,	6,	1,	29,	uso_300ms_14.wav,	2,	275,	7.27,	3.4924604892730713,	15,	0.3
13,	1,	6,	1,	30,	uso_300ms_39.wav,	8,	383,	10.87,	2.6572935581207275,	15,	0.3
13,	1,	6,	1,	31,	uso_300ms_100.wav,	9,	435,	12.6,	2.143444299697876,	15,	0.3
13,	1,	6,	1,	32,	uso_300ms_36.wav,	0,	115,	1.93,	4.358901262283325,	15,	0.3
13,	1,	6,	1,	33,	uso_300ms_6.wav,	4,	205,	4.93,	1.5725150108337402,	15,	0.3
13,	1,	6,	1,	34,	uso_300ms_30.wav,	6,	223,	5.53,	1.4535481929779053,	15,	0.3
13,	1,	6,	1,	35,	uso_300ms_79.wav,	9,	296,	7.97,	2.871760129928589,	15,	0.3
13,	1,	6,	1,	36,	uso_300ms_16.wav,	2,	120,	2.1,	2.6944236755371094,	15,	0.3
13,	1,	6,	1,	37,	uso_300ms_80.wav,	1,	105,	1.6,	2.5975708961486816,	15,	0.3
13,	1,	6,	1,	38,	uso_300ms_97.wav,	8,	380,	10.77,	3.265927314758301,	15,	0.3
13,	1,	6,	1,	39,	uso_300ms_3.wav,	10,	402,	11.5,	3.5524721145629883,	15,	0.3
13,	1,	6,	1,	40,	uso_300ms_59.wav,	4,	345,	9.6,	2.208963394165039,	15,	0.3
13,	1,	6,	1,	41,	uso_300ms_36.wav,	3,	281,	7.47,	2.056579113006592,	15,	0.3
13,	1,	6,	1,	42,	uso_300ms_62.wav,	0,	145,	2.93,	3.5372142791748047,	15,	0.3
13,	1,	6,	1,	43,	uso_300ms_6.wav,	7,	431,	12.47,	4.855585336685181,	15,	0.3
13,	1,	6,	1,	44,	uso_300ms_92.wav,	5,	298,	8.03,	2.730581760406494,	15,	0.3
13,	1,	6,	1,	45,	uso_300ms_2.wav,	2,	226,	5.63,	2.3192861080169678,	15,	0.3
13,	1,	6,	1,	46,	uso_300ms_76.wav,	8,	436,	12.63,	2.694709062576294,	15,	0.3
13,	1,	6,	1,	47,	uso_300ms_4.wav,	5,	404,	11.57,	1.6660358905792236,	15,	0.3
13,	1,	6,	1,	48,	uso_300ms_91.wav,	4,	370,	10.43,	2.184614896774292,	15,	0.3
13,	1,	6,	1,	49,	uso_300ms_29.wav,	9,	394,	11.23,	1.6787142753601074,	15,	0.3
13,	1,	6,	1,	50,	uso_300ms_53.wav,	10,	426,	12.3,	2.1559865474700928,	15,	0.3
13,	1,	6,	1,	51,	uso_300ms_54.wav,	1,	171,	3.8,	2.7829651832580566,	15,	0.3
13,	1,	6,	1,	52,	uso_300ms_15.wav,	0,	103,	1.53,	1.9391334056854248,	15,	0.3
13,	1,	6,	1,	53,	uso_300ms_57.wav,	3,	133,	2.53,	1.5817594528198242,	15,	0.3
13,	1,	6,	1,	54,	uso_300ms_56.wav,	7,	312,	8.5,	2.9437155723571777,	15,	0.3
13,	1,	6,	1,	55,	uso_300ms_58.wav,	6,	358,	10.03,	3.2745614051818848,	15,	0.3
13,	1,	6,	1,	56,	uso_300ms_4.wav,	4,	381,	10.8,	2.3383893966674805,	15,	0.3
13,	1,	6,	1,	57,	uso_300ms_66.wav,	0,	154,	3.23,	3.8268845081329346,	15,	0.3
13,	1,	6,	1,	58,	uso_300ms_98.wav,	9,	381,	10.8,	3.787199020385742,	15,	0.3
13,	1,	6,	1,	59,	uso_300ms_54.wav,	3,	191,	4.47,	2.798504590988159,	15,	0.3
13,	1,	6,	1,	60,	uso_300ms_33.wav,	7,	348,	9.7,	2.569239616394043,	15,	0.3
13,	1,	6,	1,	61,	uso_300ms_5.wav,	10,	427,	12.33,	3.3957622051239014,	15,	0.3
13,	1,	6,	1,	62,	uso_300ms_64.wav,	8,	427,	12.33,	1.9924917221069336,	15,	0.3
13,	1,	6,	1,	63,	uso_300ms_1.wav,	1,	182,	4.17,	4.537250757217407,	15,	0.3
13,	1,	6,	1,	64,	uso_300ms_8.wav,	6,	288,	7.7,	5.152339458465576,	15,	0.3
13,	1,	6,	1,	65,	uso_300ms_67.wav,	2,	165,	3.6,	2.204256772994995,	15,	0.3
13,	1,	6,	1,	66,	uso_300ms_51.wav,	5,	338,	9.37,	2.8423285484313965,	15,	0.3
13,	1,	6,	1,	67,	uso_300ms_72.wav,	8,	397,	11.33,	4.590692758560181,	15,	0.3
13,	1,	6,	1,	68,	uso_300ms_54.wav,	3,	304,	8.23,	3.469653606414795,	15,	0.3
13,	1,	6,	1,	69,	uso_300ms_22.wav,	7,	327,	9.0,	1.9271445274353027,	15,	0.3
13,	1,	6,	1,	70,	uso_300ms_66.wav,	4,	355,	9.93,	2.9620392322540283,	15,	0.3
13,	1,	6,	1,	71,	uso_300ms_96.wav,	5,	362,	10.17,	2.792135000228882,	15,	0.3
13,	1,	6,	1,	72,	uso_300ms_45.wav,	0,	120,	2.1,	5.321833610534668,	15,	0.3
13,	1,	6,	1,	73,	uso_300ms_82.wav,	1,	188,	4.37,	2.0576229095458984,	15,	0.3
13,	1,	6,	1,	74,	uso_300ms_48.wav,	6,	388,	11.03,	3.113201856613159,	15,	0.3
13,	1,	6,	1,	75,	uso_300ms_87.wav,	2,	243,	6.2,	2.5103917121887207,	15,	0.3
13,	1,	6,	1,	76,	uso_300ms_38.wav,	10,	332,	9.17,	3.5960326194763184,	15,	0.3
13,	1,	6,	1,	77,	uso_300ms_28.wav,	9,	340,	9.43,	2.6838624477386475,	15,	0.3
13,	1,	6,	1,	78,	uso_300ms_45.wav,	3,	261,	6.8,	3.334831714630127,	15,	0.3
13,	1,	6,	1,	79,	uso_300ms_14.wav,	6,	395,	11.27,	3.234180450439453,	15,	0.3
13,	1,	6,	1,	80,	uso_300ms_61.wav,	7,	420,	12.1,	3.2349820137023926,	15,	0.3
13,	1,	6,	1,	81,	uso_300ms_44.wav,	4,	366,	10.3,	1.4711813926696777,	15,	0.3
13,	1,	6,	1,	82,	uso_300ms_48.wav,	5,	425,	12.27,	3.3174755573272705,	15,	0.3
13,	1,	6,	1,	83,	uso_300ms_23.wav,	2,	195,	4.6,	2.6033129692077637,	15,	0.3
13,	1,	6,	1,	84,	uso_300ms_32.wav,	10,	385,	10.93,	4.373580455780029,	15,	0.3
13,	1,	6,	1,	85,	uso_300ms_92.wav,	0,	109,	1.73,	5.463927268981934,	15,	0.3
13,	1,	6,	1,	86,	uso_300ms_64.wav,	9,	257,	6.67,	2.8105947971343994,	15,	0.3
13,	1,	6,	1,	87,	uso_300ms_26.wav,	8,	360,	10.1,	2.518573045730591,	15,	0.3
13,	1,	6,	1,	88,	uso_300ms_88.wav,	1,	158,	3.37,	2.5531363487243652,	15,	0.3
13,	1,	6,	1,	89,	uso_300ms_97.wav,	10,	432,	12.5,	3.4011213779449463,	15,	0.3
13,	1,	6,	1,	90,	uso_300ms_74.wav,	5,	427,	12.33,	2.6831722259521484,	15,	0.3
13,	1,	6,	1,	91,	uso_300ms_79.wav,	2,	301,	8.13,	1.9105050563812256,	15,	0.3
13,	1,	6,	1,	92,	uso_300ms_88.wav,	1,	202,	4.83,	1.6351585388183594,	15,	0.3
13,	1,	6,	1,	93,	uso_300ms_86.wav,	7,	416,	11.97,	2.7082431316375732,	15,	0.3
13,	1,	6,	1,	94,	uso_300ms_79.wav,	0,	107,	1.67,	4.938549995422363,	15,	0.3
13,	1,	6,	1,	95,	uso_300ms_99.wav,	3,	134,	2.57,	1.7440431118011475,	15,	0.3
13,	1,	6,	1,	96,	uso_300ms_16.wav,	8,	333,	9.2,	3.483027696609497,	15,	0.3
13,	1,	6,	1,	97,	uso_300ms_2.wav,	6,	359,	10.07,	5.463781833648682,	15,	0.3
13,	1,	6,	1,	98,	uso_300ms_27.wav,	4,	306,	8.3,	4.325560569763184,	15,	0.3
13,	1,	6,	1,	99,	uso_300ms_34.wav,	9,	419,	12.07,	2.5069124698638916,	15,	0.3
13,	1,	6,	1,	100,	uso_300ms_6.wav,	4,	396,	11.3,	3.4512572288513184,	15,	0.3
13,	1,	6,	1,	101,	uso_300ms_40.wav,	5,	419,	12.07,	3.445711851119995,	15,	0.3
13,	1,	6,	1,	102,	uso_300ms_75.wav,	8,	404,	11.57,	3.8569846153259277,	15,	0.3
13,	1,	6,	1,	103,	uso_300ms_21.wav,	10,	429,	12.4,	3.784060001373291,	15,	0.3
13,	1,	6,	1,	104,	uso_300ms_50.wav,	0,	114,	1.9,	4.492713212966919,	15,	0.3
13,	1,	6,	1,	105,	uso_300ms_98.wav,	7,	338,	9.37,	3.8331353664398193,	15,	0.3
13,	1,	6,	1,	106,	uso_300ms_6.wav,	2,	151,	3.13,	3.371565341949463,	15,	0.3
13,	1,	6,	1,	107,	uso_300ms_66.wav,	3,	298,	8.03,	2.8728418350219727,	15,	0.3
13,	1,	6,	1,	108,	uso_300ms_2.wav,	1,	182,	4.17,	3.900343656539917,	15,	0.3
13,	1,	6,	1,	109,	uso_300ms_20.wav,	6,	389,	11.07,	4.685185194015503,	15,	0.3
13,	1,	6,	1,	110,	uso_300ms_88.wav,	9,	421,	12.13,	3.908076047897339,	15,	0.3
13,	1,	6,	1,	111,	uso_300ms_23.wav,	0,	112,	1.83,	4.268445014953613,	15,	0.3
13,	1,	6,	1,	112,	uso_300ms_57.wav,	9,	428,	12.37,	3.507695436477661,	15,	0.3
13,	1,	6,	1,	113,	uso_300ms_39.wav,	3,	306,	8.3,	2.3299379348754883,	15,	0.3
13,	1,	6,	1,	114,	uso_300ms_93.wav,	2,	224,	5.57,	2.6436805725097656,	15,	0.3
13,	1,	6,	1,	115,	uso_300ms_82.wav,	4,	194,	4.57,	1.4053764343261719,	15,	0.3
13,	1,	6,	1,	116,	uso_300ms_23.wav,	10,	370,	10.43,	4.441706895828247,	15,	0.3
13,	1,	6,	1,	117,	uso_300ms_43.wav,	6,	406,	11.63,	2.2153677940368652,	15,	0.3
13,	1,	6,	1,	118,	uso_300ms_36.wav,	1,	426,	12.3,	4.281365394592285,	15,	0.3
13,	1,	6,	1,	119,	uso_300ms_24.wav,	7,	388,	11.03,	5.57429575920105,	15,	0.3
13,	1,	6,	1,	120,	uso_300ms_28.wav,	5,	367,	10.33,	3.4465863704681396,	15,	0.3
13,	1,	6,	1,	121,	uso_300ms_78.wav,	8,	426,	12.3,	1.9165103435516357,	15,	0.3
13,	1,	6,	1,	122,	uso_300ms_18.wav,	0,	110,	1.77,	3.8224103450775146,	15,	0.3
13,	1,	6,	1,	123,	uso_300ms_61.wav,	4,	230,	5.77,	2.3157503604888916,	15,	0.3
13,	1,	6,	1,	124,	uso_300ms_40.wav,	8,	408,	11.7,	6.628043174743652,	15,	0.3
13,	1,	6,	1,	125,	uso_300ms_7.wav,	3,	261,	6.8,	3.2566611766815186,	15,	0.3
13,	1,	6,	1,	126,	uso_300ms_46.wav,	2,	195,	4.6,	3.484081983566284,	15,	0.3
13,	1,	6,	1,	127,	uso_300ms_59.wav,	1,	159,	3.4,	2.4544668197631836,	15,	0.3
13,	1,	6,	1,	128,	uso_300ms_41.wav,	10,	429,	12.4,	4.886187791824341,	15,	0.3
13,	1,	6,	1,	129,	uso_300ms_50.wav,	6,	288,	7.7,	3.638244867324829,	15,	0.3
13,	1,	6,	1,	130,	uso_300ms_75.wav,	9,	351,	9.8,	2.334611177444458,	15,	0.3
13,	1,	6,	1,	131,	uso_300ms_81.wav,	5,	325,	8.93,	4.575462341308594,	15,	0.3
13,	1,	6,	1,	132,	uso_300ms_50.wav,	7,	395,	11.27,	5.462652921676636,	15,	0.3
13,	1,	6,	1,	133,	uso_300ms_71.wav,	4,	299,	8.07,	2.0285677909851074,	15,	0.3
13,	1,	6,	1,	134,	uso_300ms_74.wav,	3,	325,	8.93,	3.573906898498535,	15,	0.3
13,	1,	6,	1,	135,	uso_300ms_73.wav,	0,	113,	1.87,	4.93970513343811,	15,	0.3
13,	1,	6,	1,	136,	uso_300ms_33.wav,	10,	434,	12.57,	5.179986953735352,	15,	0.3
13,	1,	6,	1,	137,	uso_300ms_39.wav,	6,	402,	11.5,	2.6864235401153564,	15,	0.3
13,	1,	6,	1,	138,	uso_300ms_79.wav,	5,	370,	10.43,	1.654470443725586,	15,	0.3
13,	1,	6,	1,	139,	uso_300ms_6.wav,	1,	148,	3.03,	2.400942802429199,	15,	0.3
13,	1,	6,	1,	140,	uso_300ms_32.wav,	7,	413,	11.87,	2.7824864387512207,	15,	0.3
13,	1,	6,	1,	141,	uso_300ms_52.wav,	2,	182,	4.17,	2.7666101455688477,	15,	0.3
13,	1,	6,	1,	142,	uso_300ms_16.wav,	8,	424,	12.23,	5.832982063293457,	15,	0.3
13,	1,	6,	1,	143,	uso_300ms_18.wav,	9,	437,	12.67,	2.576845407485962,	15,	0.3
13,	1,	6,	1,	144,	uso_300ms_88.wav,	1,	142,	2.83,	2.940138816833496,	15,	0.3
13,	1,	6,	1,	145,	uso_300ms_17.wav,	4,	345,	9.6,	3.6243698596954346,	15,	0.3
13,	1,	6,	1,	146,	uso_300ms_71.wav,	10,	430,	12.43,	4.078263282775879,	15,	0.3
13,	1,	6,	1,	147,	uso_300ms_23.wav,	2,	227,	5.67,	3.316318988800049,	15,	0.3
13,	1,	6,	1,	148,	uso_300ms_85.wav,	5,	356,	9.97,	1.9726641178131104,	15,	0.3
13,	1,	6,	1,	149,	uso_300ms_50.wav,	3,	293,	7.87,	1.6513404846191406,	15,	0.3
13,	1,	6,	1,	150,	uso_300ms_75.wav,	9,	446,	12.97,	4.9632568359375,	15,	0.3
13,	1,	6,	1,	151,	uso_300ms_2.wav,	0,	100,	1.43,	6.450475692749023,	15,	0.3
13,	1,	6,	1,	152,	uso_300ms_92.wav,	8,	414,	11.9,	6.013587951660156,	15,	0.3
13,	1,	6,	1,	153,	uso_300ms_88.wav,	6,	390,	11.1,	5.172489881515503,	15,	0.3
13,	1,	6,	1,	154,	uso_300ms_58.wav,	7,	390,	11.1,	4.347437381744385,	15,	0.3
13,	1,	6,	1,	155,	uso_300ms_49.wav,	8,	414,	11.9,	1.8846516609191895,	15,	0.3
13,	1,	6,	1,	156,	uso_300ms_38.wav,	6,	428,	12.37,	2.782334089279175,	15,	0.3
13,	1,	6,	1,	157,	uso_300ms_77.wav,	1,	192,	4.5,	3.7347822189331055,	15,	0.3
13,	1,	6,	1,	158,	uso_300ms_61.wav,	10,	430,	12.43,	2.9378693103790283,	15,	0.3
13,	1,	6,	1,	159,	uso_300ms_92.wav,	4,	387,	11.0,	1.7671701908111572,	15,	0.3
13,	1,	6,	1,	160,	uso_300ms_13.wav,	0,	114,	1.9,	3.415292978286743,	15,	0.3
13,	1,	6,	1,	161,	uso_300ms_97.wav,	7,	242,	6.17,	5.871080636978149,	15,	0.3
13,	1,	6,	1,	162,	uso_300ms_97.wav,	5,	262,	6.83,	1.7237014770507812,	15,	0.3
13,	1,	6,	1,	163,	uso_300ms_89.wav,	3,	191,	4.47,	2.4581525325775146,	15,	0.3
13,	1,	6,	1,	164,	uso_300ms_49.wav,	2,	197,	4.67,	2.2474098205566406,	15,	0.3
13,	1,	6,	1,	165,	uso_300ms_17.wav,	9,	390,	11.1,	3.407843589782715,	15,	0.3
