sub_id,cond_id,block_id,task_id,event_id,stim_id,speaker_id,led_id,led_distance,response_time,n_reps,isi
13,	1,	2,	2,	1,	uso_300ms_19.wav,	1,	393,	11.2,	4.88090968132019,	15,	0.3
13,	1,	2,	2,	2,	uso_300ms_19.wav,	2,	402,	11.5,	2.8163528442382812,	15,	0.3
13,	1,	2,	2,	3,	uso_300ms_73.wav,	5,	435,	12.6,	2.680377721786499,	15,	0.3
13,	1,	2,	2,	4,	uso_300ms_33.wav,	3,	332,	9.17,	3.7050371170043945,	15,	0.3
13,	1,	2,	2,	5,	uso_300ms_89.wav,	4,	283,	7.53,	8.305524826049805,	15,	0.3
13,	1,	2,	2,	6,	uso_300ms_1.wav,	2,	333,	9.2,	4.491220712661743,	15,	0.3
13,	1,	2,	2,	7,	uso_300ms_79.wav,	5,	411,	11.8,	2.9294512271881104,	15,	0.3
13,	1,	2,	2,	8,	uso_300ms_37.wav,	4,	412,	11.83,	2.6670589447021484,	15,	0.3
13,	1,	2,	2,	9,	uso_300ms_36.wav,	1,	160,	3.43,	4.614794731140137,	15,	0.3
13,	1,	2,	2,	10,	uso_300ms_48.wav,	3,	371,	10.47,	2.9844698905944824,	15,	0.3
13,	1,	2,	2,	11,	uso_300ms_50.wav,	4,	264,	6.9,	3.5113935470581055,	15,	0.3
13,	1,	2,	2,	12,	uso_300ms_22.wav,	3,	282,	7.5,	3.7527706623077393,	15,	0.3
13,	1,	2,	2,	13,	uso_300ms_93.wav,	2,	190,	4.43,	3.733452081680298,	15,	0.3
13,	1,	2,	2,	14,	uso_300ms_67.wav,	1,	117,	2.0,	4.762934446334839,	15,	0.3
13,	1,	2,	2,	15,	uso_300ms_86.wav,	5,	421,	12.13,	3.9102656841278076,	15,	0.3
13,	1,	2,	2,	16,	uso_300ms_67.wav,	2,	307,	8.33,	3.211176872253418,	15,	0.3
13,	1,	2,	2,	17,	uso_300ms_33.wav,	1,	182,	4.17,	4.374372720718384,	15,	0.3
13,	1,	2,	2,	18,	uso_300ms_18.wav,	5,	429,	12.4,	3.840165138244629,	15,	0.3
13,	1,	2,	2,	19,	uso_300ms_38.wav,	4,	439,	12.73,	2.869861364364624,	15,	0.3
13,	1,	2,	2,	20,	uso_300ms_90.wav,	3,	314,	8.57,	2.913630723953247,	15,	0.3
13,	1,	2,	2,	21,	uso_300ms_32.wav,	5,	430,	12.43,	2.474254846572876,	15,	0.3
13,	1,	2,	2,	22,	uso_300ms_8.wav,	1,	160,	3.43,	5.674567222595215,	15,	0.3
13,	1,	2,	2,	23,	uso_300ms_69.wav,	3,	441,	12.8,	4.748546600341797,	15,	0.3
13,	1,	2,	2,	24,	uso_300ms_8.wav,	4,	377,	10.67,	2.392158031463623,	15,	0.3
13,	1,	2,	2,	25,	uso_300ms_50.wav,	2,	287,	7.67,	2.405743360519409,	15,	0.3
13,	1,	2,	2,	26,	uso_300ms_56.wav,	1,	189,	4.4,	2.679417133331299,	15,	0.3
13,	1,	2,	2,	27,	uso_300ms_21.wav,	4,	418,	12.03,	3.903728485107422,	15,	0.3
13,	1,	2,	2,	28,	uso_300ms_24.wav,	3,	157,	3.33,	4.038883686065674,	15,	0.3
13,	1,	2,	2,	29,	uso_300ms_13.wav,	5,	409,	11.73,	5.770435810089111,	15,	0.3
13,	1,	2,	2,	30,	uso_300ms_85.wav,	2,	123,	2.2,	3.661412477493286,	15,	0.3
13,	1,	2,	2,	31,	uso_300ms_84.wav,	3,	332,	9.17,	3.7835443019866943,	15,	0.3
13,	1,	2,	2,	32,	uso_300ms_55.wav,	4,	359,	10.07,	2.219559669494629,	15,	0.3
13,	1,	2,	2,	33,	uso_300ms_66.wav,	5,	388,	11.03,	1.8494606018066406,	15,	0.3
13,	1,	2,	2,	34,	uso_300ms_98.wav,	1,	125,	2.27,	3.5026416778564453,	15,	0.3
13,	1,	2,	2,	35,	uso_300ms_24.wav,	2,	362,	10.17,	5.164688587188721,	15,	0.3
13,	1,	2,	2,	36,	uso_300ms_96.wav,	5,	422,	12.17,	1.802497386932373,	15,	0.3
13,	1,	2,	2,	37,	uso_300ms_24.wav,	4,	361,	10.13,	3.237834930419922,	15,	0.3
13,	1,	2,	2,	38,	uso_300ms_5.wav,	3,	309,	8.4,	2.388446092605591,	15,	0.3
13,	1,	2,	2,	39,	uso_300ms_26.wav,	1,	114,	1.9,	4.003417253494263,	15,	0.3
13,	1,	2,	2,	40,	uso_300ms_56.wav,	2,	303,	8.2,	4.414137601852417,	15,	0.3
13,	1,	2,	2,	41,	uso_300ms_35.wav,	3,	424,	12.23,	3.29146409034729,	15,	0.3
13,	1,	2,	2,	42,	uso_300ms_6.wav,	4,	411,	11.8,	2.3585357666015625,	15,	0.3
13,	1,	2,	2,	43,	uso_300ms_51.wav,	1,	155,	3.27,	3.3618252277374268,	15,	0.3
13,	1,	2,	2,	44,	uso_300ms_8.wav,	2,	236,	5.97,	2.092294931411743,	15,	0.3
13,	1,	2,	2,	45,	uso_300ms_32.wav,	5,	422,	12.17,	2.9852232933044434,	15,	0.3
13,	1,	2,	2,	46,	uso_300ms_80.wav,	4,	384,	10.9,	3.186034679412842,	15,	0.3
13,	1,	2,	2,	47,	uso_300ms_88.wav,	1,	122,	2.17,	3.0907204151153564,	15,	0.3
13,	1,	2,	2,	48,	uso_300ms_62.wav,	2,	397,	11.33,	4.5136754512786865,	15,	0.3
13,	1,	2,	2,	49,	uso_300ms_21.wav,	3,	436,	12.63,	3.844647169113159,	15,	0.3
13,	1,	2,	2,	50,	uso_300ms_12.wav,	5,	443,	12.87,	2.8031251430511475,	15,	0.3
13,	1,	2,	2,	51,	uso_300ms_72.wav,	2,	333,	9.2,	1.871262788772583,	15,	0.3
13,	1,	2,	2,	52,	uso_300ms_87.wav,	5,	366,	10.3,	3.0195906162261963,	15,	0.3
13,	1,	2,	2,	53,	uso_300ms_11.wav,	1,	161,	3.47,	2.427415370941162,	15,	0.3
13,	1,	2,	2,	54,	uso_300ms_78.wav,	3,	334,	9.23,	2.8510708808898926,	15,	0.3
13,	1,	2,	2,	55,	uso_300ms_70.wav,	4,	396,	11.3,	4.579843997955322,	15,	0.3
13,	1,	2,	2,	56,	uso_300ms_72.wav,	5,	430,	12.43,	1.9579365253448486,	15,	0.3
13,	1,	2,	2,	57,	uso_300ms_63.wav,	2,	167,	3.67,	3.823589563369751,	15,	0.3
13,	1,	2,	2,	58,	uso_300ms_42.wav,	1,	130,	2.43,	2.258117914199829,	15,	0.3
13,	1,	2,	2,	59,	uso_300ms_82.wav,	3,	272,	7.17,	5.808474779129028,	15,	0.3
13,	1,	2,	2,	60,	uso_300ms_84.wav,	4,	357,	10.0,	4.8971381187438965,	15,	0.3
13,	1,	2,	2,	61,	uso_300ms_71.wav,	2,	391,	11.13,	2.8256030082702637,	15,	0.3
13,	1,	2,	2,	62,	uso_300ms_47.wav,	4,	428,	12.37,	2.2468035221099854,	15,	0.3
13,	1,	2,	2,	63,	uso_300ms_24.wav,	3,	142,	2.83,	6.013874530792236,	15,	0.3
13,	1,	2,	2,	64,	uso_300ms_3.wav,	1,	112,	1.83,	3.3640427589416504,	15,	0.3
13,	1,	2,	2,	65,	uso_300ms_46.wav,	5,	388,	11.03,	3.5960443019866943,	15,	0.3
13,	1,	2,	2,	66,	uso_300ms_89.wav,	1,	157,	3.33,	2.774818181991577,	15,	0.3
13,	1,	2,	2,	67,	uso_300ms_38.wav,	2,	168,	3.7,	2.3613100051879883,	15,	0.3
13,	1,	2,	2,	68,	uso_300ms_88.wav,	5,	403,	11.53,	3.226329803466797,	15,	0.3
13,	1,	2,	2,	69,	uso_300ms_22.wav,	3,	334,	9.23,	2.814049005508423,	15,	0.3
13,	1,	2,	2,	70,	uso_300ms_44.wav,	4,	399,	11.4,	3.311556100845337,	15,	0.3
13,	1,	2,	2,	71,	uso_300ms_79.wav,	1,	130,	2.43,	3.444988965988159,	15,	0.3
13,	1,	2,	2,	72,	uso_300ms_53.wav,	3,	329,	9.07,	3.8496837615966797,	15,	0.3
13,	1,	2,	2,	73,	uso_300ms_53.wav,	2,	258,	6.7,	2.290598154067993,	15,	0.3
13,	1,	2,	2,	74,	uso_300ms_15.wav,	5,	372,	10.5,	4.300201177597046,	15,	0.3
13,	1,	2,	2,	75,	uso_300ms_17.wav,	4,	393,	11.2,	3.497283935546875,	15,	0.3
