sub_id,cond_id,block_id,task_id,event_id,stim_id,speaker_id,led_id,led_distance,response_time,n_reps,isi
13,	1,	3,	2,	1,	uso_300ms_3.wav,	1,	98.685082,	1.39,	nan,	90,	2
13,	1,	3,	2,	2,	uso_300ms_55.wav,	1,	137.89094800000004,	2.7,	nan,	90,	2
13,	1,	3,	2,	3,	uso_300ms_29.wav,	2,	167.59605700000012,	3.69,	nan,	90,	2
13,	1,	3,	2,	4,	uso_300ms_97.wav,	1,	124.67293200000003,	2.26,	nan,	90,	2
13,	1,	3,	2,	5,	uso_300ms_83.wav,	2,	189.329741,	4.41,	nan,	90,	2
13,	1,	3,	2,	6,	uso_300ms_100.wav,	5,	418.4445150000002,	12.05,	nan,	90,	2
13,	1,	3,	2,	7,	uso_300ms_41.wav,	5,	419.1376620000002,	12.07,	nan,	90,	2
13,	1,	3,	2,	8,	uso_300ms_71.wav,	5,	419.0574000000001,	12.07,	nan,	90,	2
13,	1,	3,	2,	9,	uso_300ms_89.wav,	5,	307.442253,	8.35,	nan,	90,	2
13,	1,	3,	2,	10,	uso_300ms_53.wav,	5,	285.60188200000005,	7.62,	nan,	90,	2
13,	1,	3,	2,	11,	uso_300ms_92.wav,	5,	288.23209700000007,	7.71,	nan,	90,	2
13,	1,	3,	2,	12,	uso_300ms_94.wav,	4,	228.75808100000006,	5.73,	nan,	90,	2
13,	1,	3,	2,	13,	uso_300ms_62.wav,	1,	142.46093300000007,	2.85,	nan,	90,	2
13,	1,	3,	2,	14,	uso_300ms_50.wav,	1,	122.71136400000007,	2.19,	nan,	90,	2
13,	1,	3,	2,	15,	uso_300ms_33.wav,	1,	108.68888700000008,	1.72,	nan,	90,	2
13,	1,	3,	2,	16,	uso_300ms_79.wav,	3,	202.90345500000012,	4.86,	nan,	90,	2
13,	1,	3,	2,	17,	uso_300ms_50.wav,	2,	189.73379500000013,	4.42,	nan,	90,	2
13,	1,	3,	2,	18,	uso_300ms_64.wav,	5,	355.0258660000002,	9.93,	nan,	90,	2
13,	1,	3,	2,	19,	uso_300ms_33.wav,	5,	427.3073550000004,	12.34,	nan,	90,	2
13,	1,	3,	2,	20,	uso_300ms_98.wav,	5,	445.51875100000046,	12.95,	nan,	90,	2
13,	1,	3,	2,	21,	uso_300ms_89.wav,	5,	420.0194310000004,	12.1,	nan,	90,	2
13,	1,	3,	2,	22,	uso_300ms_19.wav,	4,	231.78205300000033,	5.83,	nan,	90,	2
13,	1,	3,	2,	23,	uso_300ms_64.wav,	4,	239.65310500000032,	6.09,	nan,	90,	2
13,	1,	3,	2,	24,	uso_300ms_65.wav,	3,	192.98125600000034,	4.53,	nan,	90,	2
13,	1,	3,	2,	25,	uso_300ms_79.wav,	3,	192.98125600000034,	4.53,	nan,	90,	2
13,	1,	3,	2,	26,	uso_300ms_61.wav,	2,	170.6717380000003,	3.79,	nan,	90,	2
13,	1,	3,	2,	27,	uso_300ms_74.wav,	2,	170.6717380000003,	3.79,	nan,	90,	2
13,	1,	3,	2,	28,	uso_300ms_30.wav,	1,	137.8737070000003,	2.7,	nan,	90,	2
13,	1,	3,	2,	29,	uso_300ms_59.wav,	1,	137.8737070000003,	2.7,	nan,	90,	2
13,	1,	3,	2,	30,	uso_300ms_29.wav,	1,	113.04463000000032,	1.87,	nan,	90,	2
13,	1,	3,	2,	31,	uso_300ms_68.wav,	2,	184.81303300000033,	4.26,	nan,	90,	2
13,	1,	3,	2,	32,	uso_300ms_18.wav,	2,	179.72948600000035,	4.09,	nan,	90,	2
13,	1,	3,	2,	33,	uso_300ms_47.wav,	2,	179.72948600000035,	4.09,	nan,	90,	2
13,	1,	3,	2,	34,	uso_300ms_88.wav,	2,	179.7412250000003,	4.09,	nan,	90,	2
13,	1,	3,	2,	35,	uso_300ms_38.wav,	3,	209.44921100000033,	5.08,	nan,	90,	2
13,	1,	3,	2,	36,	uso_300ms_94.wav,	3,	209.44921100000033,	5.08,	nan,	90,	2
13,	1,	3,	2,	37,	uso_300ms_44.wav,	3,	209.44921100000033,	5.08,	nan,	90,	2
13,	1,	3,	2,	38,	uso_300ms_17.wav,	4,	241.04719000000034,	6.13,	nan,	90,	2
13,	1,	3,	2,	39,	uso_300ms_69.wav,	4,	250.63183500000036,	6.45,	nan,	90,	2
13,	1,	3,	2,	40,	uso_300ms_42.wav,	4,	250.63637100000034,	6.45,	nan,	90,	2
13,	1,	3,	2,	41,	uso_300ms_36.wav,	5,	285.4270640000001,	7.61,	nan,	90,	2
13,	1,	3,	2,	42,	uso_300ms_51.wav,	5,	285.4270640000001,	7.61,	nan,	90,	2
13,	1,	3,	2,	43,	uso_300ms_12.wav,	5,	322.756454,	8.86,	nan,	90,	2
13,	1,	3,	2,	44,	uso_300ms_41.wav,	5,	355.2323169999999,	9.94,	nan,	90,	2
13,	1,	3,	2,	45,	uso_300ms_69.wav,	5,	377.4623359999998,	10.68,	nan,	90,	2
13,	1,	3,	2,	46,	uso_300ms_75.wav,	5,	439.45216599999986,	12.75,	nan,	90,	2
13,	1,	3,	2,	47,	uso_300ms_93.wav,	5,	294.9049589999998,	7.93,	nan,	90,	2
13,	1,	3,	2,	48,	uso_300ms_57.wav,	4,	245.4679979999996,	6.28,	nan,	90,	2
13,	1,	3,	2,	49,	uso_300ms_11.wav,	5,	289.63486899999947,	7.75,	nan,	90,	2
13,	1,	3,	2,	50,	uso_300ms_56.wav,	4,	250.51132299999938,	6.45,	nan,	90,	2
13,	1,	3,	2,	51,	uso_300ms_45.wav,	3,	215.54383799999937,	5.28,	nan,	90,	2
13,	1,	3,	2,	52,	uso_300ms_70.wav,	4,	247.43515899999935,	6.35,	nan,	90,	2
13,	1,	3,	2,	53,	uso_300ms_73.wav,	3,	200.51664399999936,	4.78,	nan,	90,	2
13,	1,	3,	2,	54,	uso_300ms_17.wav,	5,	259.25064099999935,	6.74,	nan,	90,	2
13,	1,	3,	2,	55,	uso_300ms_27.wav,	3,	211.40283399999936,	5.15,	nan,	90,	2
13,	1,	3,	2,	56,	uso_300ms_37.wav,	4,	240.69450199999935,	6.12,	nan,	90,	2
13,	1,	3,	2,	57,	uso_300ms_70.wav,	5,	258.9053659999994,	6.73,	nan,	90,	2
13,	1,	3,	2,	58,	uso_300ms_62.wav,	3,	211.05623599999942,	5.14,	nan,	90,	2
13,	1,	3,	2,	59,	uso_300ms_22.wav,	3,	203.3452669999994,	4.88,	nan,	90,	2
13,	1,	3,	2,	60,	uso_300ms_32.wav,	3,	193.0015349999994,	4.53,	nan,	90,	2
13,	1,	3,	2,	61,	uso_300ms_30.wav,	2,	173.60437399999935,	3.89,	nan,	90,	2
13,	1,	3,	2,	62,	uso_300ms_1.wav,	2,	173.60437399999935,	3.89,	nan,	90,	2
13,	1,	3,	2,	63,	uso_300ms_92.wav,	2,	173.60437399999935,	3.89,	nan,	90,	2
13,	1,	3,	2,	64,	uso_300ms_78.wav,	1,	147.27474899999936,	3.01,	nan,	90,	2
13,	1,	3,	2,	65,	uso_300ms_78.wav,	2,	191.8331509999993,	4.49,	nan,	90,	2
13,	1,	3,	2,	66,	uso_300ms_88.wav,	1,	153.4241719999992,	3.21,	nan,	90,	2
13,	1,	3,	2,	67,	uso_300ms_38.wav,	2,	191.24509499999928,	4.47,	nan,	90,	2
13,	1,	3,	2,	68,	uso_300ms_30.wav,	3,	214.24826399999938,	5.24,	nan,	90,	2
13,	1,	3,	2,	69,	uso_300ms_57.wav,	3,	199.54161399999944,	4.75,	nan,	90,	2
13,	1,	3,	2,	70,	uso_300ms_57.wav,	5,	256.5768089999994,	6.65,	nan,	90,	2
13,	1,	3,	2,	71,	uso_300ms_79.wav,	5,	256.5768089999994,	6.65,	nan,	90,	2
13,	1,	3,	2,	72,	uso_300ms_97.wav,	5,	294.66630099999935,	7.92,	nan,	90,	2
13,	1,	3,	2,	73,	uso_300ms_81.wav,	5,	342.6221389999994,	9.52,	nan,	90,	2
13,	1,	3,	2,	74,	uso_300ms_84.wav,	5,	380.8772229999994,	10.8,	nan,	90,	2
13,	1,	3,	2,	75,	uso_300ms_92.wav,	5,	420.5506189999993,	12.12,	nan,	90,	2
13,	1,	3,	2,	76,	uso_300ms_76.wav,	4,	224.80284999999918,	5.59,	nan,	90,	2
13,	1,	3,	2,	77,	uso_300ms_89.wav,	1,	138.99060599999916,	2.73,	nan,	90,	2
13,	1,	3,	2,	78,	uso_300ms_73.wav,	4,	238.28817499999934,	6.04,	nan,	90,	2
13,	1,	3,	2,	79,	uso_300ms_38.wav,	1,	162.05737699999932,	3.5,	nan,	90,	2
13,	1,	3,	2,	80,	uso_300ms_87.wav,	3,	206.28875999999937,	4.98,	nan,	90,	2
13,	1,	3,	2,	81,	uso_300ms_2.wav,	3,	209.50647799999928,	5.08,	nan,	90,	2
13,	1,	3,	2,	82,	uso_300ms_17.wav,	5,	275.8555859999994,	7.3,	nan,	90,	2
13,	1,	3,	2,	83,	uso_300ms_90.wav,	5,	275.8070409999994,	7.29,	nan,	90,	2
13,	1,	3,	2,	84,	uso_300ms_4.wav,	4,	227.6203149999994,	5.69,	nan,	90,	2
13,	1,	3,	2,	85,	uso_300ms_96.wav,	5,	264.9741629999994,	6.93,	nan,	90,	2
13,	1,	3,	2,	86,	uso_300ms_2.wav,	3,	212.91775999999942,	5.2,	nan,	90,	2
13,	1,	3,	2,	87,	uso_300ms_6.wav,	4,	238.89310799999944,	6.06,	nan,	90,	2
13,	1,	3,	2,	88,	uso_300ms_16.wav,	3,	203.74783699999944,	4.89,	nan,	90,	2
13,	1,	3,	2,	89,	uso_300ms_21.wav,	5,	270.79889099999934,	7.13,	nan,	90,	2
13,	1,	3,	2,	90,	uso_300ms_69.wav,	5,	270.79889099999934,	7.13,	nan,	90,	2
