sub_id,cond_id,block_id,task_id,event_id,stim_id,speaker_id,led_id,led_distance,response_time,n_reps,isi
13,	1,	4,	2,	1,	uso_300ms_22.wav,	4,	90,	1.1,	0.30297183990478516,	15,	0.3
13,	1,	4,	2,	2,	uso_300ms_83.wav,	2,	184,	4.23,	3.608924150466919,	15,	0.3
13,	1,	4,	2,	3,	uso_300ms_44.wav,	1,	150,	3.1,	3.756112575531006,	15,	0.3
13,	1,	4,	2,	4,	uso_300ms_22.wav,	3,	297,	8.0,	3.768740653991699,	15,	0.3
13,	1,	4,	2,	5,	uso_300ms_52.wav,	5,	264,	6.9,	3.275409460067749,	15,	0.3
13,	1,	4,	2,	6,	uso_300ms_18.wav,	4,	366,	10.3,	2.5852694511413574,	15,	0.3
13,	1,	4,	2,	7,	uso_300ms_55.wav,	2,	357,	10.0,	3.6772708892822266,	15,	0.3
13,	1,	4,	2,	8,	uso_300ms_77.wav,	5,	435,	12.6,	2.95978045463562,	15,	0.3
13,	1,	4,	2,	9,	uso_300ms_79.wav,	1,	157,	3.33,	4.743868350982666,	15,	0.3
13,	1,	4,	2,	10,	uso_300ms_68.wav,	3,	268,	7.03,	4.5752222537994385,	15,	0.3
13,	1,	4,	2,	11,	uso_300ms_69.wav,	4,	268,	7.03,	0.20056462287902832,	15,	0.3
13,	1,	4,	2,	12,	uso_300ms_87.wav,	3,	214,	5.23,	2.134230852127075,	15,	0.3
13,	1,	4,	2,	13,	uso_300ms_36.wav,	1,	140,	2.77,	5.210869789123535,	15,	0.3
13,	1,	4,	2,	14,	uso_300ms_88.wav,	5,	322,	8.83,	4.019871473312378,	15,	0.3
13,	1,	4,	2,	15,	uso_300ms_22.wav,	2,	218,	5.37,	2.827329158782959,	15,	0.3
13,	1,	4,	2,	16,	uso_300ms_85.wav,	4,	277,	7.33,	2.7984936237335205,	15,	0.3
13,	1,	4,	2,	17,	uso_300ms_69.wav,	1,	166,	3.63,	2.4817423820495605,	15,	0.3
13,	1,	4,	2,	18,	uso_300ms_75.wav,	5,	395,	11.27,	4.0137951374053955,	15,	0.3
13,	1,	4,	2,	19,	uso_300ms_79.wav,	2,	227,	5.67,	3.2001280784606934,	15,	0.3
13,	1,	4,	2,	20,	uso_300ms_47.wav,	3,	317,	8.67,	2.4435839653015137,	15,	0.3
13,	1,	4,	2,	21,	uso_300ms_92.wav,	2,	247,	6.33,	3.3773887157440186,	15,	0.3
13,	1,	4,	2,	22,	uso_300ms_2.wav,	1,	177,	4.0,	1.9905891418457031,	15,	0.3
13,	1,	4,	2,	23,	uso_300ms_49.wav,	3,	332,	9.17,	2.9106321334838867,	15,	0.3
13,	1,	4,	2,	24,	uso_300ms_57.wav,	4,	398,	11.37,	3.396801471710205,	15,	0.3
13,	1,	4,	2,	25,	uso_300ms_27.wav,	5,	368,	10.37,	4.269113779067993,	15,	0.3
13,	1,	4,	2,	26,	uso_300ms_4.wav,	2,	418,	12.03,	3.7015159130096436,	15,	0.3
13,	1,	4,	2,	27,	uso_300ms_22.wav,	5,	424,	12.23,	6.778909921646118,	15,	0.3
13,	1,	4,	2,	28,	uso_300ms_5.wav,	4,	310,	8.43,	3.1219799518585205,	15,	0.3
13,	1,	4,	2,	29,	uso_300ms_42.wav,	3,	197,	4.67,	3.2229065895080566,	15,	0.3
13,	1,	4,	2,	30,	uso_300ms_21.wav,	1,	161,	3.47,	2.2673532962799072,	15,	0.3
13,	1,	4,	2,	31,	uso_300ms_75.wav,	5,	342,	9.5,	2.9242963790893555,	15,	0.3
13,	1,	4,	2,	32,	uso_300ms_75.wav,	1,	140,	2.77,	2.809784173965454,	15,	0.3
13,	1,	4,	2,	33,	uso_300ms_60.wav,	2,	224,	5.57,	2.7190802097320557,	15,	0.3
13,	1,	4,	2,	34,	uso_300ms_14.wav,	3,	291,	7.8,	3.038576364517212,	15,	0.3
13,	1,	4,	2,	35,	uso_300ms_84.wav,	4,	414,	11.9,	2.850128173828125,	15,	0.3
13,	1,	4,	2,	36,	uso_300ms_82.wav,	2,	372,	10.5,	1.592369794845581,	15,	0.3
13,	1,	4,	2,	37,	uso_300ms_43.wav,	1,	142,	2.83,	3.0070714950561523,	15,	0.3
13,	1,	4,	2,	38,	uso_300ms_82.wav,	4,	428,	12.37,	3.2774734497070312,	15,	0.3
13,	1,	4,	2,	39,	uso_300ms_69.wav,	3,	313,	8.53,	2.4432694911956787,	15,	0.3
13,	1,	4,	2,	40,	uso_300ms_18.wav,	5,	367,	10.33,	1.930870532989502,	15,	0.3
13,	1,	4,	2,	41,	uso_300ms_72.wav,	4,	408,	11.7,	2.644456624984741,	15,	0.3
13,	1,	4,	2,	42,	uso_300ms_41.wav,	5,	437,	12.67,	1.3871588706970215,	15,	0.3
13,	1,	4,	2,	43,	uso_300ms_43.wav,	2,	172,	3.83,	3.0352444648742676,	15,	0.3
13,	1,	4,	2,	44,	uso_300ms_79.wav,	3,	275,	7.27,	3.5330493450164795,	15,	0.3
13,	1,	4,	2,	45,	uso_300ms_88.wav,	1,	144,	2.9,	3.091822862625122,	15,	0.3
13,	1,	4,	2,	46,	uso_300ms_67.wav,	4,	337,	9.33,	3.1581549644470215,	15,	0.3
13,	1,	4,	2,	47,	uso_300ms_42.wav,	5,	406,	11.63,	6.050665855407715,	15,	0.3
13,	1,	4,	2,	48,	uso_300ms_28.wav,	3,	256,	6.63,	4.725543975830078,	15,	0.3
13,	1,	4,	2,	49,	uso_300ms_100.wav,	2,	280,	7.43,	1.8253648281097412,	15,	0.3
13,	1,	4,	2,	50,	uso_300ms_42.wav,	1,	147,	3.0,	4.0755228996276855,	15,	0.3
13,	1,	4,	2,	51,	uso_300ms_35.wav,	2,	418,	12.03,	4.627298831939697,	15,	0.3
13,	1,	4,	2,	52,	uso_300ms_33.wav,	3,	281,	7.47,	6.484207630157471,	15,	0.3
13,	1,	4,	2,	53,	uso_300ms_58.wav,	4,	418,	12.03,	2.5374555587768555,	15,	0.3
13,	1,	4,	2,	54,	uso_300ms_80.wav,	1,	197,	4.67,	3.5334904193878174,	15,	0.3
13,	1,	4,	2,	55,	uso_300ms_20.wav,	5,	420,	12.1,	4.075352191925049,	15,	0.3
13,	1,	4,	2,	56,	uso_300ms_61.wav,	2,	218,	5.37,	6.522228956222534,	15,	0.3
13,	1,	4,	2,	57,	uso_300ms_74.wav,	5,	416,	11.97,	3.1189253330230713,	15,	0.3
13,	1,	4,	2,	58,	uso_300ms_28.wav,	4,	328,	9.03,	2.359248399734497,	15,	0.3
13,	1,	4,	2,	59,	uso_300ms_25.wav,	3,	225,	5.6,	1.9719605445861816,	15,	0.3
13,	1,	4,	2,	60,	uso_300ms_92.wav,	1,	133,	2.53,	2.3036434650421143,	15,	0.3
13,	1,	4,	2,	61,	uso_300ms_33.wav,	5,	360,	10.1,	2.6484007835388184,	15,	0.3
13,	1,	4,	2,	62,	uso_300ms_92.wav,	3,	231,	5.8,	2.2436165809631348,	15,	0.3
13,	1,	4,	2,	63,	uso_300ms_14.wav,	4,	279,	7.4,	2.504483222961426,	15,	0.3
13,	1,	4,	2,	64,	uso_300ms_63.wav,	1,	152,	3.17,	2.01328444480896,	15,	0.3
13,	1,	4,	2,	65,	uso_300ms_61.wav,	2,	168,	3.7,	1.77073335647583,	15,	0.3
13,	1,	4,	2,	66,	uso_300ms_92.wav,	3,	177,	4.0,	2.2213056087493896,	15,	0.3
13,	1,	4,	2,	67,	uso_300ms_24.wav,	1,	115,	1.93,	2.6651504039764404,	15,	0.3
13,	1,	4,	2,	68,	uso_300ms_55.wav,	5,	259,	6.73,	2.547605514526367,	15,	0.3
13,	1,	4,	2,	69,	uso_300ms_35.wav,	2,	323,	8.87,	3.443227767944336,	15,	0.3
13,	1,	4,	2,	70,	uso_300ms_71.wav,	4,	353,	9.87,	1.6546804904937744,	15,	0.3
13,	1,	4,	2,	71,	uso_300ms_56.wav,	1,	233,	5.87,	2.8097481727600098,	15,	0.3
13,	1,	4,	2,	72,	uso_300ms_16.wav,	4,	269,	7.07,	2.462374210357666,	15,	0.3
13,	1,	4,	2,	73,	uso_300ms_73.wav,	2,	224,	5.57,	2.799968719482422,	15,	0.3
13,	1,	4,	2,	74,	uso_300ms_43.wav,	5,	245,	6.27,	1.8228492736816406,	15,	0.3
13,	1,	4,	2,	75,	uso_300ms_68.wav,	3,	277,	7.33,	3.261439800262451,	15,	0.3
