sub_id,cond_id,block_id,task_id,event_id,stim_id,speaker_id,led_id,led_distance,response_time,n_reps,isi
13,	1,	1,	2,	1,	uso_300ms_97.wav,	5,	242,	6.17,	9.652234077453613,	15,	0.3
13,	1,	1,	2,	2,	uso_300ms_76.wav,	4,	325,	8.93,	13.451810598373413,	15,	0.3
13,	1,	1,	2,	3,	uso_300ms_80.wav,	2,	308,	8.37,	3.449354410171509,	15,	0.3
13,	1,	1,	2,	4,	uso_300ms_13.wav,	1,	289,	7.73,	5.089984893798828,	15,	0.3
13,	1,	1,	2,	5,	uso_300ms_10.wav,	3,	414,	11.9,	5.360479116439819,	15,	0.3
13,	1,	1,	2,	6,	uso_300ms_41.wav,	2,	393,	11.2,	4.964250087738037,	15,	0.3
13,	1,	1,	2,	7,	uso_300ms_15.wav,	3,	428,	12.37,	5.627747535705566,	15,	0.3
13,	1,	1,	2,	8,	uso_300ms_18.wav,	5,	330,	9.1,	7.2165446281433105,	15,	0.3
13,	1,	1,	2,	9,	uso_300ms_55.wav,	1,	279,	7.4,	7.581771612167358,	15,	0.3
13,	1,	1,	2,	10,	uso_300ms_2.wav,	4,	309,	8.4,	6.857973098754883,	15,	0.3
13,	1,	1,	2,	11,	uso_300ms_66.wav,	1,	260,	6.77,	6.290910959243774,	15,	0.3
13,	1,	1,	2,	12,	uso_300ms_95.wav,	4,	314,	8.57,	3.7308290004730225,	15,	0.3
13,	1,	1,	2,	13,	uso_300ms_42.wav,	2,	191,	4.47,	5.256001710891724,	15,	0.3
13,	1,	1,	2,	14,	uso_300ms_33.wav,	3,	163,	3.53,	3.1741323471069336,	15,	0.3
13,	1,	1,	2,	15,	uso_300ms_46.wav,	5,	201,	4.8,	6.654622793197632,	15,	0.3
13,	1,	1,	2,	16,	uso_300ms_62.wav,	2,	344,	9.57,	8.536793947219849,	15,	0.3
13,	1,	1,	2,	17,	uso_300ms_4.wav,	5,	285,	7.6,	6.887991666793823,	15,	0.3
13,	1,	1,	2,	18,	uso_300ms_99.wav,	4,	334,	9.23,	8.585047006607056,	15,	0.3
13,	1,	1,	2,	19,	uso_300ms_95.wav,	1,	431,	12.47,	5.210736036300659,	15,	0.3
13,	1,	1,	2,	20,	uso_300ms_88.wav,	3,	218,	5.37,	12.138033390045166,	15,	0.3
13,	1,	1,	2,	21,	uso_300ms_25.wav,	5,	214,	5.23,	4.0246453285217285,	15,	0.3
13,	1,	1,	2,	22,	uso_300ms_6.wav,	1,	367,	10.33,	5.849491119384766,	15,	0.3
13,	1,	1,	2,	23,	uso_300ms_11.wav,	4,	332,	9.17,	5.563316822052002,	15,	0.3
13,	1,	1,	2,	24,	uso_300ms_80.wav,	2,	233,	5.87,	4.243256568908691,	15,	0.3
13,	1,	1,	2,	25,	uso_300ms_78.wav,	3,	289,	7.73,	6.838470935821533,	15,	0.3
13,	1,	1,	2,	26,	uso_300ms_65.wav,	1,	407,	11.67,	4.94604754447937,	15,	0.3
13,	1,	1,	2,	27,	uso_300ms_48.wav,	5,	320,	8.77,	4.210130929946899,	15,	0.3
13,	1,	1,	2,	28,	uso_300ms_57.wav,	3,	390,	11.1,	5.064443826675415,	15,	0.3
13,	1,	1,	2,	29,	uso_300ms_46.wav,	2,	331,	9.13,	8.379246711730957,	15,	0.3
13,	1,	1,	2,	30,	uso_300ms_14.wav,	4,	426,	12.3,	2.227811574935913,	15,	0.3
13,	1,	1,	2,	31,	uso_300ms_93.wav,	1,	160,	3.43,	7.502713203430176,	15,	0.3
13,	1,	1,	2,	32,	uso_300ms_23.wav,	3,	262,	6.83,	2.335667371749878,	15,	0.3
13,	1,	1,	2,	33,	uso_300ms_19.wav,	2,	242,	6.17,	4.968274116516113,	15,	0.3
13,	1,	1,	2,	34,	uso_300ms_5.wav,	4,	311,	8.47,	3.26239013671875,	15,	0.3
13,	1,	1,	2,	35,	uso_300ms_17.wav,	5,	318,	8.7,	4.826505184173584,	15,	0.3
13,	1,	1,	2,	36,	uso_300ms_41.wav,	2,	224,	5.57,	4.525465250015259,	15,	0.3
13,	1,	1,	2,	37,	uso_300ms_11.wav,	3,	242,	6.17,	3.6841330528259277,	15,	0.3
13,	1,	1,	2,	38,	uso_300ms_44.wav,	4,	369,	10.4,	4.187701463699341,	15,	0.3
13,	1,	1,	2,	39,	uso_300ms_50.wav,	1,	129,	2.4,	3.6968905925750732,	15,	0.3
13,	1,	1,	2,	40,	uso_300ms_98.wav,	5,	429,	12.4,	4.869445562362671,	15,	0.3
13,	1,	1,	2,	41,	uso_300ms_42.wav,	3,	414,	11.9,	2.984278440475464,	15,	0.3
13,	1,	1,	2,	42,	uso_300ms_34.wav,	4,	270,	7.1,	3.321276903152466,	15,	0.3
13,	1,	1,	2,	43,	uso_300ms_74.wav,	2,	220,	5.43,	3.1878654956817627,	15,	0.3
13,	1,	1,	2,	44,	uso_300ms_52.wav,	5,	307,	8.33,	3.6606385707855225,	15,	0.3
13,	1,	1,	2,	45,	uso_300ms_39.wav,	1,	133,	2.53,	3.5006251335144043,	15,	0.3
13,	1,	1,	2,	46,	uso_300ms_46.wav,	2,	239,	6.07,	3.687690258026123,	15,	0.3
13,	1,	1,	2,	47,	uso_300ms_72.wav,	4,	304,	8.23,	3.6360716819763184,	15,	0.3
13,	1,	1,	2,	48,	uso_300ms_72.wav,	5,	343,	9.53,	1.9749982357025146,	15,	0.3
13,	1,	1,	2,	49,	uso_300ms_57.wav,	3,	117,	2.0,	3.851600408554077,	15,	0.3
13,	1,	1,	2,	50,	uso_300ms_20.wav,	1,	110,	1.77,	2.8886330127716064,	15,	0.3
13,	1,	1,	2,	51,	uso_300ms_48.wav,	5,	420,	12.1,	4.411794424057007,	15,	0.3
13,	1,	1,	2,	52,	uso_300ms_11.wav,	1,	117,	2.0,	4.08506441116333,	15,	0.3
13,	1,	1,	2,	53,	uso_300ms_54.wav,	4,	402,	11.5,	3.221369743347168,	15,	0.3
13,	1,	1,	2,	54,	uso_300ms_20.wav,	3,	284,	7.57,	3.5339622497558594,	15,	0.3
13,	1,	1,	2,	55,	uso_300ms_36.wav,	2,	246,	6.3,	2.5841915607452393,	15,	0.3
13,	1,	1,	2,	56,	uso_300ms_94.wav,	3,	314,	8.57,	2.7895326614379883,	15,	0.3
13,	1,	1,	2,	57,	uso_300ms_69.wav,	4,	297,	8.0,	3.2669718265533447,	15,	0.3
13,	1,	1,	2,	58,	uso_300ms_99.wav,	1,	143,	2.87,	4.513829946517944,	15,	0.3
13,	1,	1,	2,	59,	uso_300ms_75.wav,	2,	149,	3.07,	2.1790883541107178,	15,	0.3
13,	1,	1,	2,	60,	uso_300ms_27.wav,	5,	412,	11.83,	3.124502658843994,	15,	0.3
13,	1,	1,	2,	61,	uso_300ms_86.wav,	2,	208,	5.03,	3.464082717895508,	15,	0.3
13,	1,	1,	2,	62,	uso_300ms_91.wav,	4,	425,	12.27,	2.6271233558654785,	15,	0.3
13,	1,	1,	2,	63,	uso_300ms_5.wav,	1,	152,	3.17,	4.937156915664673,	15,	0.3
13,	1,	1,	2,	64,	uso_300ms_76.wav,	3,	452,	13.17,	3.896646738052368,	15,	0.3
13,	1,	1,	2,	65,	uso_300ms_14.wav,	5,	417,	12.0,	5.008195161819458,	15,	0.3
13,	1,	1,	2,	66,	uso_300ms_83.wav,	1,	188,	4.37,	5.752843141555786,	15,	0.3
13,	1,	1,	2,	67,	uso_300ms_55.wav,	3,	325,	8.93,	2.1730666160583496,	15,	0.3
13,	1,	1,	2,	68,	uso_300ms_31.wav,	4,	349,	9.73,	2.648754358291626,	15,	0.3
13,	1,	1,	2,	69,	uso_300ms_47.wav,	2,	157,	3.33,	3.521103858947754,	15,	0.3
13,	1,	1,	2,	70,	uso_300ms_39.wav,	5,	401,	11.47,	5.698071002960205,	15,	0.3
13,	1,	1,	2,	71,	uso_300ms_43.wav,	2,	160,	3.43,	4.230774402618408,	15,	0.3
13,	1,	1,	2,	72,	uso_300ms_50.wav,	1,	181,	4.13,	3.17340087890625,	15,	0.3
13,	1,	1,	2,	73,	uso_300ms_3.wav,	3,	355,	9.93,	4.9214768409729,	15,	0.3
13,	1,	1,	2,	74,	uso_300ms_87.wav,	4,	387,	11.0,	3.58250093460083,	15,	0.3
13,	1,	1,	2,	75,	uso_300ms_48.wav,	5,	361,	10.13,	3.8682444095611572,	15,	0.3
