sub_id,cond_id,block_id,task_id,event_id,stim_id,speaker_id,led_id,led_distance,response_time,n_reps,isi
13,	1,	5,	2,	1,	uso_300ms_16.wav,	1,	90,	1.1,	nan,	90,	2
13,	1,	5,	2,	2,	uso_300ms_64.wav,	2,	162.73128800000003,	3.52,	nan,	90,	2
13,	1,	5,	2,	3,	uso_300ms_31.wav,	3,	210.63069199999993,	5.12,	nan,	90,	2
13,	1,	5,	2,	4,	uso_300ms_37.wav,	5,	270.3665639999998,	7.11,	nan,	90,	2
13,	1,	5,	2,	5,	uso_300ms_68.wav,	5,	333.58571299999977,	9.22,	nan,	90,	2
13,	1,	5,	2,	6,	uso_300ms_1.wav,	5,	424.9504339999997,	12.27,	nan,	90,	2
13,	1,	5,	2,	7,	uso_300ms_64.wav,	5,	371.2115249999997,	10.47,	nan,	90,	2
13,	1,	5,	2,	8,	uso_300ms_71.wav,	5,	315.18789999999973,	8.61,	nan,	90,	2
13,	1,	5,	2,	9,	uso_300ms_75.wav,	5,	315.18789999999973,	8.61,	nan,	90,	2
13,	1,	5,	2,	10,	uso_300ms_39.wav,	5,	267.2773449999998,	7.01,	nan,	90,	2
13,	1,	5,	2,	11,	uso_300ms_36.wav,	3,	205.9523889999998,	4.97,	nan,	90,	2
13,	1,	5,	2,	12,	uso_300ms_100.wav,	3,	205.9523889999998,	4.97,	nan,	90,	2
13,	1,	5,	2,	13,	uso_300ms_73.wav,	1,	153.9458819999998,	3.23,	nan,	90,	2
13,	1,	5,	2,	14,	uso_300ms_17.wav,	1,	108.18570599999978,	1.71,	nan,	90,	2
13,	1,	5,	2,	15,	uso_300ms_81.wav,	1,	145.28422199999977,	2.94,	nan,	90,	2
13,	1,	5,	2,	16,	uso_300ms_58.wav,	2,	191.6832459999998,	4.49,	nan,	90,	2
13,	1,	5,	2,	17,	uso_300ms_97.wav,	2,	191.6832459999998,	4.49,	nan,	90,	2
13,	1,	5,	2,	18,	uso_300ms_94.wav,	1,	148.4676749999998,	3.05,	nan,	90,	2
13,	1,	5,	2,	19,	uso_300ms_12.wav,	3,	194.81431099999978,	4.59,	nan,	90,	2
13,	1,	5,	2,	20,	uso_300ms_7.wav,	4,	235.84770899999984,	5.96,	nan,	90,	2
13,	1,	5,	2,	21,	uso_300ms_69.wav,	4,	245.31415899999982,	6.28,	nan,	90,	2
13,	1,	5,	2,	22,	uso_300ms_14.wav,	4,	245.67804699999982,	6.29,	nan,	90,	2
13,	1,	5,	2,	23,	uso_300ms_55.wav,	4,	245.67804699999982,	6.29,	nan,	90,	2
13,	1,	5,	2,	24,	uso_300ms_79.wav,	4,	245.67804699999982,	6.29,	nan,	90,	2
13,	1,	5,	2,	25,	uso_300ms_27.wav,	5,	287.1028289999998,	7.67,	nan,	90,	2
13,	1,	5,	2,	26,	uso_300ms_5.wav,	5,	302.8975029999998,	8.2,	nan,	90,	2
13,	1,	5,	2,	27,	uso_300ms_12.wav,	5,	313.39741199999986,	8.55,	nan,	90,	2
13,	1,	5,	2,	28,	uso_300ms_89.wav,	5,	380.688811,	10.79,	nan,	90,	2
13,	1,	5,	2,	29,	uso_300ms_4.wav,	5,	380.688811,	10.79,	nan,	90,	2
13,	1,	5,	2,	30,	uso_300ms_19.wav,	5,	299.25512999999995,	8.08,	nan,	90,	2
13,	1,	5,	2,	31,	uso_300ms_67.wav,	5,	380.6587949999998,	10.79,	nan,	90,	2
13,	1,	5,	2,	32,	uso_300ms_25.wav,	5,	430.1692489999998,	12.44,	nan,	90,	2
13,	1,	5,	2,	33,	uso_300ms_62.wav,	5,	430.1692489999998,	12.44,	nan,	90,	2
13,	1,	5,	2,	34,	uso_300ms_73.wav,	4,	240.9661089999998,	6.13,	nan,	90,	2
13,	1,	5,	2,	35,	uso_300ms_95.wav,	4,	241.09104499999972,	6.14,	nan,	90,	2
13,	1,	5,	2,	36,	uso_300ms_28.wav,	5,	265.4116069999997,	6.95,	nan,	90,	2
13,	1,	5,	2,	37,	uso_300ms_99.wav,	5,	299.76558399999976,	8.09,	nan,	90,	2
13,	1,	5,	2,	38,	uso_300ms_74.wav,	4,	243.7486719999997,	6.22,	nan,	90,	2
13,	1,	5,	2,	39,	uso_300ms_15.wav,	3,	219.00179599999967,	5.4,	nan,	90,	2
13,	1,	5,	2,	40,	uso_300ms_100.wav,	2,	190.02796999999964,	4.43,	nan,	90,	2
13,	1,	5,	2,	41,	uso_300ms_83.wav,	1,	154.0383729999996,	3.23,	nan,	90,	2
13,	1,	5,	2,	42,	uso_300ms_30.wav,	3,	216.19444599999966,	5.31,	nan,	90,	2
13,	1,	5,	2,	43,	uso_300ms_98.wav,	1,	160.22716399999965,	3.44,	nan,	90,	2
13,	1,	5,	2,	44,	uso_300ms_74.wav,	2,	180.67321899999968,	4.12,	nan,	90,	2
13,	1,	5,	2,	45,	uso_300ms_16.wav,	1,	161.97330699999966,	3.5,	nan,	90,	2
13,	1,	5,	2,	46,	uso_300ms_77.wav,	3,	203.9813079999997,	4.9,	nan,	90,	2
13,	1,	5,	2,	47,	uso_300ms_49.wav,	4,	243.40880799999968,	6.21,	nan,	90,	2
13,	1,	5,	2,	48,	uso_300ms_87.wav,	4,	243.40880799999968,	6.21,	nan,	90,	2
13,	1,	5,	2,	49,	uso_300ms_26.wav,	4,	243.40880799999968,	6.21,	nan,	90,	2
13,	1,	5,	2,	50,	uso_300ms_42.wav,	5,	275.1234629999997,	7.27,	nan,	90,	2
13,	1,	5,	2,	51,	uso_300ms_80.wav,	5,	275.1234629999997,	7.27,	nan,	90,	2
13,	1,	5,	2,	52,	uso_300ms_81.wav,	5,	306.2972349999996,	8.31,	nan,	90,	2
13,	1,	5,	2,	53,	uso_300ms_35.wav,	5,	288.0018949999996,	7.7,	nan,	90,	2
13,	1,	5,	2,	54,	uso_300ms_70.wav,	5,	288.0018949999996,	7.7,	nan,	90,	2
13,	1,	5,	2,	55,	uso_300ms_7.wav,	4,	246.07522699999961,	6.3,	nan,	90,	2
13,	1,	5,	2,	56,	uso_300ms_21.wav,	5,	283.12201299999964,	7.54,	nan,	90,	2
13,	1,	5,	2,	57,	uso_300ms_68.wav,	4,	240.85696499999963,	6.13,	nan,	90,	2
13,	1,	5,	2,	58,	uso_300ms_74.wav,	3,	192.19731199999958,	4.51,	nan,	90,	2
13,	1,	5,	2,	59,	uso_300ms_83.wav,	1,	159.55915399999958,	3.42,	nan,	90,	2
13,	1,	5,	2,	60,	uso_300ms_9.wav,	3,	192.62489299999962,	4.52,	nan,	90,	2
13,	1,	5,	2,	61,	uso_300ms_40.wav,	2,	182.9245869999996,	4.2,	nan,	90,	2
13,	1,	5,	2,	62,	uso_300ms_42.wav,	3,	200.10292999999965,	4.77,	nan,	90,	2
13,	1,	5,	2,	63,	uso_300ms_52.wav,	4,	249.11953399999965,	6.4,	nan,	90,	2
13,	1,	5,	2,	64,	uso_300ms_6.wav,	5,	276.9799889999997,	7.33,	nan,	90,	2
13,	1,	5,	2,	65,	uso_300ms_86.wav,	5,	277.08225900000014,	7.34,	nan,	90,	2
13,	1,	5,	2,	66,	uso_300ms_29.wav,	5,	299.65984200000025,	8.09,	nan,	90,	2
13,	1,	5,	2,	67,	uso_300ms_12.wav,	4,	239.69046400000022,	6.09,	nan,	90,	2
13,	1,	5,	2,	68,	uso_300ms_25.wav,	4,	239.69046400000022,	6.09,	nan,	90,	2
13,	1,	5,	2,	69,	uso_300ms_43.wav,	2,	182.9089630000002,	4.2,	nan,	90,	2
13,	1,	5,	2,	70,	uso_300ms_26.wav,	4,	247.36053200000023,	6.35,	nan,	90,	2
13,	1,	5,	2,	71,	uso_300ms_100.wav,	2,	181.82320000000024,	4.16,	nan,	90,	2
13,	1,	5,	2,	72,	uso_300ms_94.wav,	1,	155.45084700000018,	3.28,	nan,	90,	2
13,	1,	5,	2,	73,	uso_300ms_40.wav,	3,	194.78258000000017,	4.59,	nan,	90,	2
13,	1,	5,	2,	74,	uso_300ms_82.wav,	3,	195.22547000000006,	4.61,	nan,	90,	2
13,	1,	5,	2,	75,	uso_300ms_11.wav,	3,	212.80478700000006,	5.19,	nan,	90,	2
13,	1,	5,	2,	76,	uso_300ms_63.wav,	3,	212.80478700000006,	5.19,	nan,	90,	2
13,	1,	5,	2,	77,	uso_300ms_85.wav,	5,	259.29985800000014,	6.74,	nan,	90,	2
13,	1,	5,	2,	78,	uso_300ms_95.wav,	5,	297.4238110000001,	8.01,	nan,	90,	2
13,	1,	5,	2,	79,	uso_300ms_17.wav,	5,	363.3988739999999,	10.21,	nan,	90,	2
13,	1,	5,	2,	80,	uso_300ms_100.wav,	4,	242.53725899999986,	6.18,	nan,	90,	2
13,	1,	5,	2,	81,	uso_300ms_98.wav,	4,	242.55842699999974,	6.19,	nan,	90,	2
13,	1,	5,	2,	82,	uso_300ms_45.wav,	4,	242.61134699999943,	6.19,	nan,	90,	2
13,	1,	5,	2,	83,	uso_300ms_21.wav,	4,	242.66061299999924,	6.19,	nan,	90,	2
13,	1,	5,	2,	84,	uso_300ms_86.wav,	3,	201.47280899999893,	4.82,	nan,	90,	2
13,	1,	5,	2,	85,	uso_300ms_75.wav,	3,	201.47280899999893,	4.82,	nan,	90,	2
13,	1,	5,	2,	86,	uso_300ms_24.wav,	1,	151.17356699999894,	3.14,	nan,	90,	2
13,	1,	5,	2,	87,	uso_300ms_67.wav,	3,	209.44664899999893,	5.08,	nan,	90,	2
13,	1,	5,	2,	88,	uso_300ms_77.wav,	5,	279.541617999999,	7.42,	nan,	90,	2
13,	1,	5,	2,	89,	uso_300ms_4.wav,	5,	279.541617999999,	7.42,	nan,	90,	2
13,	1,	5,	2,	90,	uso_300ms_39.wav,	4,	246.2710239999994,	6.31,	nan,	90,	2
