sub_id,cond_id,block_id,task_id,event_id,stim_id,speaker_id,led_id,led_distance,response_time,n_reps,isi
10,	2,	1,	3,	1,	uso_300ms_11.wav,	7,	86,	0.97,	0.2011263370513916,	15,	0.3
10,	2,	1,	3,	2,	uso_300ms_69.wav,	6,	285,	7.6,	3.8685152530670166,	15,	0.3
10,	2,	1,	3,	3,	uso_300ms_1.wav,	8,	369,	10.4,	4.024292469024658,	15,	0.3
10,	2,	1,	3,	4,	uso_300ms_31.wav,	5,	369,	10.4,	0.2512345314025879,	15,	0.3
10,	2,	1,	3,	5,	uso_300ms_16.wav,	9,	440,	12.77,	2.6971449851989746,	15,	0.3
10,	2,	1,	3,	6,	uso_300ms_49.wav,	7,	381,	10.8,	4.287067651748657,	15,	0.3
10,	2,	1,	3,	7,	uso_300ms_3.wav,	8,	425,	12.27,	1.7859978675842285,	15,	0.3
10,	2,	1,	3,	8,	uso_300ms_7.wav,	5,	162,	3.5,	2.665717840194702,	15,	0.3
10,	2,	1,	3,	9,	uso_300ms_46.wav,	6,	246,	6.3,	0.20006966590881348,	15,	0.3
10,	2,	1,	3,	10,	uso_300ms_22.wav,	9,	412,	11.83,	2.9833927154541016,	15,	0.3
10,	2,	1,	3,	11,	uso_300ms_100.wav,	5,	168,	3.7,	4.575709581375122,	15,	0.3
10,	2,	1,	3,	12,	uso_300ms_8.wav,	7,	176,	3.97,	4.509579658508301,	15,	0.3
10,	2,	1,	3,	13,	uso_300ms_38.wav,	8,	208,	5.03,	7.610090494155884,	15,	0.3
10,	2,	1,	3,	14,	uso_300ms_8.wav,	9,	407,	11.67,	4.99705171585083,	15,	0.3
10,	2,	1,	3,	15,	uso_300ms_80.wav,	6,	343,	9.53,	4.563561677932739,	15,	0.3
10,	2,	1,	3,	16,	uso_300ms_62.wav,	5,	325,	8.93,	8.90352463722229,	15,	0.3
10,	2,	1,	3,	17,	uso_300ms_27.wav,	8,	423,	12.2,	3.810746192932129,	15,	0.3
10,	2,	1,	3,	18,	uso_300ms_40.wav,	6,	448,	13.03,	3.8633899688720703,	15,	0.3
10,	2,	1,	3,	19,	uso_300ms_57.wav,	7,	301,	8.13,	3.0435423851013184,	15,	0.3
10,	2,	1,	3,	20,	uso_300ms_93.wav,	9,	348,	9.7,	6.6776511669158936,	15,	0.3
10,	2,	1,	3,	21,	uso_300ms_89.wav,	8,	255,	6.6,	3.316462278366089,	15,	0.3
10,	2,	1,	3,	22,	uso_300ms_91.wav,	5,	328,	9.03,	5.54164981842041,	15,	0.3
10,	2,	1,	3,	23,	uso_300ms_22.wav,	6,	326,	8.97,	4.767522573471069,	15,	0.3
10,	2,	1,	3,	24,	uso_300ms_43.wav,	9,	260,	6.77,	6.387403249740601,	15,	0.3
10,	2,	1,	3,	25,	uso_300ms_58.wav,	7,	361,	10.13,	5.94263482093811,	15,	0.3
10,	2,	1,	3,	26,	uso_300ms_3.wav,	8,	430,	12.43,	4.932734489440918,	15,	0.3
10,	2,	1,	3,	27,	uso_300ms_3.wav,	6,	383,	10.87,	3.369889974594116,	15,	0.3
10,	2,	1,	3,	28,	uso_300ms_16.wav,	5,	418,	12.03,	3.8367626667022705,	15,	0.3
10,	2,	1,	3,	29,	uso_300ms_3.wav,	9,	443,	12.87,	2.9848453998565674,	15,	0.3
10,	2,	1,	3,	30,	uso_300ms_63.wav,	7,	342,	9.5,	8.469535112380981,	15,	0.3
10,	2,	1,	3,	31,	uso_300ms_31.wav,	8,	427,	12.33,	5.088183641433716,	15,	0.3
10,	2,	1,	3,	32,	uso_300ms_25.wav,	7,	375,	10.6,	4.631852865219116,	15,	0.3
10,	2,	1,	3,	33,	uso_300ms_61.wav,	6,	275,	7.27,	4.592939615249634,	15,	0.3
10,	2,	1,	3,	34,	uso_300ms_67.wav,	9,	385,	10.93,	3.805306911468506,	15,	0.3
10,	2,	1,	3,	35,	uso_300ms_75.wav,	5,	158,	3.37,	3.9005253314971924,	15,	0.3
10,	2,	1,	3,	36,	uso_300ms_60.wav,	6,	192,	4.5,	2.1477863788604736,	15,	0.3
10,	2,	1,	3,	37,	uso_300ms_93.wav,	7,	234,	5.9,	3.3512229919433594,	15,	0.3
10,	2,	1,	3,	38,	uso_300ms_84.wav,	9,	289,	7.73,	4.027170419692993,	15,	0.3
10,	2,	1,	3,	39,	uso_300ms_93.wav,	8,	334,	9.23,	3.9268434047698975,	15,	0.3
10,	2,	1,	3,	40,	uso_300ms_18.wav,	5,	156,	3.3,	3.8749818801879883,	15,	0.3
10,	2,	1,	3,	41,	uso_300ms_67.wav,	8,	312,	8.5,	3.780062437057495,	15,	0.3
10,	2,	1,	3,	42,	uso_300ms_36.wav,	9,	350,	9.77,	2.575868606567383,	15,	0.3
10,	2,	1,	3,	43,	uso_300ms_89.wav,	7,	291,	7.8,	4.653090953826904,	15,	0.3
10,	2,	1,	3,	44,	uso_300ms_90.wav,	5,	242,	6.17,	3.7982497215270996,	15,	0.3
10,	2,	1,	3,	45,	uso_300ms_24.wav,	6,	306,	8.3,	5.72613525390625,	15,	0.3
10,	2,	1,	3,	46,	uso_300ms_41.wav,	9,	443,	12.87,	3.780648708343506,	15,	0.3
10,	2,	1,	3,	47,	uso_300ms_27.wav,	5,	354,	9.9,	3.3095173835754395,	15,	0.3
10,	2,	1,	3,	48,	uso_300ms_32.wav,	7,	366,	10.3,	3.011810541152954,	15,	0.3
10,	2,	1,	3,	49,	uso_300ms_44.wav,	8,	380,	10.77,	4.968351125717163,	15,	0.3
10,	2,	1,	3,	50,	uso_300ms_11.wav,	6,	329,	9.07,	3.468567371368408,	15,	0.3
10,	2,	1,	3,	51,	uso_300ms_10.wav,	9,	439,	12.73,	2.2877309322357178,	15,	0.3
10,	2,	1,	3,	52,	uso_300ms_10.wav,	6,	439,	12.73,	2.0618085861206055,	15,	0.3
10,	2,	1,	3,	53,	uso_300ms_77.wav,	7,	409,	11.73,	4.353513956069946,	15,	0.3
10,	2,	1,	3,	54,	uso_300ms_13.wav,	8,	354,	9.9,	3.772846221923828,	15,	0.3
10,	2,	1,	3,	55,	uso_300ms_26.wav,	5,	146,	2.97,	3.7265148162841797,	15,	0.3
10,	2,	1,	3,	56,	uso_300ms_48.wav,	9,	340,	9.43,	2.405912160873413,	15,	0.3
10,	2,	1,	3,	57,	uso_300ms_77.wav,	8,	340,	9.43,	3.3279895782470703,	15,	0.3
10,	2,	1,	3,	58,	uso_300ms_7.wav,	6,	340,	9.43,	2.72493052482605,	15,	0.3
10,	2,	1,	3,	59,	uso_300ms_24.wav,	7,	340,	9.43,	3.1124825477600098,	15,	0.3
10,	2,	1,	3,	60,	uso_300ms_46.wav,	5,	273,	7.2,	5.357647657394409,	15,	0.3
10,	2,	1,	3,	61,	uso_300ms_100.wav,	7,	158,	3.37,	2.9873526096343994,	15,	0.3
10,	2,	1,	3,	62,	uso_300ms_63.wav,	8,	173,	3.87,	4.752313137054443,	15,	0.3
10,	2,	1,	3,	63,	uso_300ms_25.wav,	9,	234,	5.9,	2.239166259765625,	15,	0.3
10,	2,	1,	3,	64,	uso_300ms_2.wav,	6,	257,	6.67,	2.9715139865875244,	15,	0.3
10,	2,	1,	3,	65,	uso_300ms_70.wav,	5,	162,	3.5,	3.224477529525757,	15,	0.3
10,	2,	1,	3,	66,	uso_300ms_58.wav,	8,	257,	6.67,	4.071645736694336,	15,	0.3
10,	2,	1,	3,	67,	uso_300ms_81.wav,	7,	395,	11.27,	4.567166090011597,	15,	0.3
10,	2,	1,	3,	68,	uso_300ms_94.wav,	9,	355,	9.93,	3.3534510135650635,	15,	0.3
10,	2,	1,	3,	69,	uso_300ms_59.wav,	5,	276,	7.3,	3.997868537902832,	15,	0.3
10,	2,	1,	3,	70,	uso_300ms_83.wav,	6,	366,	10.3,	3.7032554149627686,	15,	0.3
10,	2,	1,	3,	71,	uso_300ms_60.wav,	8,	230,	5.77,	4.376034736633301,	15,	0.3
10,	2,	1,	3,	72,	uso_300ms_79.wav,	9,	278,	7.37,	3.2121498584747314,	15,	0.3
10,	2,	1,	3,	73,	uso_300ms_11.wav,	5,	203,	4.87,	2.6442270278930664,	15,	0.3
10,	2,	1,	3,	74,	uso_300ms_69.wav,	6,	265,	6.93,	4.847140550613403,	15,	0.3
10,	2,	1,	3,	75,	uso_300ms_41.wav,	7,	431,	12.47,	2.8543503284454346,	15,	0.3
