sub_id,cond_id,block_id,task_id,event_id,stim_id,speaker_id,led_id,led_distance,response_time,n_reps,isi
10,	2,	4,	3,	1,	uso_300ms_77.wav,	8,	316,	8.63,	2.989344358444214,	15,	0.3
10,	2,	4,	3,	2,	uso_300ms_30.wav,	7,	425,	12.27,	3.352059841156006,	15,	0.3
10,	2,	4,	3,	3,	uso_300ms_61.wav,	6,	409,	11.73,	2.079181671142578,	15,	0.3
10,	2,	4,	3,	4,	uso_300ms_88.wav,	9,	430,	12.43,	2.1401896476745605,	15,	0.3
10,	2,	4,	3,	5,	uso_300ms_52.wav,	5,	312,	8.5,	2.713794231414795,	15,	0.3
10,	2,	4,	3,	6,	uso_300ms_9.wav,	6,	311,	8.47,	1.9045286178588867,	15,	0.3
10,	2,	4,	3,	7,	uso_300ms_74.wav,	8,	419,	12.07,	5.260489463806152,	15,	0.3
10,	2,	4,	3,	8,	uso_300ms_26.wav,	9,	438,	12.7,	1.5513675212860107,	15,	0.3
10,	2,	4,	3,	9,	uso_300ms_61.wav,	5,	404,	11.57,	5.9060845375061035,	15,	0.3
10,	2,	4,	3,	10,	uso_300ms_26.wav,	7,	304,	8.23,	3.4014947414398193,	15,	0.3
10,	2,	4,	3,	11,	uso_300ms_34.wav,	5,	151,	3.13,	6.374290704727173,	15,	0.3
10,	2,	4,	3,	12,	uso_300ms_5.wav,	9,	297,	8.0,	2.9264612197875977,	15,	0.3
10,	2,	4,	3,	13,	uso_300ms_47.wav,	8,	422,	12.17,	2.177649974822998,	15,	0.3
10,	2,	4,	3,	14,	uso_300ms_35.wav,	6,	438,	12.7,	1.7553443908691406,	15,	0.3
10,	2,	4,	3,	15,	uso_300ms_48.wav,	7,	438,	12.7,	1.6689321994781494,	15,	0.3
10,	2,	4,	3,	16,	uso_300ms_74.wav,	9,	412,	11.83,	1.717073678970337,	15,	0.3
10,	2,	4,	3,	17,	uso_300ms_61.wav,	6,	412,	11.83,	1.878382682800293,	15,	0.3
10,	2,	4,	3,	18,	uso_300ms_27.wav,	8,	289,	7.73,	3.2201459407806396,	15,	0.3
10,	2,	4,	3,	19,	uso_300ms_43.wav,	5,	282,	7.5,	4.995759010314941,	15,	0.3
10,	2,	4,	3,	20,	uso_300ms_3.wav,	7,	291,	7.8,	2.2494497299194336,	15,	0.3
10,	2,	4,	3,	21,	uso_300ms_51.wav,	9,	412,	11.83,	3.2174723148345947,	15,	0.3
10,	2,	4,	3,	22,	uso_300ms_46.wav,	5,	168,	3.7,	2.7431933879852295,	15,	0.3
10,	2,	4,	3,	23,	uso_300ms_94.wav,	7,	301,	8.13,	2.6412899494171143,	15,	0.3
10,	2,	4,	3,	24,	uso_300ms_49.wav,	8,	301,	8.13,	2.2967946529388428,	15,	0.3
10,	2,	4,	3,	25,	uso_300ms_93.wav,	6,	158,	3.37,	2.869274377822876,	15,	0.3
10,	2,	4,	3,	26,	uso_300ms_18.wav,	9,	414,	11.9,	4.287230491638184,	15,	0.3
10,	2,	4,	3,	27,	uso_300ms_22.wav,	8,	294,	7.9,	2.253772020339966,	15,	0.3
10,	2,	4,	3,	28,	uso_300ms_24.wav,	6,	276,	7.3,	2.4035165309906006,	15,	0.3
10,	2,	4,	3,	29,	uso_300ms_36.wav,	5,	160,	3.43,	2.000983238220215,	15,	0.3
10,	2,	4,	3,	30,	uso_300ms_63.wav,	7,	288,	7.7,	1.9703710079193115,	15,	0.3
10,	2,	4,	3,	31,	uso_300ms_4.wav,	9,	421,	12.13,	2.4473798274993896,	15,	0.3
10,	2,	4,	3,	32,	uso_300ms_80.wav,	8,	421,	12.13,	1.2331609725952148,	15,	0.3
10,	2,	4,	3,	33,	uso_300ms_75.wav,	6,	416,	11.97,	5.831342697143555,	15,	0.3
10,	2,	4,	3,	34,	uso_300ms_80.wav,	5,	334,	9.23,	1.691549301147461,	15,	0.3
10,	2,	4,	3,	35,	uso_300ms_53.wav,	7,	430,	12.43,	1.7801072597503662,	15,	0.3
10,	2,	4,	3,	36,	uso_300ms_76.wav,	8,	430,	12.43,	1.1109917163848877,	15,	0.3
10,	2,	4,	3,	37,	uso_300ms_21.wav,	9,	430,	12.43,	1.9387259483337402,	15,	0.3
10,	2,	4,	3,	38,	uso_300ms_20.wav,	6,	287,	7.67,	1.8988580703735352,	15,	0.3
10,	2,	4,	3,	39,	uso_300ms_53.wav,	5,	233,	5.87,	2.5089151859283447,	15,	0.3
10,	2,	4,	3,	40,	uso_300ms_43.wav,	7,	155,	3.27,	2.2671661376953125,	15,	0.3
10,	2,	4,	3,	41,	uso_300ms_48.wav,	6,	257,	6.67,	3.2406044006347656,	15,	0.3
10,	2,	4,	3,	42,	uso_300ms_79.wav,	5,	171,	3.8,	3.1327691078186035,	15,	0.3
10,	2,	4,	3,	43,	uso_300ms_65.wav,	7,	291,	7.8,	2.6821374893188477,	15,	0.3
10,	2,	4,	3,	44,	uso_300ms_61.wav,	8,	421,	12.13,	2.59859037399292,	15,	0.3
10,	2,	4,	3,	45,	uso_300ms_95.wav,	9,	286,	7.63,	2.199129104614258,	15,	0.3
10,	2,	4,	3,	46,	uso_300ms_25.wav,	7,	421,	12.13,	2.0197460651397705,	15,	0.3
10,	2,	4,	3,	47,	uso_300ms_54.wav,	8,	443,	12.87,	2.19986891746521,	15,	0.3
10,	2,	4,	3,	48,	uso_300ms_70.wav,	9,	374,	10.57,	1.8021659851074219,	15,	0.3
10,	2,	4,	3,	49,	uso_300ms_50.wav,	5,	202,	4.83,	3.2438788414001465,	15,	0.3
10,	2,	4,	3,	50,	uso_300ms_23.wav,	6,	147,	3.0,	1.6392905712127686,	15,	0.3
10,	2,	4,	3,	51,	uso_300ms_38.wav,	8,	304,	8.23,	1.9672658443450928,	15,	0.3
10,	2,	4,	3,	52,	uso_300ms_96.wav,	9,	401,	11.47,	1.4913055896759033,	15,	0.3
10,	2,	4,	3,	53,	uso_300ms_64.wav,	7,	436,	12.63,	1.1803016662597656,	15,	0.3
10,	2,	4,	3,	54,	uso_300ms_17.wav,	6,	310,	8.43,	1.327711582183838,	15,	0.3
10,	2,	4,	3,	55,	uso_300ms_5.wav,	5,	218,	5.37,	1.880185604095459,	15,	0.3
10,	2,	4,	3,	56,	uso_300ms_55.wav,	9,	357,	10.0,	1.644676685333252,	15,	0.3
10,	2,	4,	3,	57,	uso_300ms_49.wav,	5,	277,	7.33,	1.6864924430847168,	15,	0.3
10,	2,	4,	3,	58,	uso_300ms_68.wav,	8,	427,	12.33,	1.8214733600616455,	15,	0.3
10,	2,	4,	3,	59,	uso_300ms_50.wav,	6,	253,	6.53,	2.258491039276123,	15,	0.3
10,	2,	4,	3,	60,	uso_300ms_20.wav,	7,	311,	8.47,	1.7630891799926758,	15,	0.3
10,	2,	4,	3,	61,	uso_300ms_12.wav,	8,	424,	12.23,	1.708305835723877,	15,	0.3
10,	2,	4,	3,	62,	uso_300ms_72.wav,	7,	351,	9.8,	2.1178653240203857,	15,	0.3
10,	2,	4,	3,	63,	uso_300ms_13.wav,	9,	382,	10.83,	1.9646008014678955,	15,	0.3
10,	2,	4,	3,	64,	uso_300ms_42.wav,	6,	252,	6.5,	1.9635186195373535,	15,	0.3
10,	2,	4,	3,	65,	uso_300ms_66.wav,	5,	192,	4.5,	1.5967071056365967,	15,	0.3
10,	2,	4,	3,	66,	uso_300ms_8.wav,	9,	273,	7.2,	2.271012783050537,	15,	0.3
10,	2,	4,	3,	67,	uso_300ms_54.wav,	7,	294,	7.9,	1.5312674045562744,	15,	0.3
10,	2,	4,	3,	68,	uso_300ms_5.wav,	6,	313,	8.53,	1.488002061843872,	15,	0.3
10,	2,	4,	3,	69,	uso_300ms_74.wav,	8,	389,	11.07,	1.7076847553253174,	15,	0.3
10,	2,	4,	3,	70,	uso_300ms_59.wav,	5,	163,	3.53,	2.210498332977295,	15,	0.3
10,	2,	4,	3,	71,	uso_300ms_66.wav,	6,	208,	5.03,	2.074070692062378,	15,	0.3
10,	2,	4,	3,	72,	uso_300ms_68.wav,	7,	208,	5.03,	2.0141518115997314,	15,	0.3
10,	2,	4,	3,	73,	uso_300ms_11.wav,	9,	263,	6.87,	1.4291160106658936,	15,	0.3
10,	2,	4,	3,	74,	uso_300ms_15.wav,	5,	157,	3.33,	1.5213854312896729,	15,	0.3
10,	2,	4,	3,	75,	uso_300ms_72.wav,	8,	242,	6.17,	1.1906938552856445,	15,	0.3
