sub_id,cond_id,block_id,task_id,event_id,stim_id,speaker_id,led_id,led_distance,response_time,n_reps,isi
10,	2,	5,	3,	1,	uso_300ms_8.wav,	5,	90,	1.1,	nan,	90,	2
10,	2,	5,	3,	2,	uso_300ms_61.wav,	5,	224.00068499999998,	5.57,	nan,	90,	2
10,	2,	5,	3,	3,	uso_300ms_12.wav,	5,	128.63428799999997,	2.39,	nan,	90,	2
10,	2,	5,	3,	4,	uso_300ms_71.wav,	5,	119.24879299999999,	2.07,	nan,	90,	2
10,	2,	5,	3,	5,	uso_300ms_51.wav,	9,	384.66286500000007,	10.92,	nan,	90,	2
10,	2,	5,	3,	6,	uso_300ms_60.wav,	7,	319.1421370000001,	8.74,	nan,	90,	2
10,	2,	5,	3,	7,	uso_300ms_86.wav,	5,	249.99629800000008,	6.43,	nan,	90,	2
10,	2,	5,	3,	8,	uso_300ms_18.wav,	5,	148.42434500000007,	3.05,	nan,	90,	2
10,	2,	5,	3,	9,	uso_300ms_16.wav,	5,	148.40251200000014,	3.05,	nan,	90,	2
10,	2,	5,	3,	10,	uso_300ms_58.wav,	5,	148.40251200000014,	3.05,	nan,	90,	2
10,	2,	5,	3,	11,	uso_300ms_32.wav,	5,	148.40251200000014,	3.05,	nan,	90,	2
10,	2,	5,	3,	12,	uso_300ms_40.wav,	5,	148.40251200000014,	3.05,	nan,	90,	2
10,	2,	5,	3,	13,	uso_300ms_18.wav,	5,	148.40251200000014,	3.05,	nan,	90,	2
10,	2,	5,	3,	14,	uso_300ms_41.wav,	5,	148.40251200000014,	3.05,	nan,	90,	2
10,	2,	5,	3,	15,	uso_300ms_21.wav,	5,	148.40251200000014,	3.05,	nan,	90,	2
10,	2,	5,	3,	16,	uso_300ms_63.wav,	9,	416.29961700000024,	11.98,	nan,	90,	2
10,	2,	5,	3,	17,	uso_300ms_61.wav,	8,	365.4059700000003,	10.28,	nan,	90,	2
10,	2,	5,	3,	18,	uso_300ms_23.wav,	9,	403.4697440000003,	11.55,	nan,	90,	2
10,	2,	5,	3,	19,	uso_300ms_64.wav,	7,	327.33419500000025,	9.01,	nan,	90,	2
10,	2,	5,	3,	20,	uso_300ms_87.wav,	5,	259.79646600000024,	6.76,	nan,	90,	2
10,	2,	5,	3,	21,	uso_300ms_8.wav,	5,	196.7811710000002,	4.66,	nan,	90,	2
10,	2,	5,	3,	22,	uso_300ms_40.wav,	5,	130.34830100000022,	2.44,	nan,	90,	2
10,	2,	5,	3,	23,	uso_300ms_75.wav,	5,	130.3694690000001,	2.45,	nan,	90,	2
10,	2,	5,	3,	24,	uso_300ms_2.wav,	5,	127.60643600000007,	2.35,	nan,	90,	2
10,	2,	5,	3,	25,	uso_300ms_64.wav,	5,	120.16821500000069,	2.11,	nan,	90,	2
10,	2,	5,	3,	26,	uso_300ms_76.wav,	5,	216.97479200000123,	5.33,	nan,	90,	2
10,	2,	5,	3,	27,	uso_300ms_7.wav,	9,	424.8560250000012,	12.26,	nan,	90,	2
10,	2,	5,	3,	28,	uso_300ms_23.wav,	9,	415.52701300000103,	11.95,	nan,	90,	2
10,	2,	5,	3,	29,	uso_300ms_42.wav,	9,	415.4920270000011,	11.95,	nan,	90,	2
10,	2,	5,	3,	30,	uso_300ms_48.wav,	9,	415.4920270000011,	11.95,	nan,	90,	2
10,	2,	5,	3,	31,	uso_300ms_42.wav,	7,	336.17716200000103,	9.31,	nan,	90,	2
10,	2,	5,	3,	32,	uso_300ms_89.wav,	7,	336.17716200000103,	9.31,	nan,	90,	2
10,	2,	5,	3,	33,	uso_300ms_55.wav,	9,	432.54017700000117,	12.52,	nan,	90,	2
10,	2,	5,	3,	34,	uso_300ms_17.wav,	9,	449.8738010000012,	13.1,	nan,	90,	2
10,	2,	5,	3,	35,	uso_300ms_27.wav,	8,	355.35107200000135,	9.95,	nan,	90,	2
10,	2,	5,	3,	36,	uso_300ms_91.wav,	8,	355.35107200000135,	9.95,	nan,	90,	2
10,	2,	5,	3,	37,	uso_300ms_81.wav,	5,	256.17751500000134,	6.64,	nan,	90,	2
10,	2,	5,	3,	38,	uso_300ms_94.wav,	5,	277.4518380000013,	7.35,	nan,	90,	2
10,	2,	5,	3,	39,	uso_300ms_76.wav,	9,	372.72055700000146,	10.52,	nan,	90,	2
10,	2,	5,	3,	40,	uso_300ms_15.wav,	9,	372.72755700000147,	10.52,	nan,	90,	2
10,	2,	5,	3,	41,	uso_300ms_40.wav,	9,	456.6900230000015,	13.32,	nan,	90,	2
10,	2,	5,	3,	42,	uso_300ms_78.wav,	9,	456.6900230000015,	13.32,	nan,	90,	2
10,	2,	5,	3,	43,	uso_300ms_75.wav,	7,	326.30548200000135,	8.98,	nan,	90,	2
10,	2,	5,	3,	44,	uso_300ms_56.wav,	7,	326.30548200000135,	8.98,	nan,	90,	2
10,	2,	5,	3,	45,	uso_300ms_6.wav,	5,	242.90480800000142,	6.2,	nan,	90,	2
10,	2,	5,	3,	46,	uso_300ms_38.wav,	5,	174.17143000000144,	3.91,	nan,	90,	2
10,	2,	5,	3,	47,	uso_300ms_42.wav,	5,	123.01443600000147,	2.2,	nan,	90,	2
10,	2,	5,	3,	48,	uso_300ms_68.wav,	5,	123.25063000000151,	2.21,	nan,	90,	2
10,	2,	5,	3,	49,	uso_300ms_85.wav,	5,	256.0913450000014,	6.64,	nan,	90,	2
10,	2,	5,	3,	50,	uso_300ms_20.wav,	9,	378.85957800000136,	10.73,	nan,	90,	2
10,	2,	5,	3,	51,	uso_300ms_19.wav,	6,	300.99863400000163,	8.13,	nan,	90,	2
10,	2,	5,	3,	52,	uso_300ms_53.wav,	5,	244.15891400000163,	6.24,	nan,	90,	2
10,	2,	5,	3,	53,	uso_300ms_49.wav,	6,	295.19161600000166,	7.94,	nan,	90,	2
10,	2,	5,	3,	54,	uso_300ms_31.wav,	8,	348.86192500000163,	9.73,	nan,	90,	2
10,	2,	5,	3,	55,	uso_300ms_62.wav,	5,	187.50924400000162,	4.35,	nan,	90,	2
10,	2,	5,	3,	56,	uso_300ms_43.wav,	6,	292.9216980000016,	7.86,	nan,	90,	2
10,	2,	5,	3,	57,	uso_300ms_3.wav,	8,	359.2082050000015,	10.07,	nan,	90,	2
10,	2,	5,	3,	58,	uso_300ms_70.wav,	9,	433.13118700000155,	12.54,	nan,	90,	2
10,	2,	5,	3,	59,	uso_300ms_46.wav,	9,	452.4192250000016,	13.18,	nan,	90,	2
10,	2,	5,	3,	60,	uso_300ms_1.wav,	9,	387.9473840000016,	11.03,	nan,	90,	2
10,	2,	5,	3,	61,	uso_300ms_50.wav,	7,	337.89246300000156,	9.36,	nan,	90,	2
10,	2,	5,	3,	62,	uso_300ms_73.wav,	5,	265.0971670000016,	6.94,	nan,	90,	2
10,	2,	5,	3,	63,	uso_300ms_61.wav,	5,	201.66749300000166,	4.82,	nan,	90,	2
10,	2,	5,	3,	64,	uso_300ms_20.wav,	5,	137.43201400000163,	2.68,	nan,	90,	2
10,	2,	5,	3,	65,	uso_300ms_40.wav,	5,	210.47008400000163,	5.12,	nan,	90,	2
10,	2,	5,	3,	66,	uso_300ms_21.wav,	9,	386.00834900000154,	10.97,	nan,	90,	2
10,	2,	5,	3,	67,	uso_300ms_2.wav,	9,	386.5563370000017,	10.99,	nan,	90,	2
10,	2,	5,	3,	68,	uso_300ms_44.wav,	7,	315.62957900000174,	8.62,	nan,	90,	2
10,	2,	5,	3,	69,	uso_300ms_45.wav,	5,	244.44830800000173,	6.25,	nan,	90,	2
10,	2,	5,	3,	70,	uso_300ms_11.wav,	7,	334.9680450000018,	9.27,	nan,	90,	2
10,	2,	5,	3,	71,	uso_300ms_47.wav,	5,	217.2547220000016,	5.34,	nan,	90,	2
10,	2,	5,	3,	72,	uso_300ms_52.wav,	7,	317.50107800000154,	8.68,	nan,	90,	2
10,	2,	5,	3,	73,	uso_300ms_68.wav,	9,	392.2961620000014,	11.18,	nan,	90,	2
10,	2,	5,	3,	74,	uso_300ms_34.wav,	6,	296.94974300000115,	8.0,	nan,	90,	2
10,	2,	5,	3,	75,	uso_300ms_12.wav,	5,	215.93053900000112,	5.3,	nan,	90,	2
10,	2,	5,	3,	76,	uso_300ms_16.wav,	5,	173.7053980000011,	3.89,	nan,	90,	2
10,	2,	5,	3,	77,	uso_300ms_27.wav,	5,	137.5547660000011,	2.69,	nan,	90,	2
10,	2,	5,	3,	78,	uso_300ms_34.wav,	9,	398.9966040000011,	11.4,	nan,	90,	2
10,	2,	5,	3,	79,	uso_300ms_72.wav,	5,	231.37265100000104,	5.81,	nan,	90,	2
10,	2,	5,	3,	80,	uso_300ms_51.wav,	9,	407.85079200000104,	11.7,	nan,	90,	2
10,	2,	5,	3,	81,	uso_300ms_29.wav,	9,	407.85079200000104,	11.7,	nan,	90,	2
10,	2,	5,	3,	82,	uso_300ms_95.wav,	9,	407.85079200000104,	11.7,	nan,	90,	2
10,	2,	5,	3,	83,	uso_300ms_44.wav,	9,	407.85079200000104,	11.7,	nan,	90,	2
10,	2,	5,	3,	84,	uso_300ms_26.wav,	9,	407.85079200000104,	11.7,	nan,	90,	2
10,	2,	5,	3,	85,	uso_300ms_65.wav,	9,	407.85079200000104,	11.7,	nan,	90,	2
10,	2,	5,	3,	86,	uso_300ms_78.wav,	9,	407.85079200000104,	11.7,	nan,	90,	2
10,	2,	5,	3,	87,	uso_300ms_62.wav,	9,	407.85079200000104,	11.7,	nan,	90,	2
10,	2,	5,	3,	88,	uso_300ms_7.wav,	7,	314.66196200000047,	8.59,	nan,	90,	2
10,	2,	5,	3,	89,	uso_300ms_15.wav,	5,	246.36340300000015,	6.31,	nan,	90,	2
10,	2,	5,	3,	90,	uso_300ms_11.wav,	8,	358.40019500000017,	10.05,	nan,	90,	2
