sub_id,cond_id,block_id,task_id,event_id,stim_id,speaker_id,led_id,led_distance,response_time,n_reps,isi
10,	2,	6,	1,	1,	uso_300ms_67.wav,	4,	239,	6.07,	2.0859644412994385,	15,	0.3
10,	2,	6,	1,	2,	uso_300ms_83.wav,	3,	178,	4.03,	1.6505279541015625,	15,	0.3
10,	2,	6,	1,	3,	uso_300ms_19.wav,	6,	366,	10.3,	2.151732921600342,	15,	0.3
10,	2,	6,	1,	4,	uso_300ms_26.wav,	0,	101,	1.47,	3.129272937774658,	15,	0.3
10,	2,	6,	1,	5,	uso_300ms_76.wav,	8,	422,	12.17,	2.9757845401763916,	15,	0.3
10,	2,	6,	1,	6,	uso_300ms_72.wav,	7,	340,	9.43,	1.9174673557281494,	15,	0.3
10,	2,	6,	1,	7,	uso_300ms_6.wav,	2,	180,	4.1,	1.8154306411743164,	15,	0.3
10,	2,	6,	1,	8,	uso_300ms_2.wav,	10,	426,	12.3,	2.3657655715942383,	15,	0.3
10,	2,	6,	1,	9,	uso_300ms_28.wav,	9,	402,	11.5,	1.7176125049591064,	15,	0.3
10,	2,	6,	1,	10,	uso_300ms_56.wav,	1,	133,	2.53,	2.7203104496002197,	15,	0.3
10,	2,	6,	1,	11,	uso_300ms_28.wav,	5,	221,	5.47,	1.6095728874206543,	15,	0.3
10,	2,	6,	1,	12,	uso_300ms_79.wav,	4,	171,	3.8,	1.5903470516204834,	15,	0.3
10,	2,	6,	1,	13,	uso_300ms_38.wav,	8,	349,	9.73,	1.6657862663269043,	15,	0.3
10,	2,	6,	1,	14,	uso_300ms_96.wav,	3,	158,	3.37,	1.8875296115875244,	15,	0.3
10,	2,	6,	1,	15,	uso_300ms_85.wav,	1,	109,	1.73,	1.6915345191955566,	15,	0.3
10,	2,	6,	1,	16,	uso_300ms_76.wav,	6,	301,	8.13,	1.6696367263793945,	15,	0.3
10,	2,	6,	1,	17,	uso_300ms_57.wav,	5,	278,	7.37,	2.430323600769043,	15,	0.3
10,	2,	6,	1,	18,	uso_300ms_75.wav,	7,	354,	9.9,	2.4298744201660156,	15,	0.3
10,	2,	6,	1,	19,	uso_300ms_72.wav,	0,	120,	2.1,	2.578521966934204,	15,	0.3
10,	2,	6,	1,	20,	uso_300ms_89.wav,	10,	290,	7.77,	2.458021879196167,	15,	0.3
10,	2,	6,	1,	21,	uso_300ms_16.wav,	2,	155,	3.27,	2.060889959335327,	15,	0.3
10,	2,	6,	1,	22,	uso_300ms_21.wav,	9,	288,	7.7,	1.712404489517212,	15,	0.3
10,	2,	6,	1,	23,	uso_300ms_63.wav,	7,	251,	6.47,	1.405170202255249,	15,	0.3
10,	2,	6,	1,	24,	uso_300ms_39.wav,	1,	121,	2.13,	1.8472611904144287,	15,	0.3
10,	2,	6,	1,	25,	uso_300ms_19.wav,	2,	150,	3.1,	1.6646490097045898,	15,	0.3
10,	2,	6,	1,	26,	uso_300ms_12.wav,	0,	93,	1.2,	1.9915688037872314,	15,	0.3
10,	2,	6,	1,	27,	uso_300ms_11.wav,	10,	354,	9.9,	2.1307685375213623,	15,	0.3
10,	2,	6,	1,	28,	uso_300ms_16.wav,	3,	183,	4.2,	2.013890266418457,	15,	0.3
10,	2,	6,	1,	29,	uso_300ms_20.wav,	4,	200,	4.77,	2.2441048622131348,	15,	0.3
10,	2,	6,	1,	30,	uso_300ms_11.wav,	9,	286,	7.63,	2.3846800327301025,	15,	0.3
10,	2,	6,	1,	31,	uso_300ms_65.wav,	8,	333,	9.2,	1.660635232925415,	15,	0.3
10,	2,	6,	1,	32,	uso_300ms_26.wav,	6,	243,	6.2,	1.520164966583252,	15,	0.3
10,	2,	6,	1,	33,	uso_300ms_49.wav,	5,	171,	3.8,	1.4331295490264893,	15,	0.3
10,	2,	6,	1,	34,	uso_300ms_7.wav,	0,	110,	1.77,	1.5306668281555176,	15,	0.3
10,	2,	6,	1,	35,	uso_300ms_5.wav,	9,	401,	11.47,	3.099893569946289,	15,	0.3
10,	2,	6,	1,	36,	uso_300ms_51.wav,	5,	302,	8.17,	1.6274681091308594,	15,	0.3
10,	2,	6,	1,	37,	uso_300ms_60.wav,	4,	188,	4.37,	1.8216445446014404,	15,	0.3
10,	2,	6,	1,	38,	uso_300ms_88.wav,	3,	165,	3.6,	2.239611864089966,	15,	0.3
10,	2,	6,	1,	39,	uso_300ms_57.wav,	8,	260,	6.77,	1.3668782711029053,	15,	0.3
10,	2,	6,	1,	40,	uso_300ms_23.wav,	1,	130,	2.43,	1.9193692207336426,	15,	0.3
10,	2,	6,	1,	41,	uso_300ms_35.wav,	10,	399,	11.4,	2.3542912006378174,	15,	0.3
10,	2,	6,	1,	42,	uso_300ms_12.wav,	2,	125,	2.27,	2.7241835594177246,	15,	0.3
10,	2,	6,	1,	43,	uso_300ms_59.wav,	7,	239,	6.07,	1.5377142429351807,	15,	0.3
10,	2,	6,	1,	44,	uso_300ms_4.wav,	6,	274,	7.23,	1.660707712173462,	15,	0.3
10,	2,	6,	1,	45,	uso_300ms_35.wav,	5,	170,	3.77,	1.6323487758636475,	15,	0.3
10,	2,	6,	1,	46,	uso_300ms_74.wav,	8,	324,	8.9,	1.7318499088287354,	15,	0.3
10,	2,	6,	1,	47,	uso_300ms_31.wav,	2,	134,	2.57,	1.8253436088562012,	15,	0.3
10,	2,	6,	1,	48,	uso_300ms_18.wav,	7,	204,	4.9,	1.429896593093872,	15,	0.3
10,	2,	6,	1,	49,	uso_300ms_52.wav,	3,	139,	2.73,	1.4772310256958008,	15,	0.3
10,	2,	6,	1,	50,	uso_300ms_39.wav,	9,	346,	9.63,	2.4843218326568604,	15,	0.3
10,	2,	6,	1,	51,	uso_300ms_95.wav,	4,	161,	3.47,	2.2471606731414795,	15,	0.3
10,	2,	6,	1,	52,	uso_300ms_33.wav,	10,	388,	11.03,	2.127873420715332,	15,	0.3
10,	2,	6,	1,	53,	uso_300ms_29.wav,	0,	121,	2.13,	2.1342556476593018,	15,	0.3
10,	2,	6,	1,	54,	uso_300ms_25.wav,	6,	256,	6.63,	1.677264928817749,	15,	0.3
10,	2,	6,	1,	55,	uso_300ms_43.wav,	1,	134,	2.57,	2.3866031169891357,	15,	0.3
10,	2,	6,	1,	56,	uso_300ms_99.wav,	4,	164,	3.57,	1.402219295501709,	15,	0.3
10,	2,	6,	1,	57,	uso_300ms_33.wav,	5,	222,	5.5,	2.1357908248901367,	15,	0.3
10,	2,	6,	1,	58,	uso_300ms_46.wav,	3,	157,	3.33,	1.6575384140014648,	15,	0.3
10,	2,	6,	1,	59,	uso_300ms_99.wav,	10,	377,	10.67,	2.088735818862915,	15,	0.3
10,	2,	6,	1,	60,	uso_300ms_95.wav,	9,	349,	9.73,	2.0707075595855713,	15,	0.3
10,	2,	6,	1,	61,	uso_300ms_92.wav,	6,	326,	8.97,	1.5799226760864258,	15,	0.3
10,	2,	6,	1,	62,	uso_300ms_43.wav,	0,	93,	1.2,	2.5202558040618896,	15,	0.3
10,	2,	6,	1,	63,	uso_300ms_89.wav,	1,	115,	1.93,	1.5699987411499023,	15,	0.3
10,	2,	6,	1,	64,	uso_300ms_26.wav,	2,	136,	2.63,	1.2573580741882324,	15,	0.3
10,	2,	6,	1,	65,	uso_300ms_26.wav,	7,	307,	8.33,	1.6166999340057373,	15,	0.3
10,	2,	6,	1,	66,	uso_300ms_43.wav,	8,	402,	11.5,	2.1001651287078857,	15,	0.3
10,	2,	6,	1,	67,	uso_300ms_84.wav,	5,	249,	6.4,	1.5104615688323975,	15,	0.3
10,	2,	6,	1,	68,	uso_300ms_31.wav,	1,	147,	3.0,	1.3508718013763428,	15,	0.3
10,	2,	6,	1,	69,	uso_300ms_98.wav,	4,	246,	6.3,	1.3303020000457764,	15,	0.3
10,	2,	6,	1,	70,	uso_300ms_8.wav,	8,	377,	10.67,	1.5648281574249268,	15,	0.3
10,	2,	6,	1,	71,	uso_300ms_5.wav,	0,	124,	2.23,	2.036412477493286,	15,	0.3
10,	2,	6,	1,	72,	uso_300ms_10.wav,	6,	318,	8.7,	1.7814531326293945,	15,	0.3
10,	2,	6,	1,	73,	uso_300ms_69.wav,	3,	196,	4.63,	1.5095312595367432,	15,	0.3
10,	2,	6,	1,	74,	uso_300ms_61.wav,	9,	341,	9.47,	2.7648613452911377,	15,	0.3
10,	2,	6,	1,	75,	uso_300ms_20.wav,	7,	287,	7.67,	1.4065701961517334,	15,	0.3
10,	2,	6,	1,	76,	uso_300ms_40.wav,	2,	180,	4.1,	1.3908534049987793,	15,	0.3
10,	2,	6,	1,	77,	uso_300ms_10.wav,	10,	412,	11.83,	2.153191089630127,	15,	0.3
10,	2,	6,	1,	78,	uso_300ms_22.wav,	2,	179,	4.07,	2.1103360652923584,	15,	0.3
10,	2,	6,	1,	79,	uso_300ms_25.wav,	8,	361,	10.13,	2.3067259788513184,	15,	0.3
10,	2,	6,	1,	80,	uso_300ms_32.wav,	10,	435,	12.6,	1.5702543258666992,	15,	0.3
10,	2,	6,	1,	81,	uso_300ms_9.wav,	5,	262,	6.83,	1.8888771533966064,	15,	0.3
10,	2,	6,	1,	82,	uso_300ms_55.wav,	3,	197,	4.67,	1.3893802165985107,	15,	0.3
10,	2,	6,	1,	83,	uso_300ms_47.wav,	0,	104,	1.57,	1.6901938915252686,	15,	0.3
10,	2,	6,	1,	84,	uso_300ms_82.wav,	4,	170,	3.77,	2.5208191871643066,	15,	0.3
10,	2,	6,	1,	85,	uso_300ms_68.wav,	9,	282,	7.5,	2.236863374710083,	15,	0.3
10,	2,	6,	1,	86,	uso_300ms_26.wav,	1,	121,	2.13,	1.9663236141204834,	15,	0.3
10,	2,	6,	1,	87,	uso_300ms_70.wav,	6,	217,	5.33,	1.9278252124786377,	15,	0.3
10,	2,	6,	1,	88,	uso_300ms_42.wav,	7,	348,	9.7,	1.654092788696289,	15,	0.3
10,	2,	6,	1,	89,	uso_300ms_32.wav,	3,	194,	4.57,	1.762279748916626,	15,	0.3
10,	2,	6,	1,	90,	uso_300ms_48.wav,	10,	412,	11.83,	2.231472969055176,	15,	0.3
10,	2,	6,	1,	91,	uso_300ms_95.wav,	0,	107,	1.67,	2.478541612625122,	15,	0.3
10,	2,	6,	1,	92,	uso_300ms_61.wav,	5,	249,	6.4,	1.5217137336730957,	15,	0.3
10,	2,	6,	1,	93,	uso_300ms_37.wav,	4,	167,	3.67,	1.388523817062378,	15,	0.3
10,	2,	6,	1,	94,	uso_300ms_48.wav,	9,	317,	8.67,	2.31040358543396,	15,	0.3
10,	2,	6,	1,	95,	uso_300ms_95.wav,	1,	117,	2.0,	1.9905998706817627,	15,	0.3
10,	2,	6,	1,	96,	uso_300ms_7.wav,	6,	337,	9.33,	2.0282106399536133,	15,	0.3
10,	2,	6,	1,	97,	uso_300ms_74.wav,	7,	273,	7.2,	1.3492908477783203,	15,	0.3
10,	2,	6,	1,	98,	uso_300ms_26.wav,	8,	336,	9.3,	3.024266004562378,	15,	0.3
10,	2,	6,	1,	99,	uso_300ms_81.wav,	2,	141,	2.8,	2.1845133304595947,	15,	0.3
10,	2,	6,	1,	100,	uso_300ms_86.wav,	9,	354,	9.9,	2.063866138458252,	15,	0.3
10,	2,	6,	1,	101,	uso_300ms_46.wav,	10,	440,	12.77,	1.6095151901245117,	15,	0.3
10,	2,	6,	1,	102,	uso_300ms_73.wav,	8,	443,	12.87,	1.2631921768188477,	15,	0.3
10,	2,	6,	1,	103,	uso_300ms_66.wav,	1,	160,	3.43,	2.965278387069702,	15,	0.3
10,	2,	6,	1,	104,	uso_300ms_12.wav,	3,	155,	3.27,	2.0923852920532227,	15,	0.3
10,	2,	6,	1,	105,	uso_300ms_7.wav,	0,	102,	1.5,	1.834474802017212,	15,	0.3
10,	2,	6,	1,	106,	uso_300ms_69.wav,	4,	236,	5.97,	2.4160356521606445,	15,	0.3
10,	2,	6,	1,	107,	uso_300ms_81.wav,	7,	417,	12.0,	2.043302536010742,	15,	0.3
10,	2,	6,	1,	108,	uso_300ms_78.wav,	2,	148,	3.03,	2.574875593185425,	15,	0.3
10,	2,	6,	1,	109,	uso_300ms_5.wav,	5,	264,	6.9,	1.4936141967773438,	15,	0.3
10,	2,	6,	1,	110,	uso_300ms_95.wav,	6,	183,	4.2,	1.512660026550293,	15,	0.3
10,	2,	6,	1,	111,	uso_300ms_63.wav,	7,	359,	10.07,	1.689664363861084,	15,	0.3
10,	2,	6,	1,	112,	uso_300ms_76.wav,	6,	274,	7.23,	4.8623785972595215,	15,	0.3
10,	2,	6,	1,	113,	uso_300ms_65.wav,	8,	443,	12.87,	1.644024133682251,	15,	0.3
10,	2,	6,	1,	114,	uso_300ms_88.wav,	0,	105,	1.6,	3.582853078842163,	15,	0.3
10,	2,	6,	1,	115,	uso_300ms_41.wav,	1,	157,	3.33,	1.555325984954834,	15,	0.3
10,	2,	6,	1,	116,	uso_300ms_61.wav,	2,	142,	2.83,	2.262904167175293,	15,	0.3
10,	2,	6,	1,	117,	uso_300ms_78.wav,	3,	197,	4.67,	1.7227611541748047,	15,	0.3
10,	2,	6,	1,	118,	uso_300ms_71.wav,	9,	325,	8.93,	1.6467034816741943,	15,	0.3
10,	2,	6,	1,	119,	uso_300ms_9.wav,	10,	432,	12.5,	2.2103917598724365,	15,	0.3
10,	2,	6,	1,	120,	uso_300ms_52.wav,	4,	235,	5.93,	2.552652359008789,	15,	0.3
10,	2,	6,	1,	121,	uso_300ms_86.wav,	5,	268,	7.03,	1.636176586151123,	15,	0.3
10,	2,	6,	1,	122,	uso_300ms_66.wav,	8,	379,	10.73,	1.6416373252868652,	15,	0.3
10,	2,	6,	1,	123,	uso_300ms_86.wav,	10,	418,	12.03,	1.7156884670257568,	15,	0.3
10,	2,	6,	1,	124,	uso_300ms_100.wav,	1,	145,	2.93,	2.73705792427063,	15,	0.3
10,	2,	6,	1,	125,	uso_300ms_5.wav,	3,	190,	4.43,	1.4904909133911133,	15,	0.3
10,	2,	6,	1,	126,	uso_300ms_85.wav,	0,	111,	1.8,	1.6587321758270264,	15,	0.3
10,	2,	6,	1,	127,	uso_300ms_6.wav,	9,	342,	9.5,	2.0932130813598633,	15,	0.3
10,	2,	6,	1,	128,	uso_300ms_21.wav,	6,	265,	6.93,	1.5558221340179443,	15,	0.3
10,	2,	6,	1,	129,	uso_300ms_69.wav,	2,	117,	2.0,	1.6065564155578613,	15,	0.3
10,	2,	6,	1,	130,	uso_300ms_97.wav,	4,	155,	3.27,	1.3317725658416748,	15,	0.3
10,	2,	6,	1,	131,	uso_300ms_33.wav,	5,	317,	8.67,	2.2434310913085938,	15,	0.3
10,	2,	6,	1,	132,	uso_300ms_79.wav,	7,	379,	10.73,	2.5584917068481445,	15,	0.3
10,	2,	6,	1,	133,	uso_300ms_52.wav,	1,	143,	2.87,	2.31638503074646,	15,	0.3
10,	2,	6,	1,	134,	uso_300ms_100.wav,	0,	95,	1.27,	1.6447858810424805,	15,	0.3
10,	2,	6,	1,	135,	uso_300ms_76.wav,	9,	422,	12.17,	2.6654317378997803,	15,	0.3
10,	2,	6,	1,	136,	uso_300ms_12.wav,	7,	320,	8.77,	1.6257655620574951,	15,	0.3
10,	2,	6,	1,	137,	uso_300ms_6.wav,	6,	318,	8.7,	1.5430946350097656,	15,	0.3
10,	2,	6,	1,	138,	uso_300ms_100.wav,	3,	219,	5.4,	1.3608102798461914,	15,	0.3
10,	2,	6,	1,	139,	uso_300ms_4.wav,	5,	310,	8.43,	1.5888640880584717,	15,	0.3
10,	2,	6,	1,	140,	uso_300ms_37.wav,	4,	239,	6.07,	1.2775557041168213,	15,	0.3
10,	2,	6,	1,	141,	uso_300ms_4.wav,	8,	432,	12.5,	1.8037354946136475,	15,	0.3
10,	2,	6,	1,	142,	uso_300ms_38.wav,	2,	198,	4.7,	2.3175079822540283,	15,	0.3
10,	2,	6,	1,	143,	uso_300ms_62.wav,	10,	346,	9.63,	1.6319348812103271,	15,	0.3
10,	2,	6,	1,	144,	uso_300ms_14.wav,	9,	298,	8.03,	2.769558906555176,	15,	0.3
10,	2,	6,	1,	145,	uso_300ms_39.wav,	8,	423,	12.2,	1.9331634044647217,	15,	0.3
10,	2,	6,	1,	146,	uso_300ms_42.wav,	1,	126,	2.3,	2.2252535820007324,	15,	0.3
10,	2,	6,	1,	147,	uso_300ms_96.wav,	5,	225,	5.6,	2.7343239784240723,	15,	0.3
10,	2,	6,	1,	148,	uso_300ms_75.wav,	3,	162,	3.5,	2.0884621143341064,	15,	0.3
10,	2,	6,	1,	149,	uso_300ms_22.wav,	6,	247,	6.33,	1.269815444946289,	15,	0.3
10,	2,	6,	1,	150,	uso_300ms_60.wav,	0,	109,	1.73,	2.078927993774414,	15,	0.3
10,	2,	6,	1,	151,	uso_300ms_100.wav,	4,	274,	7.23,	1.604729175567627,	15,	0.3
10,	2,	6,	1,	152,	uso_300ms_8.wav,	10,	425,	12.27,	1.8099720478057861,	15,	0.3
10,	2,	6,	1,	153,	uso_300ms_5.wav,	7,	314,	8.57,	1.5252482891082764,	15,	0.3
10,	2,	6,	1,	154,	uso_300ms_99.wav,	2,	167,	3.67,	1.7363173961639404,	15,	0.3
10,	2,	6,	1,	155,	uso_300ms_73.wav,	6,	295,	7.93,	1.7261998653411865,	15,	0.3
10,	2,	6,	1,	156,	uso_300ms_34.wav,	7,	284,	7.57,	2.4586193561553955,	15,	0.3
10,	2,	6,	1,	157,	uso_300ms_23.wav,	4,	208,	5.03,	1.2669672966003418,	15,	0.3
10,	2,	6,	1,	158,	uso_300ms_20.wav,	9,	389,	11.07,	1.6937479972839355,	15,	0.3
10,	2,	6,	1,	159,	uso_300ms_23.wav,	10,	397,	11.33,	1.7428643703460693,	15,	0.3
10,	2,	6,	1,	160,	uso_300ms_32.wav,	3,	331,	9.13,	1.13038969039917,	15,	0.3
10,	2,	6,	1,	161,	uso_300ms_35.wav,	0,	120,	2.1,	2.154071807861328,	15,	0.3
10,	2,	6,	1,	162,	uso_300ms_6.wav,	2,	126,	2.3,	1.6410996913909912,	15,	0.3
10,	2,	6,	1,	163,	uso_300ms_81.wav,	8,	292,	7.83,	2.048823595046997,	15,	0.3
10,	2,	6,	1,	164,	uso_300ms_100.wav,	5,	248,	6.37,	1.5465247631072998,	15,	0.3
10,	2,	6,	1,	165,	uso_300ms_70.wav,	1,	109,	1.73,	2.0843183994293213,	15,	0.3
