sub_id,cond_id,block_id,task_id,event_id,stim_id,speaker_id,led_id,led_distance,response_time,n_reps,isi
10,	2,	2,	3,	1,	uso_300ms_65.wav,	5,	155,	3.27,	3.3500423431396484,	15,	0.3
10,	2,	2,	3,	2,	uso_300ms_97.wav,	7,	235,	5.93,	2.405562162399292,	15,	0.3
10,	2,	2,	3,	3,	uso_300ms_61.wav,	6,	179,	4.07,	3.4034483432769775,	15,	0.3
10,	2,	2,	3,	4,	uso_300ms_3.wav,	8,	354,	9.9,	3.065242052078247,	15,	0.3
10,	2,	2,	3,	5,	uso_300ms_88.wav,	9,	343,	9.53,	3.015521287918091,	15,	0.3
10,	2,	2,	3,	6,	uso_300ms_29.wav,	6,	271,	7.13,	3.660043954849243,	15,	0.3
10,	2,	2,	3,	7,	uso_300ms_28.wav,	7,	240,	6.1,	5.074615716934204,	15,	0.3
10,	2,	2,	3,	8,	uso_300ms_92.wav,	9,	318,	8.7,	3.1341097354888916,	15,	0.3
10,	2,	2,	3,	9,	uso_300ms_21.wav,	8,	398,	11.37,	2.3284285068511963,	15,	0.3
10,	2,	2,	3,	10,	uso_300ms_99.wav,	5,	351,	9.8,	2.7483935356140137,	15,	0.3
10,	2,	2,	3,	11,	uso_300ms_20.wav,	9,	426,	12.3,	2.519986867904663,	15,	0.3
10,	2,	2,	3,	12,	uso_300ms_17.wav,	5,	192,	4.5,	2.861008405685425,	15,	0.3
10,	2,	2,	3,	13,	uso_300ms_16.wav,	7,	294,	7.9,	4.532030820846558,	15,	0.3
10,	2,	2,	3,	14,	uso_300ms_76.wav,	6,	263,	6.87,	2.4202239513397217,	15,	0.3
10,	2,	2,	3,	15,	uso_300ms_42.wav,	8,	359,	10.07,	1.7036659717559814,	15,	0.3
10,	2,	2,	3,	16,	uso_300ms_48.wav,	5,	317,	8.67,	4.976352214813232,	15,	0.3
10,	2,	2,	3,	17,	uso_300ms_43.wav,	8,	402,	11.5,	1.3835761547088623,	15,	0.3
10,	2,	2,	3,	18,	uso_300ms_26.wav,	6,	204,	4.9,	3.069610118865967,	15,	0.3
10,	2,	2,	3,	19,	uso_300ms_83.wav,	7,	282,	7.5,	5.756971836090088,	15,	0.3
10,	2,	2,	3,	20,	uso_300ms_41.wav,	9,	445,	12.93,	2.1387016773223877,	15,	0.3
10,	2,	2,	3,	21,	uso_300ms_61.wav,	7,	215,	5.27,	2.775604486465454,	15,	0.3
10,	2,	2,	3,	22,	uso_300ms_11.wav,	6,	168,	3.7,	2.5614264011383057,	15,	0.3
10,	2,	2,	3,	23,	uso_300ms_74.wav,	8,	354,	9.9,	2.23176908493042,	15,	0.3
10,	2,	2,	3,	24,	uso_300ms_28.wav,	5,	236,	5.97,	2.967617988586426,	15,	0.3
10,	2,	2,	3,	25,	uso_300ms_25.wav,	9,	405,	11.6,	2.6143205165863037,	15,	0.3
10,	2,	2,	3,	26,	uso_300ms_39.wav,	8,	294,	7.9,	2.5593035221099854,	15,	0.3
10,	2,	2,	3,	27,	uso_300ms_96.wav,	7,	235,	5.93,	2.169387102127075,	15,	0.3
10,	2,	2,	3,	28,	uso_300ms_71.wav,	9,	404,	11.57,	2.287827491760254,	15,	0.3
10,	2,	2,	3,	29,	uso_300ms_36.wav,	5,	119,	2.07,	3.1066837310791016,	15,	0.3
10,	2,	2,	3,	30,	uso_300ms_5.wav,	6,	175,	3.93,	1.9427409172058105,	15,	0.3
10,	2,	2,	3,	31,	uso_300ms_49.wav,	9,	207,	5.0,	2.0635485649108887,	15,	0.3
10,	2,	2,	3,	32,	uso_300ms_84.wav,	8,	266,	6.97,	1.394648790359497,	15,	0.3
10,	2,	2,	3,	33,	uso_300ms_10.wav,	7,	315,	8.6,	2.8582866191864014,	15,	0.3
10,	2,	2,	3,	34,	uso_300ms_74.wav,	5,	210,	5.1,	1.9449548721313477,	15,	0.3
10,	2,	2,	3,	35,	uso_300ms_6.wav,	6,	154,	3.23,	1.560049295425415,	15,	0.3
10,	2,	2,	3,	36,	uso_300ms_4.wav,	9,	198,	4.7,	3.638401508331299,	15,	0.3
10,	2,	2,	3,	37,	uso_300ms_92.wav,	6,	144,	2.9,	1.654834270477295,	15,	0.3
10,	2,	2,	3,	38,	uso_300ms_19.wav,	5,	200,	4.77,	1.6527464389801025,	15,	0.3
10,	2,	2,	3,	39,	uso_300ms_48.wav,	7,	233,	5.87,	2.0264170169830322,	15,	0.3
10,	2,	2,	3,	40,	uso_300ms_58.wav,	8,	262,	6.83,	2.203839063644409,	15,	0.3
10,	2,	2,	3,	41,	uso_300ms_3.wav,	5,	180,	4.1,	2.0500125885009766,	15,	0.3
10,	2,	2,	3,	42,	uso_300ms_60.wav,	7,	193,	4.53,	2.6667144298553467,	15,	0.3
10,	2,	2,	3,	43,	uso_300ms_7.wav,	9,	277,	7.33,	2.6221461296081543,	15,	0.3
10,	2,	2,	3,	44,	uso_300ms_71.wav,	8,	367,	10.33,	2.7798609733581543,	15,	0.3
10,	2,	2,	3,	45,	uso_300ms_97.wav,	6,	194,	4.57,	2.1340296268463135,	15,	0.3
10,	2,	2,	3,	46,	uso_300ms_9.wav,	9,	289,	7.73,	3.293973445892334,	15,	0.3
10,	2,	2,	3,	47,	uso_300ms_80.wav,	6,	237,	6.0,	2.5397562980651855,	15,	0.3
10,	2,	2,	3,	48,	uso_300ms_60.wav,	7,	237,	6.0,	1.8110830783843994,	15,	0.3
10,	2,	2,	3,	49,	uso_300ms_47.wav,	8,	255,	6.6,	2.4855287075042725,	15,	0.3
10,	2,	2,	3,	50,	uso_300ms_69.wav,	5,	183,	4.2,	2.0381968021392822,	15,	0.3
10,	2,	2,	3,	51,	uso_300ms_35.wav,	9,	367,	10.33,	2.3913216590881348,	15,	0.3
10,	2,	2,	3,	52,	uso_300ms_98.wav,	7,	265,	6.93,	3.9332289695739746,	15,	0.3
10,	2,	2,	3,	53,	uso_300ms_31.wav,	6,	166,	3.63,	1.887676477432251,	15,	0.3
10,	2,	2,	3,	54,	uso_300ms_63.wav,	5,	122,	2.17,	2.2162368297576904,	15,	0.3
10,	2,	2,	3,	55,	uso_300ms_88.wav,	8,	348,	9.7,	2.549751043319702,	15,	0.3
10,	2,	2,	3,	56,	uso_300ms_67.wav,	7,	266,	6.97,	3.0297818183898926,	15,	0.3
10,	2,	2,	3,	57,	uso_300ms_95.wav,	5,	119,	2.07,	2.846111536026001,	15,	0.3
10,	2,	2,	3,	58,	uso_300ms_19.wav,	6,	231,	5.8,	4.4571144580841064,	15,	0.3
10,	2,	2,	3,	59,	uso_300ms_82.wav,	8,	253,	6.53,	3.071291208267212,	15,	0.3
10,	2,	2,	3,	60,	uso_300ms_7.wav,	9,	329,	9.07,	1.9879536628723145,	15,	0.3
10,	2,	2,	3,	61,	uso_300ms_76.wav,	8,	184,	4.23,	3.266063690185547,	15,	0.3
10,	2,	2,	3,	62,	uso_300ms_29.wav,	5,	143,	2.87,	2.206223487854004,	15,	0.3
10,	2,	2,	3,	63,	uso_300ms_58.wav,	6,	207,	5.0,	2.0192713737487793,	15,	0.3
10,	2,	2,	3,	64,	uso_300ms_50.wav,	7,	253,	6.53,	2.953270673751831,	15,	0.3
10,	2,	2,	3,	65,	uso_300ms_51.wav,	9,	434,	12.57,	2.2557995319366455,	15,	0.3
10,	2,	2,	3,	66,	uso_300ms_84.wav,	8,	404,	11.57,	1.8836987018585205,	15,	0.3
10,	2,	2,	3,	67,	uso_300ms_12.wav,	5,	171,	3.8,	3.0194098949432373,	15,	0.3
10,	2,	2,	3,	68,	uso_300ms_83.wav,	9,	407,	11.67,	2.6023905277252197,	15,	0.3
10,	2,	2,	3,	69,	uso_300ms_41.wav,	6,	277,	7.33,	1.614457130432129,	15,	0.3
10,	2,	2,	3,	70,	uso_300ms_39.wav,	7,	180,	4.1,	1.6894772052764893,	15,	0.3
10,	2,	2,	3,	71,	uso_300ms_30.wav,	9,	190,	4.43,	2.682529926300049,	15,	0.3
10,	2,	2,	3,	72,	uso_300ms_82.wav,	8,	358,	10.03,	2.3723397254943848,	15,	0.3
10,	2,	2,	3,	73,	uso_300ms_30.wav,	6,	247,	6.33,	2.1782567501068115,	15,	0.3
10,	2,	2,	3,	74,	uso_300ms_57.wav,	7,	247,	6.33,	1.4833390712738037,	15,	0.3
10,	2,	2,	3,	75,	uso_300ms_64.wav,	5,	168,	3.7,	1.8095669746398926,	15,	0.3
