sub_id,cond_id,block_id,task_id,event_id,stim_id,speaker_id,led_id,led_distance,response_time,n_reps,isi
10,	2,	3,	3,	1,	uso_300ms_80.wav,	5,	90,	1.1,	nan,	90,	2
10,	2,	3,	3,	2,	uso_300ms_32.wav,	5,	123.46991900000006,	2.22,	nan,	90,	2
10,	2,	3,	3,	3,	uso_300ms_8.wav,	5,	155.32320200000004,	3.28,	nan,	90,	2
10,	2,	3,	3,	4,	uso_300ms_64.wav,	5,	181.19144300000008,	4.14,	nan,	90,	2
10,	2,	3,	3,	5,	uso_300ms_74.wav,	5,	224.81664000000006,	5.59,	nan,	90,	2
10,	2,	3,	3,	6,	uso_300ms_51.wav,	5,	258.6141940000001,	6.72,	nan,	90,	2
10,	2,	3,	3,	7,	uso_300ms_72.wav,	5,	258.6141940000001,	6.72,	nan,	90,	2
10,	2,	3,	3,	8,	uso_300ms_34.wav,	9,	379.99546100000003,	10.77,	nan,	90,	2
10,	2,	3,	3,	9,	uso_300ms_84.wav,	9,	379.99546100000003,	10.77,	nan,	90,	2
10,	2,	3,	3,	10,	uso_300ms_9.wav,	5,	276.90702099999993,	7.33,	nan,	90,	2
10,	2,	3,	3,	11,	uso_300ms_57.wav,	5,	276.90702099999993,	7.33,	nan,	90,	2
10,	2,	3,	3,	12,	uso_300ms_50.wav,	5,	195.9961209999999,	4.63,	nan,	90,	2
10,	2,	3,	3,	13,	uso_300ms_90.wav,	5,	154.7530379999999,	3.26,	nan,	90,	2
10,	2,	3,	3,	14,	uso_300ms_72.wav,	5,	125.32867099999993,	2.28,	nan,	90,	2
10,	2,	3,	3,	15,	uso_300ms_52.wav,	5,	125.32867099999993,	2.28,	nan,	90,	2
10,	2,	3,	3,	16,	uso_300ms_79.wav,	5,	125.32867099999993,	2.28,	nan,	90,	2
10,	2,	3,	3,	17,	uso_300ms_28.wav,	5,	115.85279199999992,	1.96,	nan,	90,	2
10,	2,	3,	3,	18,	uso_300ms_90.wav,	5,	115.95425700000018,	1.97,	nan,	90,	2
10,	2,	3,	3,	19,	uso_300ms_92.wav,	5,	276.8890730000004,	7.33,	nan,	90,	2
10,	2,	3,	3,	20,	uso_300ms_12.wav,	9,	430.17360300000036,	12.44,	nan,	90,	2
10,	2,	3,	3,	21,	uso_300ms_93.wav,	9,	430.17360300000036,	12.44,	nan,	90,	2
10,	2,	3,	3,	22,	uso_300ms_87.wav,	5,	252.4779590000003,	6.52,	nan,	90,	2
10,	2,	3,	3,	23,	uso_300ms_68.wav,	5,	172.6363650000003,	3.85,	nan,	90,	2
10,	2,	3,	3,	24,	uso_300ms_18.wav,	5,	112.77099300000029,	1.86,	nan,	90,	2
10,	2,	3,	3,	25,	uso_300ms_5.wav,	5,	128.0315110000003,	2.37,	nan,	90,	2
10,	2,	3,	3,	26,	uso_300ms_64.wav,	5,	128.74449600000028,	2.39,	nan,	90,	2
10,	2,	3,	3,	27,	uso_300ms_72.wav,	9,	453.88026500000024,	13.23,	nan,	90,	2
10,	2,	3,	3,	28,	uso_300ms_60.wav,	5,	252.72720800000016,	6.52,	nan,	90,	2
10,	2,	3,	3,	29,	uso_300ms_12.wav,	5,	108.41879200000014,	1.71,	nan,	90,	2
10,	2,	3,	3,	30,	uso_300ms_19.wav,	5,	208.51208600000015,	5.05,	nan,	90,	2
10,	2,	3,	3,	31,	uso_300ms_8.wav,	9,	451.08783200000016,	13.14,	nan,	90,	2
10,	2,	3,	3,	32,	uso_300ms_70.wav,	5,	276.43858800000027,	7.31,	nan,	90,	2
10,	2,	3,	3,	33,	uso_300ms_71.wav,	5,	149.16178100000022,	3.07,	nan,	90,	2
10,	2,	3,	3,	34,	uso_300ms_14.wav,	5,	86.31506700000021,	0.98,	nan,	90,	2
10,	2,	3,	3,	35,	uso_300ms_3.wav,	5,	116.71705400000022,	1.99,	nan,	90,	2
10,	2,	3,	3,	36,	uso_300ms_72.wav,	5,	117.65492800000021,	2.02,	nan,	90,	2
10,	2,	3,	3,	37,	uso_300ms_56.wav,	9,	451.5897110000002,	13.15,	nan,	90,	2
10,	2,	3,	3,	38,	uso_300ms_82.wav,	5,	248.72074400000025,	6.39,	nan,	90,	2
10,	2,	3,	3,	39,	uso_300ms_43.wav,	9,	435.4024630000003,	12.61,	nan,	90,	2
10,	2,	3,	3,	40,	uso_300ms_21.wav,	5,	229.6060190000003,	5.75,	nan,	90,	2
10,	2,	3,	3,	41,	uso_300ms_29.wav,	9,	450.88279500000027,	13.13,	nan,	90,	2
10,	2,	3,	3,	42,	uso_300ms_24.wav,	5,	256.3527110000002,	6.65,	nan,	90,	2
10,	2,	3,	3,	43,	uso_300ms_94.wav,	5,	129.68741700000015,	2.42,	nan,	90,	2
10,	2,	3,	3,	44,	uso_300ms_13.wav,	5,	253.0092590000002,	6.53,	nan,	90,	2
10,	2,	3,	3,	45,	uso_300ms_25.wav,	5,	127.20286500000022,	2.34,	nan,	90,	2
10,	2,	3,	3,	46,	uso_300ms_91.wav,	5,	124.11201500000021,	2.24,	nan,	90,	2
10,	2,	3,	3,	47,	uso_300ms_58.wav,	5,	128.0893280000002,	2.37,	nan,	90,	2
10,	2,	3,	3,	48,	uso_300ms_58.wav,	5,	141.0893280000002,	2.8,	nan,	90,	2
10,	2,	3,	3,	49,	uso_300ms_50.wav,	5,	154.0893280000002,	3.24,	nan,	90,	2
10,	2,	3,	3,	50,	uso_300ms_14.wav,	5,	166.0893280000002,	3.64,	nan,	90,	2
10,	2,	3,	3,	51,	uso_300ms_37.wav,	5,	220.30570000000012,	5.44,	nan,	90,	2
10,	2,	3,	3,	52,	uso_300ms_20.wav,	9,	430.0663700000003,	12.44,	nan,	90,	2
10,	2,	3,	3,	53,	uso_300ms_8.wav,	5,	235.5891080000003,	5.95,	nan,	90,	2
10,	2,	3,	3,	54,	uso_300ms_27.wav,	6,	310.12924500000037,	8.44,	nan,	90,	2
10,	2,	3,	3,	55,	uso_300ms_42.wav,	7,	339.7721450000004,	9.43,	nan,	90,	2
10,	2,	3,	3,	56,	uso_300ms_88.wav,	9,	381.00968400000073,	10.8,	nan,	90,	2
10,	2,	3,	3,	57,	uso_300ms_43.wav,	7,	328.3442740000008,	9.04,	nan,	90,	2
10,	2,	3,	3,	58,	uso_300ms_47.wav,	6,	282.1510640000009,	7.51,	nan,	90,	2
10,	2,	3,	3,	59,	uso_300ms_23.wav,	5,	242.47842400000093,	6.18,	nan,	90,	2
10,	2,	3,	3,	60,	uso_300ms_23.wav,	5,	148.60824900000094,	3.05,	nan,	90,	2
10,	2,	3,	3,	61,	uso_300ms_72.wav,	5,	175.88741000000095,	3.96,	nan,	90,	2
10,	2,	3,	3,	62,	uso_300ms_24.wav,	5,	221.46583100000095,	5.48,	nan,	90,	2
10,	2,	3,	3,	63,	uso_300ms_14.wav,	6,	298.6471170000009,	8.05,	nan,	90,	2
10,	2,	3,	3,	64,	uso_300ms_80.wav,	8,	355.420498000001,	9.95,	nan,	90,	2
10,	2,	3,	3,	65,	uso_300ms_65.wav,	9,	406.438570000001,	11.65,	nan,	90,	2
10,	2,	3,	3,	66,	uso_300ms_19.wav,	8,	348.456982000001,	9.72,	nan,	90,	2
10,	2,	3,	3,	67,	uso_300ms_17.wav,	9,	421.34158400000103,	12.14,	nan,	90,	2
10,	2,	3,	3,	68,	uso_300ms_19.wav,	9,	384.3870090000011,	10.91,	nan,	90,	2
10,	2,	3,	3,	69,	uso_300ms_98.wav,	9,	433.2282490000011,	12.54,	nan,	90,	2
10,	2,	3,	3,	70,	uso_300ms_51.wav,	9,	392.74377700000105,	11.19,	nan,	90,	2
10,	2,	3,	3,	71,	uso_300ms_39.wav,	9,	425.42790400000104,	12.28,	nan,	90,	2
10,	2,	3,	3,	72,	uso_300ms_55.wav,	5,	260.23224400000095,	6.77,	nan,	90,	2
10,	2,	3,	3,	73,	uso_300ms_61.wav,	9,	421.41582600000095,	12.15,	nan,	90,	2
10,	2,	3,	3,	74,	uso_300ms_86.wav,	5,	278.1423530000009,	7.37,	nan,	90,	2
10,	2,	3,	3,	75,	uso_300ms_12.wav,	5,	120.37540100000092,	2.11,	nan,	90,	2
10,	2,	3,	3,	76,	uso_300ms_6.wav,	5,	267.140124000001,	7.0,	nan,	90,	2
10,	2,	3,	3,	77,	uso_300ms_84.wav,	7,	314.7916020000012,	8.59,	nan,	90,	2
10,	2,	3,	3,	78,	uso_300ms_20.wav,	9,	379.42623500000144,	10.75,	nan,	90,	2
10,	2,	3,	3,	79,	uso_300ms_15.wav,	9,	453.9372800000014,	13.23,	nan,	90,	2
10,	2,	3,	3,	80,	uso_300ms_94.wav,	7,	333.0198400000014,	9.2,	nan,	90,	2
10,	2,	3,	3,	81,	uso_300ms_56.wav,	5,	259.15131800000137,	6.74,	nan,	90,	2
10,	2,	3,	3,	82,	uso_300ms_98.wav,	5,	216.34339200000142,	5.31,	nan,	90,	2
10,	2,	3,	3,	83,	uso_300ms_77.wav,	5,	189.0163510000014,	4.4,	nan,	90,	2
10,	2,	3,	3,	84,	uso_300ms_79.wav,	5,	159.2180860000014,	3.41,	nan,	90,	2
10,	2,	3,	3,	85,	uso_300ms_26.wav,	5,	100.73397500000155,	1.46,	nan,	90,	2
10,	2,	3,	3,	86,	uso_300ms_66.wav,	9,	417.7698830000016,	12.03,	nan,	90,	2
10,	2,	3,	3,	87,	uso_300ms_79.wav,	9,	376.79684600000155,	10.66,	nan,	90,	2
10,	2,	3,	3,	88,	uso_300ms_46.wav,	9,	429.44934100000154,	12.41,	nan,	90,	2
10,	2,	3,	3,	89,	uso_300ms_9.wav,	8,	365.7153420000015,	10.29,	nan,	90,	2
10,	2,	3,	3,	90,	uso_300ms_26.wav,	6,	307.9996840000014,	8.37,	nan,	90,	2
