sub_id,cond_id,block_id,task_id,event_id,stim_id,speaker_id,led_id,led_distance,response_time,n_reps,isi
22,	2,	5,	3,	1,	uso_300ms_22.wav,	5,	123.26956500000038,	2.21,	nan,	90,	2
22,	2,	5,	3,	2,	uso_300ms_2.wav,	5,	265.0418740000004,	6.93,	nan,	90,	2
22,	2,	5,	3,	3,	uso_300ms_31.wav,	5,	230.56316400000046,	5.79,	nan,	90,	2
22,	2,	5,	3,	4,	uso_300ms_70.wav,	5,	191.45233700000045,	4.48,	nan,	90,	2
22,	2,	5,	3,	5,	uso_300ms_48.wav,	5,	174.18372900000045,	3.91,	nan,	90,	2
22,	2,	5,	3,	6,	uso_300ms_49.wav,	5,	147.30300100000042,	3.01,	nan,	90,	2
22,	2,	5,	3,	7,	uso_300ms_46.wav,	5,	116.1721250000004,	1.97,	nan,	90,	2
22,	2,	5,	3,	8,	uso_300ms_1.wav,	6,	299.36456800000025,	8.08,	nan,	90,	2
22,	2,	5,	3,	9,	uso_300ms_87.wav,	7,	340.14398500000016,	9.44,	nan,	90,	2
22,	2,	5,	3,	10,	uso_300ms_20.wav,	9,	384.6834590000002,	10.92,	nan,	90,	2
22,	2,	5,	3,	11,	uso_300ms_80.wav,	9,	448.1540410000002,	13.04,	nan,	90,	2
22,	2,	5,	3,	12,	uso_300ms_82.wav,	8,	370.18027100000006,	10.44,	nan,	90,	2
22,	2,	5,	3,	13,	uso_300ms_78.wav,	7,	328.03406899999993,	9.03,	nan,	90,	2
22,	2,	5,	3,	14,	uso_300ms_25.wav,	5,	277.5240289999999,	7.35,	nan,	90,	2
22,	2,	5,	3,	15,	uso_300ms_55.wav,	5,	248.96306999999987,	6.4,	nan,	90,	2
22,	2,	5,	3,	16,	uso_300ms_2.wav,	5,	237.12462799999994,	6.0,	nan,	90,	2
22,	2,	5,	3,	17,	uso_300ms_54.wav,	9,	422.90537699999993,	12.2,	nan,	90,	2
22,	2,	5,	3,	18,	uso_300ms_3.wav,	5,	280.46701099999996,	7.45,	nan,	90,	2
22,	2,	5,	3,	19,	uso_300ms_10.wav,	9,	425.9179109999999,	12.3,	nan,	90,	2
22,	2,	5,	3,	20,	uso_300ms_97.wav,	5,	265.2740569999999,	6.94,	nan,	90,	2
22,	2,	5,	3,	21,	uso_300ms_89.wav,	9,	453.31324399999994,	13.21,	nan,	90,	2
22,	2,	5,	3,	22,	uso_300ms_65.wav,	5,	261.77057799999994,	6.83,	nan,	90,	2
22,	2,	5,	3,	23,	uso_300ms_9.wav,	9,	426.7012809999998,	12.32,	nan,	90,	2
22,	2,	5,	3,	24,	uso_300ms_26.wav,	5,	277.7113979999998,	7.36,	nan,	90,	2
22,	2,	5,	3,	25,	uso_300ms_31.wav,	9,	455.17142899999976,	13.27,	nan,	90,	2
22,	2,	5,	3,	26,	uso_300ms_50.wav,	5,	263.8477579999997,	6.89,	nan,	90,	2
22,	2,	5,	3,	27,	uso_300ms_16.wav,	9,	437.4800069999998,	12.68,	nan,	90,	2
22,	2,	5,	3,	28,	uso_300ms_87.wav,	5,	269.2246889999997,	7.07,	nan,	90,	2
22,	2,	5,	3,	29,	uso_300ms_38.wav,	9,	428.31398299999967,	12.38,	nan,	90,	2
22,	2,	5,	3,	30,	uso_300ms_19.wav,	6,	284.4928859999996,	7.58,	nan,	90,	2
22,	2,	5,	3,	31,	uso_300ms_28.wav,	9,	421.5822229999997,	12.15,	nan,	90,	2
22,	2,	5,	3,	32,	uso_300ms_60.wav,	6,	293.8031939999996,	7.89,	nan,	90,	2
22,	2,	5,	3,	33,	uso_300ms_44.wav,	9,	410.63500699999963,	11.79,	nan,	90,	2
22,	2,	5,	3,	34,	uso_300ms_9.wav,	5,	281.1621249999996,	7.47,	nan,	90,	2
22,	2,	5,	3,	35,	uso_300ms_85.wav,	8,	351.7023149999996,	9.82,	nan,	90,	2
22,	2,	5,	3,	36,	uso_300ms_59.wav,	9,	398.79149699999965,	11.39,	nan,	90,	2
22,	2,	5,	3,	37,	uso_300ms_13.wav,	9,	388.40470799999963,	11.05,	nan,	90,	2
22,	2,	5,	3,	38,	uso_300ms_70.wav,	5,	247.77978299999958,	6.36,	nan,	90,	2
22,	2,	5,	3,	39,	uso_300ms_37.wav,	8,	344.80335999999943,	9.59,	nan,	90,	2
22,	2,	5,	3,	40,	uso_300ms_66.wav,	9,	399.88092099999943,	11.43,	nan,	90,	2
22,	2,	5,	3,	41,	uso_300ms_52.wav,	6,	310.5981189999995,	8.45,	nan,	90,	2
22,	2,	5,	3,	42,	uso_300ms_3.wav,	5,	247.64865199999952,	6.35,	nan,	90,	2
22,	2,	5,	3,	43,	uso_300ms_34.wav,	9,	398.73954999999944,	11.39,	nan,	90,	2
22,	2,	5,	3,	44,	uso_300ms_49.wav,	5,	253.6125749999994,	6.55,	nan,	90,	2
22,	2,	5,	3,	45,	uso_300ms_76.wav,	9,	423.4713689999992,	12.22,	nan,	90,	2
22,	2,	5,	3,	46,	uso_300ms_10.wav,	9,	423.4713689999992,	12.22,	nan,	90,	2
22,	2,	5,	3,	47,	uso_300ms_63.wav,	9,	423.4713689999992,	12.22,	nan,	90,	2
22,	2,	5,	3,	48,	uso_300ms_77.wav,	5,	276.43231599999916,	7.31,	nan,	90,	2
22,	2,	5,	3,	49,	uso_300ms_85.wav,	5,	276.43231599999916,	7.31,	nan,	90,	2
22,	2,	5,	3,	50,	uso_300ms_85.wav,	5,	276.43231599999916,	7.31,	nan,	90,	2
22,	2,	5,	3,	51,	uso_300ms_33.wav,	5,	276.43231599999916,	7.31,	nan,	90,	2
22,	2,	5,	3,	52,	uso_300ms_55.wav,	9,	405.34127099999915,	11.61,	nan,	90,	2
22,	2,	5,	3,	53,	uso_300ms_88.wav,	9,	405.34127099999915,	11.61,	nan,	90,	2
22,	2,	5,	3,	54,	uso_300ms_23.wav,	9,	405.34127099999915,	11.61,	nan,	90,	2
22,	2,	5,	3,	55,	uso_300ms_31.wav,	9,	405.34127099999915,	11.61,	nan,	90,	2
22,	2,	5,	3,	56,	uso_300ms_41.wav,	5,	265.2547789999991,	6.94,	nan,	90,	2
22,	2,	5,	3,	57,	uso_300ms_33.wav,	5,	265.2547789999991,	6.94,	nan,	90,	2
22,	2,	5,	3,	58,	uso_300ms_93.wav,	5,	265.2547789999991,	6.94,	nan,	90,	2
22,	2,	5,	3,	59,	uso_300ms_81.wav,	7,	312.2531779999991,	8.51,	nan,	90,	2
22,	2,	5,	3,	60,	uso_300ms_62.wav,	7,	312.2531779999991,	8.51,	nan,	90,	2
22,	2,	5,	3,	61,	uso_300ms_75.wav,	7,	312.2531779999991,	8.51,	nan,	90,	2
22,	2,	5,	3,	62,	uso_300ms_89.wav,	7,	312.2531779999991,	8.51,	nan,	90,	2
22,	2,	5,	3,	63,	uso_300ms_16.wav,	9,	377.12545399999914,	10.67,	nan,	90,	2
22,	2,	5,	3,	64,	uso_300ms_42.wav,	9,	377.12545399999914,	10.67,	nan,	90,	2
22,	2,	5,	3,	65,	uso_300ms_20.wav,	9,	377.12545399999914,	10.67,	nan,	90,	2
22,	2,	5,	3,	66,	uso_300ms_76.wav,	9,	377.12545399999914,	10.67,	nan,	90,	2
22,	2,	5,	3,	67,	uso_300ms_64.wav,	9,	377.12545399999914,	10.67,	nan,	90,	2
22,	2,	5,	3,	68,	uso_300ms_71.wav,	5,	271.6336969999991,	7.15,	nan,	90,	2
22,	2,	5,	3,	69,	uso_300ms_82.wav,	5,	271.6336969999991,	7.15,	nan,	90,	2
22,	2,	5,	3,	70,	uso_300ms_29.wav,	5,	271.6336969999991,	7.15,	nan,	90,	2
22,	2,	5,	3,	71,	uso_300ms_47.wav,	8,	345.3124279999991,	9.61,	nan,	90,	2
22,	2,	5,	3,	72,	uso_300ms_91.wav,	7,	321.9042109999991,	8.83,	nan,	90,	2
22,	2,	5,	3,	73,	uso_300ms_58.wav,	7,	321.9042109999991,	8.83,	nan,	90,	2
22,	2,	5,	3,	74,	uso_300ms_9.wav,	7,	321.9042109999991,	8.83,	nan,	90,	2
22,	2,	5,	3,	75,	uso_300ms_92.wav,	9,	412.696849999999,	11.86,	nan,	90,	2
22,	2,	5,	3,	76,	uso_300ms_49.wav,	9,	412.696849999999,	11.86,	nan,	90,	2
22,	2,	5,	3,	77,	uso_300ms_17.wav,	9,	412.696849999999,	11.86,	nan,	90,	2
22,	2,	5,	3,	78,	uso_300ms_97.wav,	7,	324.899482999999,	8.93,	nan,	90,	2
22,	2,	5,	3,	79,	uso_300ms_42.wav,	7,	324.899482999999,	8.93,	nan,	90,	2
22,	2,	5,	3,	80,	uso_300ms_15.wav,	7,	324.899482999999,	8.93,	nan,	90,	2
22,	2,	5,	3,	81,	uso_300ms_87.wav,	5,	250.310450999999,	6.44,	nan,	90,	2
22,	2,	5,	3,	82,	uso_300ms_40.wav,	5,	250.310450999999,	6.44,	nan,	90,	2
22,	2,	5,	3,	83,	uso_300ms_76.wav,	5,	250.310450999999,	6.44,	nan,	90,	2
22,	2,	5,	3,	84,	uso_300ms_83.wav,	5,	250.310450999999,	6.44,	nan,	90,	2
22,	2,	5,	3,	85,	uso_300ms_34.wav,	7,	332.81578299999904,	9.19,	nan,	90,	2
22,	2,	5,	3,	86,	uso_300ms_69.wav,	7,	332.81578299999904,	9.19,	nan,	90,	2
22,	2,	5,	3,	87,	uso_300ms_46.wav,	7,	332.81578299999904,	9.19,	nan,	90,	2
22,	2,	5,	3,	88,	uso_300ms_75.wav,	7,	332.81578299999904,	9.19,	nan,	90,	2
22,	2,	5,	3,	89,	uso_300ms_51.wav,	9,	389.34640399999887,	11.08,	nan,	90,	2
22,	2,	5,	3,	90,	uso_300ms_86.wav,	9,	389.50213999999795,	11.08,	nan,	90,	2
