sub_id,cond_id,block_id,task_id,event_id,stim_id,speaker_id,led_id,led_distance,response_time,n_reps,isi
22,	2,	6,	1,	1,	uso_300ms_2.wav,	5,	289,	7.73,	0.2004377841949463,	15,	0.3
22,	2,	6,	1,	2,	uso_300ms_57.wav,	8,	311,	8.47,	7.406561851501465,	15,	0.3
22,	2,	6,	1,	3,	uso_300ms_64.wav,	9,	384,	10.9,	2.4463627338409424,	15,	0.3
22,	2,	6,	1,	4,	uso_300ms_13.wav,	0,	112,	1.83,	3.0978291034698486,	15,	0.3
22,	2,	6,	1,	5,	uso_300ms_36.wav,	1,	181,	4.13,	1.9487040042877197,	15,	0.3
22,	2,	6,	1,	6,	uso_300ms_20.wav,	2,	207,	5.0,	1.3550052642822266,	15,	0.3
22,	2,	6,	1,	7,	uso_300ms_21.wav,	10,	392,	11.17,	2.063890218734741,	15,	0.3
22,	2,	6,	1,	8,	uso_300ms_66.wav,	4,	233,	5.87,	2.305114507675171,	15,	0.3
22,	2,	6,	1,	9,	uso_300ms_49.wav,	6,	326,	8.97,	1.746333122253418,	15,	0.3
22,	2,	6,	1,	10,	uso_300ms_73.wav,	3,	212,	5.17,	1.7841010093688965,	15,	0.3
22,	2,	6,	1,	11,	uso_300ms_41.wav,	7,	408,	11.7,	2.168390989303589,	15,	0.3
22,	2,	6,	1,	12,	uso_300ms_66.wav,	1,	136,	2.63,	2.4136054515838623,	15,	0.3
22,	2,	6,	1,	13,	uso_300ms_19.wav,	9,	399,	11.4,	2.447988986968994,	15,	0.3
22,	2,	6,	1,	14,	uso_300ms_61.wav,	0,	114,	1.9,	2.757673501968384,	15,	0.3
22,	2,	6,	1,	15,	uso_300ms_45.wav,	2,	189,	4.4,	1.3096661567687988,	15,	0.3
22,	2,	6,	1,	16,	uso_300ms_81.wav,	5,	287,	7.67,	1.9347102642059326,	15,	0.3
22,	2,	6,	1,	17,	uso_300ms_57.wav,	7,	359,	10.07,	2.2657968997955322,	15,	0.3
22,	2,	6,	1,	18,	uso_300ms_56.wav,	6,	414,	11.9,	2.4484384059906006,	15,	0.3
22,	2,	6,	1,	19,	uso_300ms_93.wav,	8,	378,	10.7,	2.700887441635132,	15,	0.3
22,	2,	6,	1,	20,	uso_300ms_97.wav,	10,	430,	12.43,	2.146573066711426,	15,	0.3
22,	2,	6,	1,	21,	uso_300ms_45.wav,	3,	228,	5.7,	2.171539068222046,	15,	0.3
22,	2,	6,	1,	22,	uso_300ms_64.wav,	4,	289,	7.73,	1.7424218654632568,	15,	0.3
22,	2,	6,	1,	23,	uso_300ms_64.wav,	2,	227,	5.67,	2.0616748332977295,	15,	0.3
22,	2,	6,	1,	24,	uso_300ms_70.wav,	4,	270,	7.1,	1.6025395393371582,	15,	0.3
22,	2,	6,	1,	25,	uso_300ms_54.wav,	0,	127,	2.33,	1.9157230854034424,	15,	0.3
22,	2,	6,	1,	26,	uso_300ms_2.wav,	7,	338,	9.37,	2.096543312072754,	15,	0.3
22,	2,	6,	1,	27,	uso_300ms_99.wav,	6,	255,	6.6,	1.3669922351837158,	15,	0.3
22,	2,	6,	1,	28,	uso_300ms_43.wav,	5,	309,	8.4,	2.2275798320770264,	15,	0.3
22,	2,	6,	1,	29,	uso_300ms_37.wav,	8,	270,	7.1,	3.9308838844299316,	15,	0.3
22,	2,	6,	1,	30,	uso_300ms_90.wav,	3,	182,	4.17,	1.3782649040222168,	15,	0.3
22,	2,	6,	1,	31,	uso_300ms_70.wav,	1,	137,	2.67,	1.7866432666778564,	15,	0.3
22,	2,	6,	1,	32,	uso_300ms_36.wav,	9,	310,	8.43,	2.849010705947876,	15,	0.3
22,	2,	6,	1,	33,	uso_300ms_33.wav,	10,	375,	10.6,	1.4879827499389648,	15,	0.3
22,	2,	6,	1,	34,	uso_300ms_18.wav,	2,	169,	3.73,	2.3196487426757812,	15,	0.3
22,	2,	6,	1,	35,	uso_300ms_13.wav,	5,	236,	5.97,	1.4329955577850342,	15,	0.3
22,	2,	6,	1,	36,	uso_300ms_52.wav,	8,	334,	9.23,	2.1810171604156494,	15,	0.3
22,	2,	6,	1,	37,	uso_300ms_5.wav,	1,	171,	3.8,	1.831151008605957,	15,	0.3
22,	2,	6,	1,	38,	uso_300ms_77.wav,	9,	414,	11.9,	2.352470874786377,	15,	0.3
22,	2,	6,	1,	39,	uso_300ms_80.wav,	10,	355,	9.93,	2.6758782863616943,	15,	0.3
22,	2,	6,	1,	40,	uso_300ms_59.wav,	7,	282,	7.5,	2.0242919921875,	15,	0.3
22,	2,	6,	1,	41,	uso_300ms_59.wav,	0,	138,	2.7,	1.84035062789917,	15,	0.3
22,	2,	6,	1,	42,	uso_300ms_21.wav,	3,	206,	4.97,	1.403853178024292,	15,	0.3
22,	2,	6,	1,	43,	uso_300ms_90.wav,	4,	233,	5.87,	2.5338282585144043,	15,	0.3
22,	2,	6,	1,	44,	uso_300ms_8.wav,	6,	274,	7.23,	1.3764042854309082,	15,	0.3
22,	2,	6,	1,	45,	uso_300ms_81.wav,	0,	126,	2.3,	2.12428879737854,	15,	0.3
22,	2,	6,	1,	46,	uso_300ms_41.wav,	10,	397,	11.33,	2.3361377716064453,	15,	0.3
22,	2,	6,	1,	47,	uso_300ms_97.wav,	1,	157,	3.33,	2.145371437072754,	15,	0.3
22,	2,	6,	1,	48,	uso_300ms_67.wav,	9,	400,	11.43,	2.203711748123169,	15,	0.3
22,	2,	6,	1,	49,	uso_300ms_99.wav,	7,	291,	7.8,	1.6960899829864502,	15,	0.3
22,	2,	6,	1,	50,	uso_300ms_65.wav,	2,	191,	4.47,	1.4412610530853271,	15,	0.3
22,	2,	6,	1,	51,	uso_300ms_22.wav,	3,	229,	5.73,	1.2714743614196777,	15,	0.3
22,	2,	6,	1,	52,	uso_300ms_96.wav,	4,	267,	7.0,	1.3391644954681396,	15,	0.3
22,	2,	6,	1,	53,	uso_300ms_100.wav,	8,	340,	9.43,	1.4119913578033447,	15,	0.3
22,	2,	6,	1,	54,	uso_300ms_35.wav,	5,	262,	6.83,	3.607583999633789,	15,	0.3
22,	2,	6,	1,	55,	uso_300ms_18.wav,	6,	319,	8.73,	2.298023223876953,	15,	0.3
22,	2,	6,	1,	56,	uso_300ms_14.wav,	9,	375,	10.6,	1.2259178161621094,	15,	0.3
22,	2,	6,	1,	57,	uso_300ms_55.wav,	3,	198,	4.7,	2.008056163787842,	15,	0.3
22,	2,	6,	1,	58,	uso_300ms_48.wav,	0,	128,	2.37,	1.2739481925964355,	15,	0.3
22,	2,	6,	1,	59,	uso_300ms_93.wav,	7,	235,	5.93,	2.1019949913024902,	15,	0.3
22,	2,	6,	1,	60,	uso_300ms_27.wav,	8,	364,	10.23,	2.0532095432281494,	15,	0.3
22,	2,	6,	1,	61,	uso_300ms_53.wav,	4,	271,	7.13,	1.652148723602295,	15,	0.3
22,	2,	6,	1,	62,	uso_300ms_43.wav,	6,	318,	8.7,	3.8681931495666504,	15,	0.3
22,	2,	6,	1,	63,	uso_300ms_10.wav,	1,	171,	3.8,	1.6789546012878418,	15,	0.3
22,	2,	6,	1,	64,	uso_300ms_1.wav,	5,	226,	5.63,	1.3394114971160889,	15,	0.3
22,	2,	6,	1,	65,	uso_300ms_64.wav,	2,	196,	4.63,	1.2085740566253662,	15,	0.3
22,	2,	6,	1,	66,	uso_300ms_51.wav,	10,	396,	11.3,	2.0168023109436035,	15,	0.3
22,	2,	6,	1,	67,	uso_300ms_50.wav,	6,	232,	5.83,	2.088214159011841,	15,	0.3
22,	2,	6,	1,	68,	uso_300ms_15.wav,	1,	167,	3.67,	1.5771691799163818,	15,	0.3
22,	2,	6,	1,	69,	uso_300ms_25.wav,	4,	246,	6.3,	1.4127347469329834,	15,	0.3
22,	2,	6,	1,	70,	uso_300ms_8.wav,	10,	332,	9.17,	1.219679832458496,	15,	0.3
22,	2,	6,	1,	71,	uso_300ms_59.wav,	3,	167,	3.67,	3.04343581199646,	15,	0.3
22,	2,	6,	1,	72,	uso_300ms_23.wav,	2,	216,	5.3,	2.2038586139678955,	15,	0.3
22,	2,	6,	1,	73,	uso_300ms_94.wav,	0,	135,	2.6,	1.890152931213379,	15,	0.3
22,	2,	6,	1,	74,	uso_300ms_62.wav,	9,	371,	10.47,	3.248089551925659,	15,	0.3
22,	2,	6,	1,	75,	uso_300ms_4.wav,	5,	238,	6.03,	1.8640997409820557,	15,	0.3
22,	2,	6,	1,	76,	uso_300ms_40.wav,	7,	321,	8.8,	3.0122997760772705,	15,	0.3
22,	2,	6,	1,	77,	uso_300ms_63.wav,	8,	389,	11.07,	2.16243839263916,	15,	0.3
22,	2,	6,	1,	78,	uso_300ms_40.wav,	9,	349,	9.73,	3.088001012802124,	15,	0.3
22,	2,	6,	1,	79,	uso_300ms_37.wav,	1,	159,	3.4,	3.1943819522857666,	15,	0.3
22,	2,	6,	1,	80,	uso_300ms_39.wav,	0,	132,	2.5,	1.6326799392700195,	15,	0.3
22,	2,	6,	1,	81,	uso_300ms_36.wav,	10,	349,	9.73,	2.3532629013061523,	15,	0.3
22,	2,	6,	1,	82,	uso_300ms_30.wav,	3,	200,	4.77,	1.7103779315948486,	15,	0.3
22,	2,	6,	1,	83,	uso_300ms_2.wav,	5,	240,	6.1,	1.164705753326416,	15,	0.3
22,	2,	6,	1,	84,	uso_300ms_79.wav,	4,	288,	7.7,	2.097560405731201,	15,	0.3
22,	2,	6,	1,	85,	uso_300ms_56.wav,	7,	379,	10.73,	1.5928690433502197,	15,	0.3
22,	2,	6,	1,	86,	uso_300ms_13.wav,	6,	276,	7.3,	1.683413028717041,	15,	0.3
22,	2,	6,	1,	87,	uso_300ms_79.wav,	2,	195,	4.6,	1.3564772605895996,	15,	0.3
22,	2,	6,	1,	88,	uso_300ms_22.wav,	8,	352,	9.83,	1.7973694801330566,	15,	0.3
22,	2,	6,	1,	89,	uso_300ms_86.wav,	2,	191,	4.47,	1.719144582748413,	15,	0.3
22,	2,	6,	1,	90,	uso_300ms_33.wav,	4,	256,	6.63,	1.2445611953735352,	15,	0.3
22,	2,	6,	1,	91,	uso_300ms_88.wav,	5,	300,	8.1,	1.167241096496582,	15,	0.3
22,	2,	6,	1,	92,	uso_300ms_65.wav,	1,	161,	3.47,	1.6950621604919434,	15,	0.3
22,	2,	6,	1,	93,	uso_300ms_65.wav,	6,	262,	6.83,	1.5197601318359375,	15,	0.3
22,	2,	6,	1,	94,	uso_300ms_84.wav,	3,	214,	5.23,	1.2548680305480957,	15,	0.3
22,	2,	6,	1,	95,	uso_300ms_39.wav,	0,	156,	3.3,	1.569624662399292,	15,	0.3
22,	2,	6,	1,	96,	uso_300ms_95.wav,	10,	351,	9.8,	2.211355686187744,	15,	0.3
22,	2,	6,	1,	97,	uso_300ms_55.wav,	9,	312,	8.5,	4.581847429275513,	15,	0.3
22,	2,	6,	1,	98,	uso_300ms_90.wav,	8,	369,	10.4,	1.9939913749694824,	15,	0.3
22,	2,	6,	1,	99,	uso_300ms_69.wav,	7,	404,	11.57,	1.8615093231201172,	15,	0.3
22,	2,	6,	1,	100,	uso_300ms_22.wav,	10,	369,	10.4,	2.2541980743408203,	15,	0.3
22,	2,	6,	1,	101,	uso_300ms_7.wav,	7,	324,	8.9,	1.4791502952575684,	15,	0.3
22,	2,	6,	1,	102,	uso_300ms_61.wav,	4,	234,	5.9,	1.830430030822754,	15,	0.3
22,	2,	6,	1,	103,	uso_300ms_37.wav,	9,	334,	9.23,	1.4867606163024902,	15,	0.3
22,	2,	6,	1,	104,	uso_300ms_94.wav,	1,	170,	3.77,	1.7887482643127441,	15,	0.3
22,	2,	6,	1,	105,	uso_300ms_52.wav,	6,	246,	6.3,	1.7487151622772217,	15,	0.3
22,	2,	6,	1,	106,	uso_300ms_26.wav,	3,	193,	4.53,	1.5021474361419678,	15,	0.3
22,	2,	6,	1,	107,	uso_300ms_86.wav,	8,	357,	10.0,	1.9396710395812988,	15,	0.3
22,	2,	6,	1,	108,	uso_300ms_69.wav,	5,	202,	4.83,	1.7896778583526611,	15,	0.3
22,	2,	6,	1,	109,	uso_300ms_48.wav,	0,	149,	3.07,	1.1520190238952637,	15,	0.3
22,	2,	6,	1,	110,	uso_300ms_86.wav,	2,	182,	4.17,	1.1218068599700928,	15,	0.3
22,	2,	6,	1,	111,	uso_300ms_71.wav,	0,	151,	3.13,	1.0573031902313232,	15,	0.3
22,	2,	6,	1,	112,	uso_300ms_2.wav,	1,	124,	2.23,	1.5094640254974365,	15,	0.3
22,	2,	6,	1,	113,	uso_300ms_87.wav,	2,	189,	4.4,	1.230262279510498,	15,	0.3
22,	2,	6,	1,	114,	uso_300ms_48.wav,	4,	251,	6.47,	1.2188897132873535,	15,	0.3
22,	2,	6,	1,	115,	uso_300ms_45.wav,	10,	325,	8.93,	1.3519024848937988,	15,	0.3
22,	2,	6,	1,	116,	uso_300ms_40.wav,	3,	220,	5.43,	1.4840164184570312,	15,	0.3
22,	2,	6,	1,	117,	uso_300ms_42.wav,	6,	277,	7.33,	1.4676618576049805,	15,	0.3
22,	2,	6,	1,	118,	uso_300ms_31.wav,	5,	240,	6.1,	1.5142314434051514,	15,	0.3
22,	2,	6,	1,	119,	uso_300ms_63.wav,	8,	331,	9.13,	1.3729946613311768,	15,	0.3
22,	2,	6,	1,	120,	uso_300ms_77.wav,	7,	301,	8.13,	2.4117743968963623,	15,	0.3
22,	2,	6,	1,	121,	uso_300ms_10.wav,	9,	400,	11.43,	1.3951654434204102,	15,	0.3
22,	2,	6,	1,	122,	uso_300ms_14.wav,	3,	193,	4.53,	2.4861552715301514,	15,	0.3
22,	2,	6,	1,	123,	uso_300ms_27.wav,	0,	132,	2.5,	1.131484031677246,	15,	0.3
22,	2,	6,	1,	124,	uso_300ms_81.wav,	9,	336,	9.3,	1.9548726081848145,	15,	0.3
22,	2,	6,	1,	125,	uso_300ms_75.wav,	6,	254,	6.57,	1.2707858085632324,	15,	0.3
22,	2,	6,	1,	126,	uso_300ms_66.wav,	8,	356,	9.97,	1.2709112167358398,	15,	0.3
22,	2,	6,	1,	127,	uso_300ms_38.wav,	5,	255,	6.6,	1.3547911643981934,	15,	0.3
22,	2,	6,	1,	128,	uso_300ms_28.wav,	1,	186,	4.3,	1.2810304164886475,	15,	0.3
22,	2,	6,	1,	129,	uso_300ms_64.wav,	10,	404,	11.57,	1.9298458099365234,	15,	0.3
22,	2,	6,	1,	130,	uso_300ms_31.wav,	7,	341,	9.47,	1.0067076683044434,	15,	0.3
22,	2,	6,	1,	131,	uso_300ms_41.wav,	2,	232,	5.83,	1.4316034317016602,	15,	0.3
22,	2,	6,	1,	132,	uso_300ms_50.wav,	4,	194,	4.57,	2.8143906593322754,	15,	0.3
22,	2,	6,	1,	133,	uso_300ms_76.wav,	0,	146,	2.97,	1.2628262042999268,	15,	0.3
22,	2,	6,	1,	134,	uso_300ms_59.wav,	7,	254,	6.57,	1.390580415725708,	15,	0.3
22,	2,	6,	1,	135,	uso_300ms_73.wav,	3,	213,	5.2,	1.0845425128936768,	15,	0.3
22,	2,	6,	1,	136,	uso_300ms_83.wav,	2,	178,	4.03,	0.8437495231628418,	15,	0.3
22,	2,	6,	1,	137,	uso_300ms_15.wav,	9,	261,	6.8,	1.2432575225830078,	15,	0.3
22,	2,	6,	1,	138,	uso_300ms_16.wav,	4,	216,	5.3,	1.1396965980529785,	15,	0.3
22,	2,	6,	1,	139,	uso_300ms_28.wav,	1,	178,	4.03,	0.9142327308654785,	15,	0.3
22,	2,	6,	1,	140,	uso_300ms_94.wav,	6,	254,	6.57,	1.3650460243225098,	15,	0.3
22,	2,	6,	1,	141,	uso_300ms_58.wav,	5,	229,	5.73,	1.5041968822479248,	15,	0.3
22,	2,	6,	1,	142,	uso_300ms_65.wav,	10,	325,	8.93,	1.4400856494903564,	15,	0.3
22,	2,	6,	1,	143,	uso_300ms_99.wav,	8,	361,	10.13,	1.167025089263916,	15,	0.3
22,	2,	6,	1,	144,	uso_300ms_22.wav,	6,	257,	6.67,	1.5584678649902344,	15,	0.3
22,	2,	6,	1,	145,	uso_300ms_67.wav,	9,	385,	10.93,	2.047738552093506,	15,	0.3
22,	2,	6,	1,	146,	uso_300ms_86.wav,	2,	205,	4.93,	1.8571090698242188,	15,	0.3
22,	2,	6,	1,	147,	uso_300ms_52.wav,	3,	246,	6.3,	1.2425944805145264,	15,	0.3
22,	2,	6,	1,	148,	uso_300ms_8.wav,	5,	287,	7.67,	1.4171009063720703,	15,	0.3
22,	2,	6,	1,	149,	uso_300ms_72.wav,	4,	222,	5.5,	1.2749340534210205,	15,	0.3
22,	2,	6,	1,	150,	uso_300ms_54.wav,	8,	339,	9.4,	1.5665085315704346,	15,	0.3
22,	2,	6,	1,	151,	uso_300ms_80.wav,	1,	176,	3.97,	1.6977205276489258,	15,	0.3
22,	2,	6,	1,	152,	uso_300ms_7.wav,	0,	127,	2.33,	1.2932164669036865,	15,	0.3
22,	2,	6,	1,	153,	uso_300ms_86.wav,	7,	259,	6.73,	1.4487121105194092,	15,	0.3
22,	2,	6,	1,	154,	uso_300ms_59.wav,	10,	334,	9.23,	1.5596916675567627,	15,	0.3
22,	2,	6,	1,	155,	uso_300ms_80.wav,	7,	387,	11.0,	1.0414402484893799,	15,	0.3
22,	2,	6,	1,	156,	uso_300ms_69.wav,	6,	288,	7.7,	1.6242005825042725,	15,	0.3
22,	2,	6,	1,	157,	uso_300ms_81.wav,	1,	189,	4.4,	1.448138952255249,	15,	0.3
22,	2,	6,	1,	158,	uso_300ms_4.wav,	0,	141,	2.8,	0.895925760269165,	15,	0.3
22,	2,	6,	1,	159,	uso_300ms_36.wav,	3,	198,	4.7,	1.309497594833374,	15,	0.3
22,	2,	6,	1,	160,	uso_300ms_39.wav,	8,	276,	7.3,	1.1701793670654297,	15,	0.3
22,	2,	6,	1,	161,	uso_300ms_9.wav,	2,	179,	4.07,	1.3119940757751465,	15,	0.3
22,	2,	6,	1,	162,	uso_300ms_93.wav,	9,	339,	9.4,	1.771467924118042,	15,	0.3
22,	2,	6,	1,	163,	uso_300ms_89.wav,	10,	275,	7.27,	2.050809383392334,	15,	0.3
22,	2,	6,	1,	164,	uso_300ms_56.wav,	4,	244,	6.23,	1.1216709613800049,	15,	0.3
22,	2,	6,	1,	165,	uso_300ms_81.wav,	5,	279,	7.4,	1.4065535068511963,	15,	0.3
