sub_id,cond_id,block_id,task_id,event_id,stim_id,speaker_id,led_id,led_distance,response_time,n_reps,isi
22,	2,	3,	3,	1,	uso_300ms_46.wav,	5,	118.963305,	2.07,	nan,	90,	2
22,	2,	3,	3,	2,	uso_300ms_72.wav,	5,	118.963305,	2.07,	nan,	90,	2
22,	2,	3,	3,	3,	uso_300ms_19.wav,	5,	118.963305,	2.07,	nan,	90,	2
22,	2,	3,	3,	4,	uso_300ms_95.wav,	5,	118.963305,	2.07,	nan,	90,	2
22,	2,	3,	3,	5,	uso_300ms_56.wav,	5,	118.963305,	2.07,	nan,	90,	2
22,	2,	3,	3,	6,	uso_300ms_19.wav,	5,	232.9758469999999,	5.87,	nan,	90,	2
22,	2,	3,	3,	7,	uso_300ms_57.wav,	6,	291.45778099999967,	7.82,	nan,	90,	2
22,	2,	3,	3,	8,	uso_300ms_85.wav,	6,	291.5379169999992,	7.82,	nan,	90,	2
22,	2,	3,	3,	9,	uso_300ms_68.wav,	7,	322.100700999999,	8.84,	nan,	90,	2
22,	2,	3,	3,	10,	uso_300ms_75.wav,	7,	322.2687009999988,	8.84,	nan,	90,	2
22,	2,	3,	3,	11,	uso_300ms_69.wav,	7,	322.2687009999988,	8.84,	nan,	90,	2
22,	2,	3,	3,	12,	uso_300ms_14.wav,	7,	322.2687009999988,	8.84,	nan,	90,	2
22,	2,	3,	3,	13,	uso_300ms_75.wav,	8,	367.7763099999982,	10.36,	nan,	90,	2
22,	2,	3,	3,	14,	uso_300ms_6.wav,	8,	367.9320459999973,	10.36,	nan,	90,	2
22,	2,	3,	3,	15,	uso_300ms_70.wav,	9,	399.98708999999707,	11.43,	nan,	90,	2
22,	2,	3,	3,	16,	uso_300ms_56.wav,	9,	400.2514799999991,	11.44,	nan,	90,	2
22,	2,	3,	3,	17,	uso_300ms_45.wav,	9,	400.3943009999998,	11.45,	nan,	90,	2
22,	2,	3,	3,	18,	uso_300ms_75.wav,	9,	400.5515489999989,	11.45,	nan,	90,	2
22,	2,	3,	3,	19,	uso_300ms_4.wav,	9,	438.0113629999989,	12.7,	nan,	90,	2
22,	2,	3,	3,	20,	uso_300ms_20.wav,	9,	438.0113629999989,	12.7,	nan,	90,	2
22,	2,	3,	3,	21,	uso_300ms_95.wav,	8,	370.5904779999989,	10.45,	nan,	90,	2
22,	2,	3,	3,	22,	uso_300ms_38.wav,	7,	337.82054499999884,	9.36,	nan,	90,	2
22,	2,	3,	3,	23,	uso_300ms_76.wav,	7,	337.82054499999884,	9.36,	nan,	90,	2
22,	2,	3,	3,	24,	uso_300ms_4.wav,	7,	317.63212499999884,	8.69,	nan,	90,	2
22,	2,	3,	3,	25,	uso_300ms_55.wav,	6,	293.43330699999876,	7.88,	nan,	90,	2
22,	2,	3,	3,	26,	uso_300ms_37.wav,	6,	293.43330699999876,	7.88,	nan,	90,	2
22,	2,	3,	3,	27,	uso_300ms_27.wav,	5,	269.0386219999988,	7.07,	nan,	90,	2
22,	2,	3,	3,	28,	uso_300ms_59.wav,	5,	269.0386219999988,	7.07,	nan,	90,	2
22,	2,	3,	3,	29,	uso_300ms_54.wav,	9,	372.9926329999987,	10.53,	nan,	90,	2
22,	2,	3,	3,	30,	uso_300ms_75.wav,	5,	248.02182199999874,	6.37,	nan,	90,	2
22,	2,	3,	3,	31,	uso_300ms_4.wav,	5,	248.02182199999874,	6.37,	nan,	90,	2
22,	2,	3,	3,	32,	uso_300ms_23.wav,	5,	224.4323189999987,	5.58,	nan,	90,	2
22,	2,	3,	3,	33,	uso_300ms_92.wav,	5,	191.0397289999987,	4.47,	nan,	90,	2
22,	2,	3,	3,	34,	uso_300ms_3.wav,	5,	148.85530699999867,	3.06,	nan,	90,	2
22,	2,	3,	3,	35,	uso_300ms_32.wav,	5,	134.30777399999866,	2.58,	nan,	90,	2
22,	2,	3,	3,	36,	uso_300ms_57.wav,	5,	262.8689409999987,	6.86,	nan,	90,	2
22,	2,	3,	3,	37,	uso_300ms_16.wav,	6,	284.5677999999989,	7.59,	nan,	90,	2
22,	2,	3,	3,	38,	uso_300ms_52.wav,	6,	284.5677999999989,	7.59,	nan,	90,	2
22,	2,	3,	3,	39,	uso_300ms_24.wav,	7,	315.44893699999886,	8.61,	nan,	90,	2
22,	2,	3,	3,	40,	uso_300ms_28.wav,	8,	342.3782589999989,	9.51,	nan,	90,	2
22,	2,	3,	3,	41,	uso_300ms_67.wav,	8,	342.53399499999796,	9.52,	nan,	90,	2
22,	2,	3,	3,	42,	uso_300ms_28.wav,	8,	366.0639349999973,	10.3,	nan,	90,	2
22,	2,	3,	3,	43,	uso_300ms_29.wav,	9,	393.20320099999725,	11.21,	nan,	90,	2
22,	2,	3,	3,	44,	uso_300ms_49.wav,	9,	393.20320099999725,	11.21,	nan,	90,	2
22,	2,	3,	3,	45,	uso_300ms_56.wav,	9,	393.20320099999725,	11.21,	nan,	90,	2
22,	2,	3,	3,	46,	uso_300ms_91.wav,	9,	393.20320099999725,	11.21,	nan,	90,	2
22,	2,	3,	3,	47,	uso_300ms_30.wav,	9,	393.20320099999725,	11.21,	nan,	90,	2
22,	2,	3,	3,	48,	uso_300ms_3.wav,	9,	393.20320099999725,	11.21,	nan,	90,	2
22,	2,	3,	3,	49,	uso_300ms_43.wav,	9,	393.20320099999725,	11.21,	nan,	90,	2
22,	2,	3,	3,	50,	uso_300ms_35.wav,	9,	393.20320099999725,	11.21,	nan,	90,	2
22,	2,	3,	3,	51,	uso_300ms_20.wav,	9,	393.20320099999725,	11.21,	nan,	90,	2
22,	2,	3,	3,	52,	uso_300ms_75.wav,	9,	393.20320099999725,	11.21,	nan,	90,	2
22,	2,	3,	3,	53,	uso_300ms_22.wav,	9,	391.2908079999972,	11.14,	nan,	90,	2
22,	2,	3,	3,	54,	uso_300ms_84.wav,	5,	271.102165999997,	7.14,	nan,	90,	2
22,	2,	3,	3,	55,	uso_300ms_70.wav,	5,	271.102165999997,	7.14,	nan,	90,	2
22,	2,	3,	3,	56,	uso_300ms_82.wav,	5,	271.102165999997,	7.14,	nan,	90,	2
22,	2,	3,	3,	57,	uso_300ms_82.wav,	5,	271.102165999997,	7.14,	nan,	90,	2
22,	2,	3,	3,	58,	uso_300ms_22.wav,	5,	271.102165999997,	7.14,	nan,	90,	2
22,	2,	3,	3,	59,	uso_300ms_66.wav,	6,	297.74575499999673,	8.02,	nan,	90,	2
22,	2,	3,	3,	60,	uso_300ms_45.wav,	7,	329.6591399999971,	9.09,	nan,	90,	2
22,	2,	3,	3,	61,	uso_300ms_18.wav,	8,	362.3074619999979,	10.18,	nan,	90,	2
22,	2,	3,	3,	62,	uso_300ms_73.wav,	9,	402.1673029999993,	11.51,	nan,	90,	2
22,	2,	3,	3,	63,	uso_300ms_84.wav,	9,	456.8973839999994,	13.33,	nan,	90,	2
22,	2,	3,	3,	64,	uso_300ms_50.wav,	9,	386.27545499999917,	10.98,	nan,	90,	2
22,	2,	3,	3,	65,	uso_300ms_15.wav,	9,	375.7249639999992,	10.62,	nan,	90,	2
22,	2,	3,	3,	66,	uso_300ms_36.wav,	8,	360.2529759999992,	10.11,	nan,	90,	2
22,	2,	3,	3,	67,	uso_300ms_51.wav,	8,	360.2529759999992,	10.11,	nan,	90,	2
22,	2,	3,	3,	68,	uso_300ms_49.wav,	7,	341.35060999999905,	9.48,	nan,	90,	2
22,	2,	3,	3,	69,	uso_300ms_19.wav,	6,	305.05586199999897,	8.27,	nan,	90,	2
22,	2,	3,	3,	70,	uso_300ms_52.wav,	5,	258.052492999999,	6.7,	nan,	90,	2
22,	2,	3,	3,	71,	uso_300ms_35.wav,	5,	258.052492999999,	6.7,	nan,	90,	2
22,	2,	3,	3,	72,	uso_300ms_27.wav,	5,	258.052492999999,	6.7,	nan,	90,	2
22,	2,	3,	3,	73,	uso_300ms_39.wav,	5,	258.052492999999,	6.7,	nan,	90,	2
22,	2,	3,	3,	74,	uso_300ms_58.wav,	5,	237.43001699999903,	6.01,	nan,	90,	2
22,	2,	3,	3,	75,	uso_300ms_57.wav,	5,	222.15897099999896,	5.51,	nan,	90,	2
22,	2,	3,	3,	76,	uso_300ms_34.wav,	8,	345.647748999999,	9.62,	nan,	90,	2
22,	2,	3,	3,	77,	uso_300ms_20.wav,	8,	345.647748999999,	9.62,	nan,	90,	2
22,	2,	3,	3,	78,	uso_300ms_94.wav,	9,	385.564513999999,	10.95,	nan,	90,	2
22,	2,	3,	3,	79,	uso_300ms_55.wav,	9,	385.564513999999,	10.95,	nan,	90,	2
22,	2,	3,	3,	80,	uso_300ms_17.wav,	9,	385.564513999999,	10.95,	nan,	90,	2
22,	2,	3,	3,	81,	uso_300ms_26.wav,	9,	385.564513999999,	10.95,	nan,	90,	2
22,	2,	3,	3,	82,	uso_300ms_69.wav,	9,	385.564513999999,	10.95,	nan,	90,	2
22,	2,	3,	3,	83,	uso_300ms_34.wav,	8,	350.6102939999989,	9.79,	nan,	90,	2
22,	2,	3,	3,	84,	uso_300ms_19.wav,	7,	326.41800699999885,	8.98,	nan,	90,	2
22,	2,	3,	3,	85,	uso_300ms_31.wav,	7,	326.41800699999885,	8.98,	nan,	90,	2
22,	2,	3,	3,	86,	uso_300ms_16.wav,	6,	296.60460099999875,	7.99,	nan,	90,	2
22,	2,	3,	3,	87,	uso_300ms_42.wav,	6,	296.5853929999986,	7.99,	nan,	90,	2
22,	2,	3,	3,	88,	uso_300ms_4.wav,	5,	282.0850049999983,	7.5,	nan,	90,	2
22,	2,	3,	3,	89,	uso_300ms_91.wav,	5,	276.5018469999983,	7.32,	nan,	90,	2
22,	2,	3,	3,	90,	uso_300ms_48.wav,	9,	425.5279339999983,	12.28,	nan,	90,	2
