sub_id,cond_id,block_id,task_id,event_id,stim_id,speaker_id,led_id,led_distance,response_time,n_reps,isi
22,	2,	2,	3,	1,	uso_300ms_55.wav,	6,	101,	1.47,	0.20024633407592773,	15,	0.3
22,	2,	2,	3,	2,	uso_300ms_26.wav,	9,	325,	8.93,	4.2007832527160645,	15,	0.3
22,	2,	2,	3,	3,	uso_300ms_66.wav,	8,	215,	5.27,	3.17446231842041,	15,	0.3
22,	2,	2,	3,	4,	uso_300ms_70.wav,	7,	248,	6.37,	2.210148334503174,	15,	0.3
22,	2,	2,	3,	5,	uso_300ms_17.wav,	5,	160,	3.43,	2.0455050468444824,	15,	0.3
22,	2,	2,	3,	6,	uso_300ms_64.wav,	8,	327,	9.0,	2.5047290325164795,	15,	0.3
22,	2,	2,	3,	7,	uso_300ms_77.wav,	9,	249,	6.4,	1.820847988128662,	15,	0.3
22,	2,	2,	3,	8,	uso_300ms_79.wav,	7,	190,	4.43,	1.6960210800170898,	15,	0.3
22,	2,	2,	3,	9,	uso_300ms_24.wav,	5,	160,	3.43,	1.978330373764038,	15,	0.3
22,	2,	2,	3,	10,	uso_300ms_96.wav,	6,	200,	4.77,	2.7042055130004883,	15,	0.3
22,	2,	2,	3,	11,	uso_300ms_89.wav,	5,	231,	5.8,	2.0762696266174316,	15,	0.3
22,	2,	2,	3,	12,	uso_300ms_61.wav,	8,	388,	11.03,	2.091737985610962,	15,	0.3
22,	2,	2,	3,	13,	uso_300ms_3.wav,	6,	337,	9.33,	2.2423439025878906,	15,	0.3
22,	2,	2,	3,	14,	uso_300ms_78.wav,	9,	249,	6.4,	2.7765166759490967,	15,	0.3
22,	2,	2,	3,	15,	uso_300ms_40.wav,	7,	209,	5.07,	1.5581250190734863,	15,	0.3
22,	2,	2,	3,	16,	uso_300ms_20.wav,	6,	167,	3.67,	1.5875964164733887,	15,	0.3
22,	2,	2,	3,	17,	uso_300ms_84.wav,	7,	126,	2.3,	1.7110700607299805,	15,	0.3
22,	2,	2,	3,	18,	uso_300ms_67.wav,	5,	138,	2.7,	3.918945789337158,	15,	0.3
22,	2,	2,	3,	19,	uso_300ms_42.wav,	9,	320,	8.77,	4.451058387756348,	15,	0.3
22,	2,	2,	3,	20,	uso_300ms_44.wav,	8,	261,	6.8,	2.502779006958008,	15,	0.3
22,	2,	2,	3,	21,	uso_300ms_69.wav,	9,	347,	9.67,	2.010348081588745,	15,	0.3
22,	2,	2,	3,	22,	uso_300ms_38.wav,	5,	250,	6.43,	2.265733480453491,	15,	0.3
22,	2,	2,	3,	23,	uso_300ms_80.wav,	6,	379,	10.73,	2.2576239109039307,	15,	0.3
22,	2,	2,	3,	24,	uso_300ms_58.wav,	7,	317,	8.67,	2.8296008110046387,	15,	0.3
22,	2,	2,	3,	25,	uso_300ms_87.wav,	8,	419,	12.07,	2.5291149616241455,	15,	0.3
22,	2,	2,	3,	26,	uso_300ms_71.wav,	5,	383,	10.87,	2.810129165649414,	15,	0.3
22,	2,	2,	3,	27,	uso_300ms_81.wav,	7,	169,	3.73,	2.728649616241455,	15,	0.3
22,	2,	2,	3,	28,	uso_300ms_91.wav,	9,	310,	8.43,	2.2704885005950928,	15,	0.3
22,	2,	2,	3,	29,	uso_300ms_5.wav,	6,	229,	5.73,	2.264453887939453,	15,	0.3
22,	2,	2,	3,	30,	uso_300ms_9.wav,	8,	265,	6.93,	2.7240121364593506,	15,	0.3
22,	2,	2,	3,	31,	uso_300ms_4.wav,	6,	348,	9.7,	2.5251848697662354,	15,	0.3
22,	2,	2,	3,	32,	uso_300ms_26.wav,	8,	412,	11.83,	1.8841862678527832,	15,	0.3
22,	2,	2,	3,	33,	uso_300ms_17.wav,	7,	231,	5.8,	2.524400472640991,	15,	0.3
22,	2,	2,	3,	34,	uso_300ms_3.wav,	9,	402,	11.5,	3.3494696617126465,	15,	0.3
22,	2,	2,	3,	35,	uso_300ms_44.wav,	5,	225,	5.6,	2.9781527519226074,	15,	0.3
22,	2,	2,	3,	36,	uso_300ms_3.wav,	9,	410,	11.77,	3.7316582202911377,	15,	0.3
22,	2,	2,	3,	37,	uso_300ms_8.wav,	8,	226,	5.63,	2.995183229446411,	15,	0.3
22,	2,	2,	3,	38,	uso_300ms_75.wav,	7,	186,	4.3,	1.45294189453125,	15,	0.3
22,	2,	2,	3,	39,	uso_300ms_80.wav,	6,	319,	8.73,	2.9485342502593994,	15,	0.3
22,	2,	2,	3,	40,	uso_300ms_14.wav,	5,	224,	5.57,	2.4640896320343018,	15,	0.3
22,	2,	2,	3,	41,	uso_300ms_36.wav,	8,	338,	9.37,	2.77699613571167,	15,	0.3
22,	2,	2,	3,	42,	uso_300ms_44.wav,	6,	272,	7.17,	3.7258269786834717,	15,	0.3
22,	2,	2,	3,	43,	uso_300ms_18.wav,	7,	238,	6.03,	2.1974008083343506,	15,	0.3
22,	2,	2,	3,	44,	uso_300ms_22.wav,	5,	346,	9.63,	2.6539454460144043,	15,	0.3
22,	2,	2,	3,	45,	uso_300ms_30.wav,	9,	266,	6.97,	2.507136106491089,	15,	0.3
22,	2,	2,	3,	46,	uso_300ms_91.wav,	7,	395,	11.27,	2.1372334957122803,	15,	0.3
22,	2,	2,	3,	47,	uso_300ms_23.wav,	6,	210,	5.1,	2.962916612625122,	15,	0.3
22,	2,	2,	3,	48,	uso_300ms_88.wav,	5,	174,	3.9,	3.202378988265991,	15,	0.3
22,	2,	2,	3,	49,	uso_300ms_76.wav,	9,	385,	10.93,	2.9265503883361816,	15,	0.3
22,	2,	2,	3,	50,	uso_300ms_77.wav,	8,	235,	5.93,	2.2014667987823486,	15,	0.3
22,	2,	2,	3,	51,	uso_300ms_5.wav,	7,	179,	4.07,	1.6878077983856201,	15,	0.3
22,	2,	2,	3,	52,	uso_300ms_63.wav,	8,	402,	11.5,	2.402096748352051,	15,	0.3
22,	2,	2,	3,	53,	uso_300ms_76.wav,	9,	434,	12.57,	2.4232444763183594,	15,	0.3
22,	2,	2,	3,	54,	uso_300ms_95.wav,	6,	375,	10.6,	2.6825716495513916,	15,	0.3
22,	2,	2,	3,	55,	uso_300ms_6.wav,	5,	346,	9.63,	1.738577127456665,	15,	0.3
22,	2,	2,	3,	56,	uso_300ms_90.wav,	9,	275,	7.27,	2.83428692817688,	15,	0.3
22,	2,	2,	3,	57,	uso_300ms_22.wav,	8,	371,	10.47,	2.152296781539917,	15,	0.3
22,	2,	2,	3,	58,	uso_300ms_49.wav,	5,	320,	8.77,	3.1197426319122314,	15,	0.3
22,	2,	2,	3,	59,	uso_300ms_52.wav,	6,	263,	6.87,	2.5110082626342773,	15,	0.3
22,	2,	2,	3,	60,	uso_300ms_51.wav,	7,	386,	10.97,	2.3977320194244385,	15,	0.3
22,	2,	2,	3,	61,	uso_300ms_23.wav,	6,	337,	9.33,	3.834716558456421,	15,	0.3
22,	2,	2,	3,	62,	uso_300ms_91.wav,	5,	367,	10.33,	4.0801239013671875,	15,	0.3
22,	2,	2,	3,	63,	uso_300ms_72.wav,	9,	422,	12.17,	1.6340968608856201,	15,	0.3
22,	2,	2,	3,	64,	uso_300ms_65.wav,	8,	451,	13.13,	1.4650895595550537,	15,	0.3
22,	2,	2,	3,	65,	uso_300ms_76.wav,	7,	425,	12.27,	3.330268621444702,	15,	0.3
22,	2,	2,	3,	66,	uso_300ms_36.wav,	6,	335,	9.27,	3.0740857124328613,	15,	0.3
22,	2,	2,	3,	67,	uso_300ms_8.wav,	5,	251,	6.47,	3.227473258972168,	15,	0.3
22,	2,	2,	3,	68,	uso_300ms_39.wav,	9,	382,	10.83,	2.710106611251831,	15,	0.3
22,	2,	2,	3,	69,	uso_300ms_3.wav,	7,	419,	12.07,	2.977337121963501,	15,	0.3
22,	2,	2,	3,	70,	uso_300ms_97.wav,	8,	203,	4.87,	2.450075387954712,	15,	0.3
22,	2,	2,	3,	71,	uso_300ms_91.wav,	7,	351,	9.8,	2.6661558151245117,	15,	0.3
22,	2,	2,	3,	72,	uso_300ms_1.wav,	5,	214,	5.23,	2.6310510635375977,	15,	0.3
22,	2,	2,	3,	73,	uso_300ms_47.wav,	8,	279,	7.4,	2.3081984519958496,	15,	0.3
22,	2,	2,	3,	74,	uso_300ms_70.wav,	9,	215,	5.27,	2.2203543186187744,	15,	0.3
22,	2,	2,	3,	75,	uso_300ms_26.wav,	6,	389,	11.07,	4.5509843826293945,	15,	0.3
