sub_id,cond_id,block_id,task_id,event_id,stim_id,speaker_id,led_id,led_distance,response_time,n_reps,isi
22,	2,	4,	3,	1,	uso_300ms_54.wav,	7,	90,	1.1,	0.2004237174987793,	15,	0.3
22,	2,	4,	3,	2,	uso_300ms_16.wav,	9,	256,	6.63,	3.9176459312438965,	15,	0.3
22,	2,	4,	3,	3,	uso_300ms_91.wav,	8,	284,	7.57,	2.9689390659332275,	15,	0.3
22,	2,	4,	3,	4,	uso_300ms_63.wav,	6,	224,	5.57,	3.0495805740356445,	15,	0.3
22,	2,	4,	3,	5,	uso_300ms_84.wav,	5,	197,	4.67,	2.305800437927246,	15,	0.3
22,	2,	4,	3,	6,	uso_300ms_32.wav,	8,	311,	8.47,	5.234029769897461,	15,	0.3
22,	2,	4,	3,	7,	uso_300ms_80.wav,	7,	267,	7.0,	3.0617451667785645,	15,	0.3
22,	2,	4,	3,	8,	uso_300ms_23.wav,	9,	310,	8.43,	1.7225074768066406,	15,	0.3
22,	2,	4,	3,	9,	uso_300ms_85.wav,	5,	262,	6.83,	1.801483392715454,	15,	0.3
22,	2,	4,	3,	10,	uso_300ms_45.wav,	6,	219,	5.4,	2.1007325649261475,	15,	0.3
22,	2,	4,	3,	11,	uso_300ms_81.wav,	8,	269,	7.07,	3.6770122051239014,	15,	0.3
22,	2,	4,	3,	12,	uso_300ms_15.wav,	5,	313,	8.53,	1.676870346069336,	15,	0.3
22,	2,	4,	3,	13,	uso_300ms_1.wav,	9,	400,	11.43,	1.707834243774414,	15,	0.3
22,	2,	4,	3,	14,	uso_300ms_71.wav,	7,	434,	12.57,	2.074944496154785,	15,	0.3
22,	2,	4,	3,	15,	uso_300ms_49.wav,	6,	278,	7.37,	3.364821195602417,	15,	0.3
22,	2,	4,	3,	16,	uso_300ms_57.wav,	9,	351,	9.8,	1.6497409343719482,	15,	0.3
22,	2,	4,	3,	17,	uso_300ms_96.wav,	6,	282,	7.5,	2.6779510974884033,	15,	0.3
22,	2,	4,	3,	18,	uso_300ms_21.wav,	7,	342,	9.5,	1.9621672630310059,	15,	0.3
22,	2,	4,	3,	19,	uso_300ms_6.wav,	5,	283,	7.53,	2.1025092601776123,	15,	0.3
22,	2,	4,	3,	20,	uso_300ms_54.wav,	8,	360,	10.1,	3.266944646835327,	15,	0.3
22,	2,	4,	3,	21,	uso_300ms_23.wav,	6,	286,	7.63,	2.138457775115967,	15,	0.3
22,	2,	4,	3,	22,	uso_300ms_11.wav,	7,	342,	9.5,	2.3456790447235107,	15,	0.3
22,	2,	4,	3,	23,	uso_300ms_37.wav,	9,	415,	11.93,	1.3085222244262695,	15,	0.3
22,	2,	4,	3,	24,	uso_300ms_10.wav,	5,	301,	8.13,	1.9569079875946045,	15,	0.3
22,	2,	4,	3,	25,	uso_300ms_77.wav,	8,	345,	9.6,	1.4242444038391113,	15,	0.3
22,	2,	4,	3,	26,	uso_300ms_25.wav,	5,	286,	7.63,	2.3948757648468018,	15,	0.3
22,	2,	4,	3,	27,	uso_300ms_63.wav,	8,	378,	10.7,	1.807081699371338,	15,	0.3
22,	2,	4,	3,	28,	uso_300ms_77.wav,	7,	335,	9.27,	1.2127056121826172,	15,	0.3
22,	2,	4,	3,	29,	uso_300ms_80.wav,	6,	393,	11.2,	3.235722303390503,	15,	0.3
22,	2,	4,	3,	30,	uso_300ms_18.wav,	9,	421,	12.13,	1.2983710765838623,	15,	0.3
22,	2,	4,	3,	31,	uso_300ms_40.wav,	8,	341,	9.47,	1.8883986473083496,	15,	0.3
22,	2,	4,	3,	32,	uso_300ms_44.wav,	6,	274,	7.23,	2.3552584648132324,	15,	0.3
22,	2,	4,	3,	33,	uso_300ms_72.wav,	7,	306,	8.3,	2.3855247497558594,	15,	0.3
22,	2,	4,	3,	34,	uso_300ms_30.wav,	5,	261,	6.8,	1.833345651626587,	15,	0.3
22,	2,	4,	3,	35,	uso_300ms_73.wav,	9,	356,	9.97,	2.7815072536468506,	15,	0.3
22,	2,	4,	3,	36,	uso_300ms_6.wav,	5,	314,	8.57,	3.0049655437469482,	15,	0.3
22,	2,	4,	3,	37,	uso_300ms_17.wav,	6,	278,	7.37,	1.4311304092407227,	15,	0.3
22,	2,	4,	3,	38,	uso_300ms_19.wav,	8,	430,	12.43,	2.6043570041656494,	15,	0.3
22,	2,	4,	3,	39,	uso_300ms_98.wav,	7,	328,	9.03,	1.8945231437683105,	15,	0.3
22,	2,	4,	3,	40,	uso_300ms_50.wav,	9,	381,	10.8,	2.3749754428863525,	15,	0.3
22,	2,	4,	3,	41,	uso_300ms_83.wav,	6,	318,	8.7,	1.8564469814300537,	15,	0.3
22,	2,	4,	3,	42,	uso_300ms_75.wav,	5,	278,	7.37,	1.2097954750061035,	15,	0.3
22,	2,	4,	3,	43,	uso_300ms_43.wav,	7,	375,	10.6,	1.9374237060546875,	15,	0.3
22,	2,	4,	3,	44,	uso_300ms_10.wav,	8,	396,	11.3,	2.8392086029052734,	15,	0.3
22,	2,	4,	3,	45,	uso_300ms_84.wav,	9,	365,	10.27,	2.4878954887390137,	15,	0.3
22,	2,	4,	3,	46,	uso_300ms_14.wav,	7,	341,	9.47,	1.7817246913909912,	15,	0.3
22,	2,	4,	3,	47,	uso_300ms_75.wav,	5,	301,	8.13,	2.201942205429077,	15,	0.3
22,	2,	4,	3,	48,	uso_300ms_29.wav,	8,	389,	11.07,	4.254973411560059,	15,	0.3
22,	2,	4,	3,	49,	uso_300ms_36.wav,	6,	335,	9.27,	1.5263338088989258,	15,	0.3
22,	2,	4,	3,	50,	uso_300ms_25.wav,	9,	414,	11.9,	1.7015635967254639,	15,	0.3
22,	2,	4,	3,	51,	uso_300ms_53.wav,	7,	384,	10.9,	1.7604598999023438,	15,	0.3
22,	2,	4,	3,	52,	uso_300ms_63.wav,	9,	429,	12.4,	1.9761314392089844,	15,	0.3
22,	2,	4,	3,	53,	uso_300ms_79.wav,	6,	307,	8.33,	2.072868585586548,	15,	0.3
22,	2,	4,	3,	54,	uso_300ms_35.wav,	5,	337,	9.33,	1.3809735774993896,	15,	0.3
22,	2,	4,	3,	55,	uso_300ms_97.wav,	8,	374,	10.57,	1.91520094871521,	15,	0.3
22,	2,	4,	3,	56,	uso_300ms_61.wav,	6,	399,	11.4,	2.614196538925171,	15,	0.3
22,	2,	4,	3,	57,	uso_300ms_4.wav,	8,	437,	12.67,	1.3476626873016357,	15,	0.3
22,	2,	4,	3,	58,	uso_300ms_26.wav,	9,	418,	12.03,	1.406301736831665,	15,	0.3
22,	2,	4,	3,	59,	uso_300ms_18.wav,	7,	392,	11.17,	1.4644269943237305,	15,	0.3
22,	2,	4,	3,	60,	uso_300ms_15.wav,	5,	308,	8.37,	1.770735502243042,	15,	0.3
22,	2,	4,	3,	61,	uso_300ms_56.wav,	8,	329,	9.07,	2.158297061920166,	15,	0.3
22,	2,	4,	3,	62,	uso_300ms_76.wav,	6,	346,	9.63,	2.09494686126709,	15,	0.3
22,	2,	4,	3,	63,	uso_300ms_97.wav,	7,	314,	8.57,	2.301438093185425,	15,	0.3
22,	2,	4,	3,	64,	uso_300ms_18.wav,	5,	284,	7.57,	1.285437822341919,	15,	0.3
22,	2,	4,	3,	65,	uso_300ms_5.wav,	9,	321,	8.8,	2.2170660495758057,	15,	0.3
22,	2,	4,	3,	66,	uso_300ms_65.wav,	6,	384,	10.9,	2.5085339546203613,	15,	0.3
22,	2,	4,	3,	67,	uso_300ms_47.wav,	7,	358,	10.03,	2.435756206512451,	15,	0.3
22,	2,	4,	3,	68,	uso_300ms_39.wav,	9,	386,	10.97,	3.0910611152648926,	15,	0.3
22,	2,	4,	3,	69,	uso_300ms_12.wav,	8,	326,	8.97,	2.182217836380005,	15,	0.3
22,	2,	4,	3,	70,	uso_300ms_38.wav,	5,	291,	7.8,	1.632338285446167,	15,	0.3
22,	2,	4,	3,	71,	uso_300ms_11.wav,	6,	308,	8.37,	2.5601401329040527,	15,	0.3
22,	2,	4,	3,	72,	uso_300ms_24.wav,	8,	334,	9.23,	2.479271173477173,	15,	0.3
22,	2,	4,	3,	73,	uso_300ms_74.wav,	9,	404,	11.57,	2.3751108646392822,	15,	0.3
22,	2,	4,	3,	74,	uso_300ms_98.wav,	7,	315,	8.6,	3.037324905395508,	15,	0.3
22,	2,	4,	3,	75,	uso_300ms_45.wav,	5,	276,	7.3,	1.207352876663208,	15,	0.3
