sub_id,cond_id,block_id,task_id,event_id,stim_id,speaker_id,led_id,led_distance,response_time,n_reps,isi
22,	2,	1,	3,	1,	uso_300ms_51.wav,	8,	278,	7.37,	10.638476133346558,	15,	0.3
22,	2,	1,	3,	2,	uso_300ms_93.wav,	6,	182,	4.17,	5.94739842414856,	15,	0.3
22,	2,	1,	3,	3,	uso_300ms_41.wav,	9,	331,	9.13,	5.355820417404175,	15,	0.3
22,	2,	1,	3,	4,	uso_300ms_96.wav,	5,	139,	2.73,	4.677024602890015,	15,	0.3
22,	2,	1,	3,	5,	uso_300ms_46.wav,	7,	177,	4.0,	5.5400238037109375,	15,	0.3
22,	2,	1,	3,	6,	uso_300ms_88.wav,	6,	210,	5.1,	2.502228021621704,	15,	0.3
22,	2,	1,	3,	7,	uso_300ms_15.wav,	5,	238,	6.03,	6.288529872894287,	15,	0.3
22,	2,	1,	3,	8,	uso_300ms_64.wav,	9,	412,	11.83,	2.9050495624542236,	15,	0.3
22,	2,	1,	3,	9,	uso_300ms_88.wav,	7,	288,	7.7,	3.4516565799713135,	15,	0.3
22,	2,	1,	3,	10,	uso_300ms_99.wav,	8,	346,	9.63,	3.5650792121887207,	15,	0.3
22,	2,	1,	3,	11,	uso_300ms_85.wav,	7,	250,	6.43,	7.733715534210205,	15,	0.3
22,	2,	1,	3,	12,	uso_300ms_74.wav,	5,	403,	11.53,	3.6078555583953857,	15,	0.3
22,	2,	1,	3,	13,	uso_300ms_57.wav,	8,	244,	6.23,	7.039923667907715,	15,	0.3
22,	2,	1,	3,	14,	uso_300ms_84.wav,	6,	178,	4.03,	2.4350624084472656,	15,	0.3
22,	2,	1,	3,	15,	uso_300ms_84.wav,	9,	201,	4.8,	2.612760066986084,	15,	0.3
22,	2,	1,	3,	16,	uso_300ms_21.wav,	6,	282,	7.5,	7.359933853149414,	15,	0.3
22,	2,	1,	3,	17,	uso_300ms_13.wav,	9,	422,	12.17,	4.13028621673584,	15,	0.3
22,	2,	1,	3,	18,	uso_300ms_10.wav,	8,	317,	8.67,	3.2469193935394287,	15,	0.3
22,	2,	1,	3,	19,	uso_300ms_52.wav,	7,	265,	6.93,	1.8734021186828613,	15,	0.3
22,	2,	1,	3,	20,	uso_300ms_94.wav,	5,	162,	3.5,	3.7140543460845947,	15,	0.3
22,	2,	1,	3,	21,	uso_300ms_80.wav,	8,	334,	9.23,	4.474423885345459,	15,	0.3
22,	2,	1,	3,	22,	uso_300ms_92.wav,	9,	421,	12.13,	2.3253183364868164,	15,	0.3
22,	2,	1,	3,	23,	uso_300ms_34.wav,	5,	262,	6.83,	2.4989702701568604,	15,	0.3
22,	2,	1,	3,	24,	uso_300ms_72.wav,	6,	200,	4.77,	1.9681651592254639,	15,	0.3
22,	2,	1,	3,	25,	uso_300ms_3.wav,	7,	336,	9.3,	2.2500457763671875,	15,	0.3
22,	2,	1,	3,	26,	uso_300ms_27.wav,	6,	265,	6.93,	2.8565526008605957,	15,	0.3
22,	2,	1,	3,	27,	uso_300ms_41.wav,	8,	416,	11.97,	4.011663913726807,	15,	0.3
22,	2,	1,	3,	28,	uso_300ms_25.wav,	7,	320,	8.77,	3.250772476196289,	15,	0.3
22,	2,	1,	3,	29,	uso_300ms_74.wav,	9,	270,	7.1,	8.475526571273804,	15,	0.3
22,	2,	1,	3,	30,	uso_300ms_8.wav,	5,	208,	5.03,	2.29439115524292,	15,	0.3
22,	2,	1,	3,	31,	uso_300ms_47.wav,	8,	352,	9.83,	2.6749205589294434,	15,	0.3
22,	2,	1,	3,	32,	uso_300ms_27.wav,	6,	288,	7.7,	8.372029066085815,	15,	0.3
22,	2,	1,	3,	33,	uso_300ms_9.wav,	9,	244,	6.23,	2.2145321369171143,	15,	0.3
22,	2,	1,	3,	34,	uso_300ms_19.wav,	7,	346,	9.63,	2.285076141357422,	15,	0.3
22,	2,	1,	3,	35,	uso_300ms_100.wav,	5,	318,	8.7,	3.533243179321289,	15,	0.3
22,	2,	1,	3,	36,	uso_300ms_99.wav,	8,	211,	5.13,	3.3582050800323486,	15,	0.3
22,	2,	1,	3,	37,	uso_300ms_28.wav,	7,	331,	9.13,	2.761542320251465,	15,	0.3
22,	2,	1,	3,	38,	uso_300ms_85.wav,	6,	197,	4.67,	2.3392183780670166,	15,	0.3
22,	2,	1,	3,	39,	uso_300ms_25.wav,	5,	220,	5.43,	2.419903039932251,	15,	0.3
22,	2,	1,	3,	40,	uso_300ms_55.wav,	9,	255,	6.6,	2.921329975128174,	15,	0.3
22,	2,	1,	3,	41,	uso_300ms_71.wav,	6,	330,	9.1,	2.006232261657715,	15,	0.3
22,	2,	1,	3,	42,	uso_300ms_52.wav,	5,	282,	7.5,	4.478880405426025,	15,	0.3
22,	2,	1,	3,	43,	uso_300ms_36.wav,	8,	322,	8.83,	3.1078786849975586,	15,	0.3
22,	2,	1,	3,	44,	uso_300ms_66.wav,	7,	360,	10.1,	2.2075743675231934,	15,	0.3
22,	2,	1,	3,	45,	uso_300ms_99.wav,	9,	242,	6.17,	2.9972870349884033,	15,	0.3
22,	2,	1,	3,	46,	uso_300ms_32.wav,	7,	355,	9.93,	3.9039273262023926,	15,	0.3
22,	2,	1,	3,	47,	uso_300ms_16.wav,	6,	215,	5.27,	4.549378395080566,	15,	0.3
22,	2,	1,	3,	48,	uso_300ms_81.wav,	8,	162,	3.5,	1.9324777126312256,	15,	0.3
22,	2,	1,	3,	49,	uso_300ms_29.wav,	5,	139,	2.73,	2.664567708969116,	15,	0.3
22,	2,	1,	3,	50,	uso_300ms_48.wav,	9,	166,	3.63,	1.760643482208252,	15,	0.3
22,	2,	1,	3,	51,	uso_300ms_21.wav,	5,	224,	5.57,	2.5703651905059814,	15,	0.3
22,	2,	1,	3,	52,	uso_300ms_75.wav,	8,	266,	6.97,	1.963636875152588,	15,	0.3
22,	2,	1,	3,	53,	uso_300ms_24.wav,	6,	208,	5.03,	2.395066499710083,	15,	0.3
22,	2,	1,	3,	54,	uso_300ms_96.wav,	7,	219,	5.4,	3.158557415008545,	15,	0.3
22,	2,	1,	3,	55,	uso_300ms_90.wav,	9,	164,	3.57,	2.228052854537964,	15,	0.3
22,	2,	1,	3,	56,	uso_300ms_77.wav,	5,	170,	3.77,	1.9712932109832764,	15,	0.3
22,	2,	1,	3,	57,	uso_300ms_45.wav,	7,	267,	7.0,	4.161817312240601,	15,	0.3
22,	2,	1,	3,	58,	uso_300ms_5.wav,	9,	225,	5.6,	3.506122350692749,	15,	0.3
22,	2,	1,	3,	59,	uso_300ms_36.wav,	6,	272,	7.17,	1.804128646850586,	15,	0.3
22,	2,	1,	3,	60,	uso_300ms_42.wav,	8,	333,	9.2,	2.798050880432129,	15,	0.3
22,	2,	1,	3,	61,	uso_300ms_60.wav,	9,	403,	11.53,	2.100314140319824,	15,	0.3
22,	2,	1,	3,	62,	uso_300ms_73.wav,	5,	340,	9.43,	1.9885106086730957,	15,	0.3
22,	2,	1,	3,	63,	uso_300ms_61.wav,	6,	386,	10.97,	2.238009214401245,	15,	0.3
22,	2,	1,	3,	64,	uso_300ms_87.wav,	8,	326,	8.97,	2.1253294944763184,	15,	0.3
22,	2,	1,	3,	65,	uso_300ms_50.wav,	7,	389,	11.07,	3.400012493133545,	15,	0.3
22,	2,	1,	3,	66,	uso_300ms_37.wav,	9,	257,	6.67,	1.956057071685791,	15,	0.3
22,	2,	1,	3,	67,	uso_300ms_2.wav,	5,	358,	10.03,	2.3607633113861084,	15,	0.3
22,	2,	1,	3,	68,	uso_300ms_13.wav,	7,	409,	11.73,	2.0002987384796143,	15,	0.3
22,	2,	1,	3,	69,	uso_300ms_70.wav,	6,	260,	6.77,	4.9002580642700195,	15,	0.3
22,	2,	1,	3,	70,	uso_300ms_85.wav,	8,	276,	7.3,	4.465089559555054,	15,	0.3
22,	2,	1,	3,	71,	uso_300ms_81.wav,	6,	328,	9.03,	3.8998219966888428,	15,	0.3
22,	2,	1,	3,	72,	uso_300ms_1.wav,	9,	369,	10.4,	3.1150805950164795,	15,	0.3
22,	2,	1,	3,	73,	uso_300ms_17.wav,	5,	321,	8.8,	2.974609375,	15,	0.3
22,	2,	1,	3,	74,	uso_300ms_70.wav,	8,	267,	7.0,	4.53756308555603,	15,	0.3
22,	2,	1,	3,	75,	uso_300ms_55.wav,	7,	176,	3.97,	2.7334516048431396,	15,	0.3
