sub_id,cond_id,block_id,task_id,event_id,stim_id,speaker_id,led_id,led_distance,response_time,n_reps,isi
08,	2,	6,	1,	1,	uso_300ms_41.wav,	0,	274,	7.23,	3.4204657077789307,	15,	0.3
08,	2,	6,	1,	2,	uso_300ms_21.wav,	5,	332,	9.17,	1.5596730709075928,	15,	0.3
08,	2,	6,	1,	3,	uso_300ms_15.wav,	1,	287,	7.67,	1.4519646167755127,	15,	0.3
08,	2,	6,	1,	4,	uso_300ms_36.wav,	10,	342,	9.5,	1.904358148574829,	15,	0.3
08,	2,	6,	1,	5,	uso_300ms_21.wav,	6,	324,	8.9,	1.6850862503051758,	15,	0.3
08,	2,	6,	1,	6,	uso_300ms_80.wav,	9,	373,	10.53,	1.200965404510498,	15,	0.3
08,	2,	6,	1,	7,	uso_300ms_27.wav,	4,	270,	7.1,	1.68155837059021,	15,	0.3
08,	2,	6,	1,	8,	uso_300ms_59.wav,	8,	315,	8.6,	1.1611607074737549,	15,	0.3
08,	2,	6,	1,	9,	uso_300ms_40.wav,	7,	349,	9.73,	1.0516188144683838,	15,	0.3
08,	2,	6,	1,	10,	uso_300ms_76.wav,	3,	319,	8.73,	1.0809476375579834,	15,	0.3
08,	2,	6,	1,	11,	uso_300ms_16.wav,	2,	277,	7.33,	1.332392692565918,	15,	0.3
08,	2,	6,	1,	12,	uso_300ms_18.wav,	5,	296,	7.97,	1.323598861694336,	15,	0.3
08,	2,	6,	1,	13,	uso_300ms_98.wav,	3,	318,	8.7,	1.4069132804870605,	15,	0.3
08,	2,	6,	1,	14,	uso_300ms_79.wav,	10,	351,	9.8,	1.183063268661499,	15,	0.3
08,	2,	6,	1,	15,	uso_300ms_18.wav,	0,	287,	7.67,	1.3078351020812988,	15,	0.3
08,	2,	6,	1,	16,	uso_300ms_73.wav,	9,	385,	10.93,	1.2896759510040283,	15,	0.3
08,	2,	6,	1,	17,	uso_300ms_91.wav,	1,	294,	7.9,	1.5906507968902588,	15,	0.3
08,	2,	6,	1,	18,	uso_300ms_45.wav,	4,	278,	7.37,	1.5385046005249023,	15,	0.3
08,	2,	6,	1,	19,	uso_300ms_20.wav,	6,	389,	11.07,	1.3383092880249023,	15,	0.3
08,	2,	6,	1,	20,	uso_300ms_59.wav,	8,	338,	9.37,	1.7811870574951172,	15,	0.3
08,	2,	6,	1,	21,	uso_300ms_69.wav,	2,	303,	8.2,	1.1681106090545654,	15,	0.3
08,	2,	6,	1,	22,	uso_300ms_25.wav,	7,	342,	9.5,	1.1021552085876465,	15,	0.3
08,	2,	6,	1,	23,	uso_300ms_71.wav,	0,	287,	7.67,	1.2178657054901123,	15,	0.3
08,	2,	6,	1,	24,	uso_300ms_64.wav,	4,	344,	9.57,	1.1981735229492188,	15,	0.3
08,	2,	6,	1,	25,	uso_300ms_47.wav,	2,	296,	7.97,	1.477717399597168,	15,	0.3
08,	2,	6,	1,	26,	uso_300ms_8.wav,	7,	319,	8.73,	1.8021440505981445,	15,	0.3
08,	2,	6,	1,	27,	uso_300ms_24.wav,	3,	290,	7.77,	1.7906339168548584,	15,	0.3
08,	2,	6,	1,	28,	uso_300ms_40.wav,	6,	365,	10.27,	1.6033811569213867,	15,	0.3
08,	2,	6,	1,	29,	uso_300ms_8.wav,	5,	336,	9.3,	1.5507385730743408,	15,	0.3
08,	2,	6,	1,	30,	uso_300ms_95.wav,	1,	300,	8.1,	1.335341453552246,	15,	0.3
08,	2,	6,	1,	31,	uso_300ms_60.wav,	10,	372,	10.5,	1.7620999813079834,	15,	0.3
08,	2,	6,	1,	32,	uso_300ms_81.wav,	8,	416,	11.97,	1.5090773105621338,	15,	0.3
08,	2,	6,	1,	33,	uso_300ms_68.wav,	9,	379,	10.73,	1.5104990005493164,	15,	0.3
08,	2,	6,	1,	34,	uso_300ms_88.wav,	7,	354,	9.9,	1.0234596729278564,	15,	0.3
08,	2,	6,	1,	35,	uso_300ms_53.wav,	1,	312,	8.5,	0.974104642868042,	15,	0.3
08,	2,	6,	1,	36,	uso_300ms_62.wav,	6,	343,	9.53,	1.9346027374267578,	15,	0.3
08,	2,	6,	1,	37,	uso_300ms_39.wav,	4,	355,	9.93,	1.3993821144104004,	15,	0.3
08,	2,	6,	1,	38,	uso_300ms_33.wav,	3,	313,	8.53,	1.0564343929290771,	15,	0.3
08,	2,	6,	1,	39,	uso_300ms_56.wav,	9,	381,	10.8,	1.0311486721038818,	15,	0.3
08,	2,	6,	1,	40,	uso_300ms_5.wav,	8,	412,	11.83,	1.0979945659637451,	15,	0.3
08,	2,	6,	1,	41,	uso_300ms_43.wav,	2,	328,	9.03,	1.0546033382415771,	15,	0.3
08,	2,	6,	1,	42,	uso_300ms_37.wav,	10,	374,	10.57,	1.011625051498413,	15,	0.3
08,	2,	6,	1,	43,	uso_300ms_25.wav,	0,	290,	7.77,	1.3371100425720215,	15,	0.3
08,	2,	6,	1,	44,	uso_300ms_100.wav,	5,	369,	10.4,	1.500457763671875,	15,	0.3
08,	2,	6,	1,	45,	uso_300ms_55.wav,	1,	293,	7.87,	1.6402573585510254,	15,	0.3
08,	2,	6,	1,	46,	uso_300ms_29.wav,	9,	365,	10.27,	1.839073896408081,	15,	0.3
08,	2,	6,	1,	47,	uso_300ms_33.wav,	7,	391,	11.13,	1.6437263488769531,	15,	0.3
08,	2,	6,	1,	48,	uso_300ms_24.wav,	8,	382,	10.83,	1.5968267917633057,	15,	0.3
08,	2,	6,	1,	49,	uso_300ms_42.wav,	10,	412,	11.83,	1.2499594688415527,	15,	0.3
08,	2,	6,	1,	50,	uso_300ms_51.wav,	4,	381,	10.8,	1.4034576416015625,	15,	0.3
08,	2,	6,	1,	51,	uso_300ms_6.wav,	5,	350,	9.77,	1.367448329925537,	15,	0.3
08,	2,	6,	1,	52,	uso_300ms_33.wav,	3,	380,	10.77,	1.5903189182281494,	15,	0.3
08,	2,	6,	1,	53,	uso_300ms_56.wav,	0,	282,	7.5,	1.520158290863037,	15,	0.3
08,	2,	6,	1,	54,	uso_300ms_52.wav,	2,	283,	7.53,	1.6129751205444336,	15,	0.3
08,	2,	6,	1,	55,	uso_300ms_7.wav,	6,	338,	9.37,	1.0109944343566895,	15,	0.3
08,	2,	6,	1,	56,	uso_300ms_76.wav,	8,	408,	11.7,	1.4492299556732178,	15,	0.3
08,	2,	6,	1,	57,	uso_300ms_57.wav,	7,	362,	10.17,	1.5986740589141846,	15,	0.3
08,	2,	6,	1,	58,	uso_300ms_38.wav,	2,	334,	9.23,	0.9802749156951904,	15,	0.3
08,	2,	6,	1,	59,	uso_300ms_40.wav,	9,	427,	12.33,	1.495783805847168,	15,	0.3
08,	2,	6,	1,	60,	uso_300ms_75.wav,	1,	312,	8.5,	1.379312515258789,	15,	0.3
08,	2,	6,	1,	61,	uso_300ms_71.wav,	0,	276,	7.3,	1.0689761638641357,	15,	0.3
08,	2,	6,	1,	62,	uso_300ms_91.wav,	10,	398,	11.37,	1.467106819152832,	15,	0.3
08,	2,	6,	1,	63,	uso_300ms_21.wav,	6,	314,	8.57,	1.993678092956543,	15,	0.3
08,	2,	6,	1,	64,	uso_300ms_97.wav,	4,	269,	7.07,	1.1039111614227295,	15,	0.3
08,	2,	6,	1,	65,	uso_300ms_24.wav,	5,	329,	9.07,	1.142535924911499,	15,	0.3
08,	2,	6,	1,	66,	uso_300ms_17.wav,	3,	359,	10.07,	1.2162652015686035,	15,	0.3
08,	2,	6,	1,	67,	uso_300ms_38.wav,	7,	373,	10.53,	1.3631641864776611,	15,	0.3
08,	2,	6,	1,	68,	uso_300ms_70.wav,	5,	408,	11.7,	1.5678999423980713,	15,	0.3
08,	2,	6,	1,	69,	uso_300ms_3.wav,	1,	310,	8.43,	1.3643486499786377,	15,	0.3
08,	2,	6,	1,	70,	uso_300ms_54.wav,	10,	401,	11.47,	1.3439207077026367,	15,	0.3
08,	2,	6,	1,	71,	uso_300ms_89.wav,	2,	365,	10.27,	1.4725401401519775,	15,	0.3
08,	2,	6,	1,	72,	uso_300ms_17.wav,	9,	395,	11.27,	1.718543291091919,	15,	0.3
08,	2,	6,	1,	73,	uso_300ms_51.wav,	6,	400,	11.43,	1.1802341938018799,	15,	0.3
08,	2,	6,	1,	74,	uso_300ms_4.wav,	3,	358,	10.03,	1.0667781829833984,	15,	0.3
08,	2,	6,	1,	75,	uso_300ms_88.wav,	4,	328,	9.03,	1.134951114654541,	15,	0.3
08,	2,	6,	1,	76,	uso_300ms_67.wav,	0,	286,	7.63,	0.933518648147583,	15,	0.3
08,	2,	6,	1,	77,	uso_300ms_20.wav,	8,	341,	9.47,	1.0374374389648438,	15,	0.3
08,	2,	6,	1,	78,	uso_300ms_61.wav,	0,	286,	7.63,	0.9509315490722656,	15,	0.3
08,	2,	6,	1,	79,	uso_300ms_77.wav,	9,	329,	9.07,	1.1075263023376465,	15,	0.3
08,	2,	6,	1,	80,	uso_300ms_88.wav,	10,	361,	10.13,	0.8844599723815918,	15,	0.3
08,	2,	6,	1,	81,	uso_300ms_76.wav,	4,	359,	10.07,	1.3052480220794678,	15,	0.3
08,	2,	6,	1,	82,	uso_300ms_76.wav,	3,	359,	10.07,	0.7841682434082031,	15,	0.3
08,	2,	6,	1,	83,	uso_300ms_58.wav,	1,	322,	8.83,	0.9535231590270996,	15,	0.3
08,	2,	6,	1,	84,	uso_300ms_5.wav,	2,	353,	9.87,	1.0061008930206299,	15,	0.3
08,	2,	6,	1,	85,	uso_300ms_66.wav,	5,	382,	10.83,	1.0633254051208496,	15,	0.3
08,	2,	6,	1,	86,	uso_300ms_8.wav,	8,	382,	10.83,	1.1136393547058105,	15,	0.3
08,	2,	6,	1,	87,	uso_300ms_37.wav,	7,	347,	9.67,	1.716198205947876,	15,	0.3
08,	2,	6,	1,	88,	uso_300ms_8.wav,	6,	325,	8.93,	1.2392842769622803,	15,	0.3
08,	2,	6,	1,	89,	uso_300ms_22.wav,	10,	364,	10.23,	1.1183640956878662,	15,	0.3
08,	2,	6,	1,	90,	uso_300ms_62.wav,	7,	353,	9.87,	1.8237760066986084,	15,	0.3
08,	2,	6,	1,	91,	uso_300ms_28.wav,	9,	383,	10.87,	0.9226458072662354,	15,	0.3
08,	2,	6,	1,	92,	uso_300ms_49.wav,	1,	325,	8.93,	0.9458932876586914,	15,	0.3
08,	2,	6,	1,	93,	uso_300ms_58.wav,	3,	343,	9.53,	1.6467483043670654,	15,	0.3
08,	2,	6,	1,	94,	uso_300ms_36.wav,	6,	363,	10.2,	1.191370964050293,	15,	0.3
08,	2,	6,	1,	95,	uso_300ms_42.wav,	5,	367,	10.33,	1.1905999183654785,	15,	0.3
08,	2,	6,	1,	96,	uso_300ms_17.wav,	0,	280,	7.43,	1.1655035018920898,	15,	0.3
08,	2,	6,	1,	97,	uso_300ms_44.wav,	8,	385,	10.93,	1.6787693500518799,	15,	0.3
08,	2,	6,	1,	98,	uso_300ms_35.wav,	4,	364,	10.23,	1.2338199615478516,	15,	0.3
08,	2,	6,	1,	99,	uso_300ms_30.wav,	2,	315,	8.6,	0.9994430541992188,	15,	0.3
08,	2,	6,	1,	100,	uso_300ms_95.wav,	0,	283,	7.53,	1.1060802936553955,	15,	0.3
08,	2,	6,	1,	101,	uso_300ms_67.wav,	7,	344,	9.57,	0.9918906688690186,	15,	0.3
08,	2,	6,	1,	102,	uso_300ms_2.wav,	4,	314,	8.57,	1.41530179977417,	15,	0.3
08,	2,	6,	1,	103,	uso_300ms_4.wav,	10,	366,	10.3,	1.2392446994781494,	15,	0.3
08,	2,	6,	1,	104,	uso_300ms_29.wav,	1,	318,	8.7,	1.3534300327301025,	15,	0.3
08,	2,	6,	1,	105,	uso_300ms_42.wav,	2,	342,	9.5,	0.9311816692352295,	15,	0.3
08,	2,	6,	1,	106,	uso_300ms_26.wav,	3,	300,	8.1,	1.0724732875823975,	15,	0.3
08,	2,	6,	1,	107,	uso_300ms_80.wav,	8,	368,	10.37,	1.1042234897613525,	15,	0.3
08,	2,	6,	1,	108,	uso_300ms_84.wav,	9,	403,	11.53,	1.2411820888519287,	15,	0.3
08,	2,	6,	1,	109,	uso_300ms_88.wav,	6,	381,	10.8,	0.8960256576538086,	15,	0.3
08,	2,	6,	1,	110,	uso_300ms_43.wav,	5,	376,	10.63,	1.3683600425720215,	15,	0.3
08,	2,	6,	1,	111,	uso_300ms_86.wav,	7,	355,	9.93,	1.2775111198425293,	15,	0.3
08,	2,	6,	1,	112,	uso_300ms_95.wav,	8,	355,	9.93,	1.1659152507781982,	15,	0.3
08,	2,	6,	1,	113,	uso_300ms_91.wav,	6,	388,	11.03,	0.9514613151550293,	15,	0.3
08,	2,	6,	1,	114,	uso_300ms_88.wav,	5,	403,	11.53,	2.0495574474334717,	15,	0.3
08,	2,	6,	1,	115,	uso_300ms_24.wav,	0,	295,	7.93,	1.1689198017120361,	15,	0.3
08,	2,	6,	1,	116,	uso_300ms_9.wav,	2,	321,	8.8,	1.38173246383667,	15,	0.3
08,	2,	6,	1,	117,	uso_300ms_44.wav,	10,	374,	10.57,	1.245558261871338,	15,	0.3
08,	2,	6,	1,	118,	uso_300ms_85.wav,	9,	346,	9.63,	2.049245595932007,	15,	0.3
08,	2,	6,	1,	119,	uso_300ms_43.wav,	4,	327,	9.0,	1.4008691310882568,	15,	0.3
08,	2,	6,	1,	120,	uso_300ms_66.wav,	3,	337,	9.33,	1.4596760272979736,	15,	0.3
08,	2,	6,	1,	121,	uso_300ms_43.wav,	1,	289,	7.73,	1.323411464691162,	15,	0.3
08,	2,	6,	1,	122,	uso_300ms_31.wav,	8,	363,	10.2,	1.0557661056518555,	15,	0.3
08,	2,	6,	1,	123,	uso_300ms_41.wav,	10,	416,	11.97,	1.1767206192016602,	15,	0.3
08,	2,	6,	1,	124,	uso_300ms_81.wav,	5,	374,	10.57,	0.9147312641143799,	15,	0.3
08,	2,	6,	1,	125,	uso_300ms_1.wav,	1,	318,	8.7,	0.9323675632476807,	15,	0.3
08,	2,	6,	1,	126,	uso_300ms_67.wav,	0,	272,	7.17,	1.0628702640533447,	15,	0.3
08,	2,	6,	1,	127,	uso_300ms_43.wav,	2,	269,	7.07,	1.1197426319122314,	15,	0.3
08,	2,	6,	1,	128,	uso_300ms_80.wav,	4,	321,	8.8,	1.1162569522857666,	15,	0.3
08,	2,	6,	1,	129,	uso_300ms_98.wav,	6,	374,	10.57,	0.9904813766479492,	15,	0.3
08,	2,	6,	1,	130,	uso_300ms_50.wav,	9,	410,	11.77,	1.437067985534668,	15,	0.3
08,	2,	6,	1,	131,	uso_300ms_1.wav,	7,	400,	11.43,	1.056079626083374,	15,	0.3
08,	2,	6,	1,	132,	uso_300ms_3.wav,	3,	363,	10.2,	1.1472697257995605,	15,	0.3
08,	2,	6,	1,	133,	uso_300ms_45.wav,	1,	324,	8.9,	1.0176103115081787,	15,	0.3
08,	2,	6,	1,	134,	uso_300ms_52.wav,	2,	348,	9.7,	0.9833879470825195,	15,	0.3
08,	2,	6,	1,	135,	uso_300ms_17.wav,	10,	378,	10.7,	1.3593556880950928,	15,	0.3
08,	2,	6,	1,	136,	uso_300ms_61.wav,	7,	337,	9.33,	1.5879666805267334,	15,	0.3
08,	2,	6,	1,	137,	uso_300ms_90.wav,	8,	387,	11.0,	1.1824276447296143,	15,	0.3
08,	2,	6,	1,	138,	uso_300ms_47.wav,	9,	401,	11.47,	1.0616376399993896,	15,	0.3
08,	2,	6,	1,	139,	uso_300ms_88.wav,	0,	272,	7.17,	1.0414564609527588,	15,	0.3
08,	2,	6,	1,	140,	uso_300ms_60.wav,	5,	329,	9.07,	0.9896209239959717,	15,	0.3
08,	2,	6,	1,	141,	uso_300ms_77.wav,	6,	358,	10.03,	1.2558355331420898,	15,	0.3
08,	2,	6,	1,	142,	uso_300ms_34.wav,	3,	313,	8.53,	0.9912881851196289,	15,	0.3
08,	2,	6,	1,	143,	uso_300ms_32.wav,	4,	362,	10.17,	2.3093247413635254,	15,	0.3
08,	2,	6,	1,	144,	uso_300ms_52.wav,	9,	400,	11.43,	1.1982500553131104,	15,	0.3
08,	2,	6,	1,	145,	uso_300ms_61.wav,	6,	382,	10.83,	1.3998939990997314,	15,	0.3
08,	2,	6,	1,	146,	uso_300ms_6.wav,	0,	267,	7.0,	1.2343268394470215,	15,	0.3
08,	2,	6,	1,	147,	uso_300ms_76.wav,	1,	318,	8.7,	1.2717301845550537,	15,	0.3
08,	2,	6,	1,	148,	uso_300ms_34.wav,	3,	343,	9.53,	1.878633737564087,	15,	0.3
08,	2,	6,	1,	149,	uso_300ms_21.wav,	8,	367,	10.33,	1.2246103286743164,	15,	0.3
08,	2,	6,	1,	150,	uso_300ms_61.wav,	5,	360,	10.1,	1.464451551437378,	15,	0.3
08,	2,	6,	1,	151,	uso_300ms_90.wav,	2,	347,	9.67,	2.0113117694854736,	15,	0.3
08,	2,	6,	1,	152,	uso_300ms_8.wav,	4,	289,	7.73,	1.3827159404754639,	15,	0.3
08,	2,	6,	1,	153,	uso_300ms_60.wav,	10,	391,	11.13,	1.1944611072540283,	15,	0.3
08,	2,	6,	1,	154,	uso_300ms_52.wav,	7,	360,	10.1,	1.2089931964874268,	15,	0.3
08,	2,	6,	1,	155,	uso_300ms_45.wav,	2,	304,	8.23,	1.0172502994537354,	15,	0.3
08,	2,	6,	1,	156,	uso_300ms_95.wav,	1,	262,	6.83,	0.9889206886291504,	15,	0.3
08,	2,	6,	1,	157,	uso_300ms_35.wav,	0,	222,	5.5,	1.1784710884094238,	15,	0.3
08,	2,	6,	1,	158,	uso_300ms_35.wav,	10,	399,	11.4,	1.7439568042755127,	15,	0.3
08,	2,	6,	1,	159,	uso_300ms_91.wav,	5,	357,	10.0,	1.1376070976257324,	15,	0.3
08,	2,	6,	1,	160,	uso_300ms_71.wav,	4,	321,	8.8,	1.0300657749176025,	15,	0.3
08,	2,	6,	1,	161,	uso_300ms_28.wav,	8,	362,	10.17,	1.6472554206848145,	15,	0.3
08,	2,	6,	1,	162,	uso_300ms_1.wav,	9,	399,	11.4,	1.9733407497406006,	15,	0.3
08,	2,	6,	1,	163,	uso_300ms_45.wav,	6,	377,	10.67,	1.0181472301483154,	15,	0.3
08,	2,	6,	1,	164,	uso_300ms_9.wav,	7,	340,	9.43,	1.0145788192749023,	15,	0.3
08,	2,	6,	1,	165,	uso_300ms_81.wav,	3,	303,	8.2,	0.9066972732543945,	15,	0.3
