sub_id,cond_id,block_id,task_id,event_id,stim_id,speaker_id,led_id,led_distance,response_time,n_reps,isi
08,	2,	4,	3,	1,	uso_300ms_2.wav,	6,	310,	8.43,	2.4638776779174805,	15,	0.3
08,	2,	4,	3,	2,	uso_300ms_99.wav,	8,	374,	10.57,	3.3689568042755127,	15,	0.3
08,	2,	4,	3,	3,	uso_300ms_85.wav,	5,	313,	8.53,	1.7070543766021729,	15,	0.3
08,	2,	4,	3,	4,	uso_300ms_99.wav,	9,	348,	9.7,	1.2722563743591309,	15,	0.3
08,	2,	4,	3,	5,	uso_300ms_71.wav,	7,	366,	10.3,	1.9134728908538818,	15,	0.3
08,	2,	4,	3,	6,	uso_300ms_56.wav,	8,	419,	12.07,	1.3505175113677979,	15,	0.3
08,	2,	4,	3,	7,	uso_300ms_33.wav,	9,	419,	12.07,	0.9904787540435791,	15,	0.3
08,	2,	4,	3,	8,	uso_300ms_29.wav,	7,	380,	10.77,	1.1955201625823975,	15,	0.3
08,	2,	4,	3,	9,	uso_300ms_35.wav,	6,	415,	11.93,	1.2128651142120361,	15,	0.3
08,	2,	4,	3,	10,	uso_300ms_21.wav,	5,	365,	10.27,	1.2755355834960938,	15,	0.3
08,	2,	4,	3,	11,	uso_300ms_27.wav,	7,	339,	9.4,	1.1305203437805176,	15,	0.3
08,	2,	4,	3,	12,	uso_300ms_44.wav,	8,	361,	10.13,	1.104382038116455,	15,	0.3
08,	2,	4,	3,	13,	uso_300ms_47.wav,	5,	324,	8.9,	1.4159488677978516,	15,	0.3
08,	2,	4,	3,	14,	uso_300ms_27.wav,	9,	379,	10.73,	1.26149582862854,	15,	0.3
08,	2,	4,	3,	15,	uso_300ms_17.wav,	6,	319,	8.73,	1.43589448928833,	15,	0.3
08,	2,	4,	3,	16,	uso_300ms_8.wav,	5,	298,	8.03,	1.01058030128479,	15,	0.3
08,	2,	4,	3,	17,	uso_300ms_97.wav,	8,	319,	8.73,	1.5682384967803955,	15,	0.3
08,	2,	4,	3,	18,	uso_300ms_65.wav,	7,	367,	10.33,	1.4026412963867188,	15,	0.3
08,	2,	4,	3,	19,	uso_300ms_63.wav,	9,	394,	11.23,	1.1712396144866943,	15,	0.3
08,	2,	4,	3,	20,	uso_300ms_33.wav,	6,	353,	9.87,	0.9879491329193115,	15,	0.3
08,	2,	4,	3,	21,	uso_300ms_96.wav,	5,	314,	8.57,	0.9894227981567383,	15,	0.3
08,	2,	4,	3,	22,	uso_300ms_58.wav,	7,	314,	8.57,	0.9870560169219971,	15,	0.3
08,	2,	4,	3,	23,	uso_300ms_3.wav,	8,	435,	12.6,	1.9068336486816406,	15,	0.3
08,	2,	4,	3,	24,	uso_300ms_42.wav,	9,	409,	11.73,	1.4415507316589355,	15,	0.3
08,	2,	4,	3,	25,	uso_300ms_1.wav,	6,	389,	11.07,	1.6886112689971924,	15,	0.3
08,	2,	4,	3,	26,	uso_300ms_31.wav,	5,	347,	9.67,	1.2742342948913574,	15,	0.3
08,	2,	4,	3,	27,	uso_300ms_56.wav,	8,	440,	12.77,	1.3717305660247803,	15,	0.3
08,	2,	4,	3,	28,	uso_300ms_51.wav,	9,	440,	12.77,	0.7840011119842529,	15,	0.3
08,	2,	4,	3,	29,	uso_300ms_25.wav,	7,	398,	11.37,	1.2082338333129883,	15,	0.3
08,	2,	4,	3,	30,	uso_300ms_94.wav,	6,	348,	9.7,	1.0717418193817139,	15,	0.3
08,	2,	4,	3,	31,	uso_300ms_92.wav,	9,	354,	9.9,	1.796118974685669,	15,	0.3
08,	2,	4,	3,	32,	uso_300ms_91.wav,	6,	396,	11.3,	1.9508769512176514,	15,	0.3
08,	2,	4,	3,	33,	uso_300ms_56.wav,	8,	444,	12.9,	1.4629335403442383,	15,	0.3
08,	2,	4,	3,	34,	uso_300ms_94.wav,	5,	362,	10.17,	1.4681313037872314,	15,	0.3
08,	2,	4,	3,	35,	uso_300ms_13.wav,	7,	317,	8.67,	1.3140869140625,	15,	0.3
08,	2,	4,	3,	36,	uso_300ms_14.wav,	8,	358,	10.03,	1.3102314472198486,	15,	0.3
08,	2,	4,	3,	37,	uso_300ms_46.wav,	6,	386,	10.97,	1.712712287902832,	15,	0.3
08,	2,	4,	3,	38,	uso_300ms_93.wav,	7,	337,	9.33,	1.1901063919067383,	15,	0.3
08,	2,	4,	3,	39,	uso_300ms_58.wav,	5,	393,	11.2,	1.7378718852996826,	15,	0.3
08,	2,	4,	3,	40,	uso_300ms_33.wav,	9,	442,	12.83,	1.2330210208892822,	15,	0.3
08,	2,	4,	3,	41,	uso_300ms_18.wav,	8,	425,	12.27,	1.6694262027740479,	15,	0.3
08,	2,	4,	3,	42,	uso_300ms_54.wav,	7,	393,	11.2,	1.3070290088653564,	15,	0.3
08,	2,	4,	3,	43,	uso_300ms_100.wav,	9,	421,	12.13,	1.0633387565612793,	15,	0.3
08,	2,	4,	3,	44,	uso_300ms_34.wav,	5,	305,	8.27,	1.6672160625457764,	15,	0.3
08,	2,	4,	3,	45,	uso_300ms_54.wav,	6,	343,	9.53,	1.0407087802886963,	15,	0.3
08,	2,	4,	3,	46,	uso_300ms_68.wav,	8,	418,	12.03,	1.1205239295959473,	15,	0.3
08,	2,	4,	3,	47,	uso_300ms_3.wav,	9,	452,	13.17,	0.9852967262268066,	15,	0.3
08,	2,	4,	3,	48,	uso_300ms_24.wav,	7,	396,	11.3,	1.4213554859161377,	15,	0.3
08,	2,	4,	3,	49,	uso_300ms_75.wav,	6,	363,	10.2,	1.0865600109100342,	15,	0.3
08,	2,	4,	3,	50,	uso_300ms_67.wav,	5,	314,	8.57,	1.1913344860076904,	15,	0.3
08,	2,	4,	3,	51,	uso_300ms_36.wav,	6,	360,	10.1,	1.4712903499603271,	15,	0.3
08,	2,	4,	3,	52,	uso_300ms_55.wav,	8,	444,	12.9,	1.5518441200256348,	15,	0.3
08,	2,	4,	3,	53,	uso_300ms_90.wav,	5,	386,	10.97,	1.2389955520629883,	15,	0.3
08,	2,	4,	3,	54,	uso_300ms_22.wav,	7,	395,	11.27,	1.3297278881072998,	15,	0.3
08,	2,	4,	3,	55,	uso_300ms_65.wav,	9,	418,	12.03,	1.396214246749878,	15,	0.3
08,	2,	4,	3,	56,	uso_300ms_11.wav,	8,	434,	12.57,	1.8577368259429932,	15,	0.3
08,	2,	4,	3,	57,	uso_300ms_12.wav,	5,	375,	10.6,	1.2543823719024658,	15,	0.3
08,	2,	4,	3,	58,	uso_300ms_3.wav,	6,	411,	11.8,	1.4465327262878418,	15,	0.3
08,	2,	4,	3,	59,	uso_300ms_40.wav,	7,	437,	12.67,	1.5635921955108643,	15,	0.3
08,	2,	4,	3,	60,	uso_300ms_76.wav,	9,	453,	13.2,	0.9944479465484619,	15,	0.3
08,	2,	4,	3,	61,	uso_300ms_71.wav,	6,	412,	11.83,	1.5363266468048096,	15,	0.3
08,	2,	4,	3,	62,	uso_300ms_100.wav,	8,	376,	10.63,	1.1580314636230469,	15,	0.3
08,	2,	4,	3,	63,	uso_300ms_41.wav,	7,	442,	12.83,	1.5820283889770508,	15,	0.3
08,	2,	4,	3,	64,	uso_300ms_96.wav,	5,	335,	9.27,	1.314171314239502,	15,	0.3
08,	2,	4,	3,	65,	uso_300ms_17.wav,	9,	371,	10.47,	1.4753224849700928,	15,	0.3
08,	2,	4,	3,	66,	uso_300ms_39.wav,	6,	379,	10.73,	1.5837900638580322,	15,	0.3
08,	2,	4,	3,	67,	uso_300ms_51.wav,	7,	410,	11.77,	1.0332589149475098,	15,	0.3
08,	2,	4,	3,	68,	uso_300ms_70.wav,	5,	354,	9.9,	1.4762294292449951,	15,	0.3
08,	2,	4,	3,	69,	uso_300ms_55.wav,	8,	441,	12.8,	1.5118110179901123,	15,	0.3
08,	2,	4,	3,	70,	uso_300ms_34.wav,	9,	370,	10.43,	1.5865273475646973,	15,	0.3
08,	2,	4,	3,	71,	uso_300ms_65.wav,	5,	319,	8.73,	1.7113168239593506,	15,	0.3
08,	2,	4,	3,	72,	uso_300ms_26.wav,	7,	336,	9.3,	1.1249094009399414,	15,	0.3
08,	2,	4,	3,	73,	uso_300ms_44.wav,	8,	376,	10.63,	1.292614459991455,	15,	0.3
08,	2,	4,	3,	74,	uso_300ms_9.wav,	6,	326,	8.97,	1.6919739246368408,	15,	0.3
08,	2,	4,	3,	75,	uso_300ms_41.wav,	9,	434,	12.57,	1.8008008003234863,	15,	0.3
