sub_id,cond_id,block_id,task_id,event_id,stim_id,speaker_id,led_id,led_distance,response_time,n_reps,isi
08,	2,	3,	3,	1,	uso_300ms_92.wav,	5,	90,	1.1,	nan,	90,	2
08,	2,	3,	3,	2,	uso_300ms_92.wav,	5,	188.89410999999998,	4.4,	nan,	90,	2
08,	2,	3,	3,	3,	uso_300ms_20.wav,	7,	315.36399900000004,	8.61,	nan,	90,	2
08,	2,	3,	3,	4,	uso_300ms_71.wav,	9,	415.22578900000013,	11.94,	nan,	90,	2
08,	2,	3,	3,	5,	uso_300ms_28.wav,	9,	441.0815700000002,	12.8,	nan,	90,	2
08,	2,	3,	3,	6,	uso_300ms_53.wav,	7,	338.85452200000026,	9.4,	nan,	90,	2
08,	2,	3,	3,	7,	uso_300ms_68.wav,	5,	236.19405500000028,	5.97,	nan,	90,	2
08,	2,	3,	3,	8,	uso_300ms_87.wav,	5,	167.09885400000027,	3.67,	nan,	90,	2
08,	2,	3,	3,	9,	uso_300ms_49.wav,	5,	134.16926500000028,	2.57,	nan,	90,	2
08,	2,	3,	3,	10,	uso_300ms_42.wav,	5,	112.04240500000026,	1.83,	nan,	90,	2
08,	2,	3,	3,	11,	uso_300ms_74.wav,	5,	90.72268700000026,	1.12,	nan,	90,	2
08,	2,	3,	3,	12,	uso_300ms_80.wav,	5,	257.4794240000003,	6.68,	nan,	90,	2
08,	2,	3,	3,	13,	uso_300ms_49.wav,	6,	288.10149100000035,	7.7,	nan,	90,	2
08,	2,	3,	3,	14,	uso_300ms_35.wav,	6,	311.18630800000045,	8.47,	nan,	90,	2
08,	2,	3,	3,	15,	uso_300ms_87.wav,	7,	337.1139440000004,	9.34,	nan,	90,	2
08,	2,	3,	3,	16,	uso_300ms_66.wav,	7,	337.1139440000004,	9.34,	nan,	90,	2
08,	2,	3,	3,	17,	uso_300ms_25.wav,	8,	371.8612930000004,	10.5,	nan,	90,	2
08,	2,	3,	3,	18,	uso_300ms_42.wav,	9,	403.76739100000043,	11.56,	nan,	90,	2
08,	2,	3,	3,	19,	uso_300ms_93.wav,	9,	428.01915000000037,	12.37,	nan,	90,	2
08,	2,	3,	3,	20,	uso_300ms_62.wav,	9,	451.8936860000004,	13.16,	nan,	90,	2
08,	2,	3,	3,	21,	uso_300ms_71.wav,	9,	451.8936860000004,	13.16,	nan,	90,	2
08,	2,	3,	3,	22,	uso_300ms_69.wav,	8,	365.3724400000005,	10.28,	nan,	90,	2
08,	2,	3,	3,	23,	uso_300ms_60.wav,	6,	294.3778380000004,	7.91,	nan,	90,	2
08,	2,	3,	3,	24,	uso_300ms_8.wav,	5,	281.54846200000037,	7.48,	nan,	90,	2
08,	2,	3,	3,	25,	uso_300ms_18.wav,	5,	271.75389400000034,	7.16,	nan,	90,	2
08,	2,	3,	3,	26,	uso_300ms_56.wav,	5,	251.3325000000003,	6.48,	nan,	90,	2
08,	2,	3,	3,	27,	uso_300ms_15.wav,	5,	217.38216400000027,	5.35,	nan,	90,	2
08,	2,	3,	3,	28,	uso_300ms_96.wav,	6,	296.22410900000034,	7.97,	nan,	90,	2
08,	2,	3,	3,	29,	uso_300ms_36.wav,	7,	318.6707500000003,	8.72,	nan,	90,	2
08,	2,	3,	3,	30,	uso_300ms_99.wav,	8,	345.6001980000004,	9.62,	nan,	90,	2
08,	2,	3,	3,	31,	uso_300ms_7.wav,	9,	381.0209330000005,	10.8,	nan,	90,	2
08,	2,	3,	3,	32,	uso_300ms_88.wav,	9,	401.73314200000056,	11.49,	nan,	90,	2
08,	2,	3,	3,	33,	uso_300ms_1.wav,	9,	418.03675100000055,	12.03,	nan,	90,	2
08,	2,	3,	3,	34,	uso_300ms_16.wav,	7,	335.2793350000006,	9.28,	nan,	90,	2
08,	2,	3,	3,	35,	uso_300ms_9.wav,	6,	294.55435700000055,	7.92,	nan,	90,	2
08,	2,	3,	3,	36,	uso_300ms_34.wav,	5,	268.87863000000056,	7.06,	nan,	90,	2
08,	2,	3,	3,	37,	uso_300ms_28.wav,	5,	257.11193100000054,	6.67,	nan,	90,	2
08,	2,	3,	3,	38,	uso_300ms_91.wav,	7,	316.0937910000006,	8.64,	nan,	90,	2
08,	2,	3,	3,	39,	uso_300ms_52.wav,	7,	334.0105920000006,	9.23,	nan,	90,	2
08,	2,	3,	3,	40,	uso_300ms_58.wav,	8,	354.8525040000006,	9.93,	nan,	90,	2
08,	2,	3,	3,	41,	uso_300ms_56.wav,	7,	317.80426200000056,	8.69,	nan,	90,	2
08,	2,	3,	3,	42,	uso_300ms_76.wav,	7,	317.80426200000056,	8.69,	nan,	90,	2
08,	2,	3,	3,	43,	uso_300ms_48.wav,	7,	317.80426200000056,	8.69,	nan,	90,	2
08,	2,	3,	3,	44,	uso_300ms_39.wav,	7,	317.80426200000056,	8.69,	nan,	90,	2
08,	2,	3,	3,	45,	uso_300ms_84.wav,	9,	425.65820400000047,	12.29,	nan,	90,	2
08,	2,	3,	3,	46,	uso_300ms_73.wav,	9,	425.65820400000047,	12.29,	nan,	90,	2
08,	2,	3,	3,	47,	uso_300ms_27.wav,	9,	425.65820400000047,	12.29,	nan,	90,	2
08,	2,	3,	3,	48,	uso_300ms_46.wav,	9,	425.65820400000047,	12.29,	nan,	90,	2
08,	2,	3,	3,	49,	uso_300ms_17.wav,	5,	275.5460740000004,	7.28,	nan,	90,	2
08,	2,	3,	3,	50,	uso_300ms_7.wav,	5,	275.5460740000004,	7.28,	nan,	90,	2
08,	2,	3,	3,	51,	uso_300ms_43.wav,	5,	275.5460740000004,	7.28,	nan,	90,	2
08,	2,	3,	3,	52,	uso_300ms_52.wav,	5,	275.5460740000004,	7.28,	nan,	90,	2
08,	2,	3,	3,	53,	uso_300ms_98.wav,	5,	275.5460740000004,	7.28,	nan,	90,	2
08,	2,	3,	3,	54,	uso_300ms_51.wav,	9,	440.7490000000004,	12.79,	nan,	90,	2
08,	2,	3,	3,	55,	uso_300ms_43.wav,	9,	440.7490000000004,	12.79,	nan,	90,	2
08,	2,	3,	3,	56,	uso_300ms_96.wav,	9,	440.7490000000004,	12.79,	nan,	90,	2
08,	2,	3,	3,	57,	uso_300ms_9.wav,	5,	266.94814900000034,	7.0,	nan,	90,	2
08,	2,	3,	3,	58,	uso_300ms_69.wav,	5,	266.94814900000034,	7.0,	nan,	90,	2
08,	2,	3,	3,	59,	uso_300ms_76.wav,	5,	266.94814900000034,	7.0,	nan,	90,	2
08,	2,	3,	3,	60,	uso_300ms_60.wav,	5,	266.94814900000034,	7.0,	nan,	90,	2
08,	2,	3,	3,	61,	uso_300ms_88.wav,	7,	340.8452800000004,	9.46,	nan,	90,	2
08,	2,	3,	3,	62,	uso_300ms_18.wav,	9,	391.9889250000004,	11.17,	nan,	90,	2
08,	2,	3,	3,	63,	uso_300ms_69.wav,	9,	433.7196140000003,	12.56,	nan,	90,	2
08,	2,	3,	3,	64,	uso_300ms_65.wav,	9,	433.7196140000003,	12.56,	nan,	90,	2
08,	2,	3,	3,	65,	uso_300ms_17.wav,	5,	281.81267700000035,	7.49,	nan,	90,	2
08,	2,	3,	3,	66,	uso_300ms_49.wav,	7,	332.34168000000045,	9.18,	nan,	90,	2
08,	2,	3,	3,	67,	uso_300ms_8.wav,	5,	280.9440750000004,	7.46,	nan,	90,	2
08,	2,	3,	3,	68,	uso_300ms_89.wav,	7,	320.1427870000003,	8.77,	nan,	90,	2
08,	2,	3,	3,	69,	uso_300ms_94.wav,	8,	352.7242240000004,	9.86,	nan,	90,	2
08,	2,	3,	3,	70,	uso_300ms_73.wav,	7,	332.40892200000036,	9.18,	nan,	90,	2
08,	2,	3,	3,	71,	uso_300ms_63.wav,	8,	363.9477370000003,	10.23,	nan,	90,	2
08,	2,	3,	3,	72,	uso_300ms_59.wav,	9,	399.0095190000003,	11.4,	nan,	90,	2
08,	2,	3,	3,	73,	uso_300ms_59.wav,	6,	303.3005560000003,	8.21,	nan,	90,	2
08,	2,	3,	3,	74,	uso_300ms_10.wav,	5,	262.3587600000003,	6.85,	nan,	90,	2
08,	2,	3,	3,	75,	uso_300ms_42.wav,	5,	191.97290600000028,	4.5,	nan,	90,	2
08,	2,	3,	3,	76,	uso_300ms_55.wav,	6,	297.2828800000002,	8.01,	nan,	90,	2
08,	2,	3,	3,	77,	uso_300ms_44.wav,	8,	368.0724660000005,	10.37,	nan,	90,	2
08,	2,	3,	3,	78,	uso_300ms_30.wav,	8,	346.52061400000116,	9.65,	nan,	90,	2
08,	2,	3,	3,	79,	uso_300ms_91.wav,	9,	372.4747240000008,	10.52,	nan,	90,	2
08,	2,	3,	3,	80,	uso_300ms_98.wav,	9,	404.9952260000006,	11.6,	nan,	90,	2
08,	2,	3,	3,	81,	uso_300ms_4.wav,	9,	428.2687140000005,	12.38,	nan,	90,	2
08,	2,	3,	3,	82,	uso_300ms_37.wav,	9,	418.2687140000005,	12.04,	nan,	90,	2
08,	2,	3,	3,	83,	uso_300ms_50.wav,	9,	405.2687140000005,	11.61,	nan,	90,	2
08,	2,	3,	3,	84,	uso_300ms_57.wav,	9,	392.2687140000005,	11.18,	nan,	90,	2
08,	2,	3,	3,	85,	uso_300ms_52.wav,	9,	379.2687140000005,	10.74,	nan,	90,	2
08,	2,	3,	3,	86,	uso_300ms_42.wav,	8,	366.2687140000005,	10.31,	nan,	90,	2
08,	2,	3,	3,	87,	uso_300ms_91.wav,	8,	353.2687140000005,	9.88,	nan,	90,	2
08,	2,	3,	3,	88,	uso_300ms_74.wav,	7,	340.2687140000005,	9.44,	nan,	90,	2
08,	2,	3,	3,	89,	uso_300ms_57.wav,	7,	327.2687140000005,	9.01,	nan,	90,	2
08,	2,	3,	3,	90,	uso_300ms_15.wav,	7,	314.2687140000005,	8.58,	nan,	90,	2
