sub_id,cond_id,block_id,task_id,event_id,stim_id,speaker_id,led_id,led_distance,response_time,n_reps,isi
08,	2,	2,	3,	1,	uso_300ms_76.wav,	6,	319,	8.73,	4.410400629043579,	15,	0.3
08,	2,	2,	3,	2,	uso_300ms_7.wav,	5,	228,	5.7,	1.5687034130096436,	15,	0.3
08,	2,	2,	3,	3,	uso_300ms_5.wav,	9,	282,	7.5,	1.2835228443145752,	15,	0.3
08,	2,	2,	3,	4,	uso_300ms_85.wav,	8,	345,	9.6,	1.4005217552185059,	15,	0.3
08,	2,	2,	3,	5,	uso_300ms_39.wav,	7,	390,	11.1,	1.6548562049865723,	15,	0.3
08,	2,	2,	3,	6,	uso_300ms_99.wav,	5,	390,	11.1,	0.28546762466430664,	15,	0.3
08,	2,	2,	3,	7,	uso_300ms_98.wav,	7,	334,	9.23,	1.7217004299163818,	15,	0.3
08,	2,	2,	3,	8,	uso_300ms_91.wav,	6,	291,	7.8,	1.7270493507385254,	15,	0.3
08,	2,	2,	3,	9,	uso_300ms_98.wav,	8,	260,	6.77,	1.9239420890808105,	15,	0.3
08,	2,	2,	3,	10,	uso_300ms_32.wav,	9,	317,	8.67,	2.040260076522827,	15,	0.3
08,	2,	2,	3,	11,	uso_300ms_12.wav,	7,	239,	6.07,	1.621673345565796,	15,	0.3
08,	2,	2,	3,	12,	uso_300ms_57.wav,	8,	322,	8.83,	2.2191295623779297,	15,	0.3
08,	2,	2,	3,	13,	uso_300ms_50.wav,	6,	273,	7.2,	1.547607183456421,	15,	0.3
08,	2,	2,	3,	14,	uso_300ms_56.wav,	9,	379,	10.73,	1.9450855255126953,	15,	0.3
08,	2,	2,	3,	15,	uso_300ms_60.wav,	5,	281,	7.47,	1.3797063827514648,	15,	0.3
08,	2,	2,	3,	16,	uso_300ms_7.wav,	9,	260,	6.77,	1.7159764766693115,	15,	0.3
08,	2,	2,	3,	17,	uso_300ms_50.wav,	7,	241,	6.13,	1.295950174331665,	15,	0.3
08,	2,	2,	3,	18,	uso_300ms_49.wav,	5,	216,	5.3,	1.439375877380371,	15,	0.3
08,	2,	2,	3,	19,	uso_300ms_71.wav,	6,	307,	8.33,	1.2647712230682373,	15,	0.3
08,	2,	2,	3,	20,	uso_300ms_26.wav,	8,	354,	9.9,	1.1880576610565186,	15,	0.3
08,	2,	2,	3,	21,	uso_300ms_23.wav,	7,	287,	7.67,	1.2749042510986328,	15,	0.3
08,	2,	2,	3,	22,	uso_300ms_59.wav,	6,	259,	6.73,	1.584773302078247,	15,	0.3
08,	2,	2,	3,	23,	uso_300ms_81.wav,	8,	374,	10.57,	1.401602029800415,	15,	0.3
08,	2,	2,	3,	24,	uso_300ms_19.wav,	5,	404,	11.57,	1.2755014896392822,	15,	0.3
08,	2,	2,	3,	25,	uso_300ms_94.wav,	9,	380,	10.77,	1.516937494277954,	15,	0.3
08,	2,	2,	3,	26,	uso_300ms_66.wav,	7,	351,	9.8,	1.1695704460144043,	15,	0.3
08,	2,	2,	3,	27,	uso_300ms_47.wav,	8,	406,	11.63,	1.2083961963653564,	15,	0.3
08,	2,	2,	3,	28,	uso_300ms_26.wav,	9,	431,	12.47,	1.0760674476623535,	15,	0.3
08,	2,	2,	3,	29,	uso_300ms_66.wav,	6,	399,	11.4,	1.4321579933166504,	15,	0.3
08,	2,	2,	3,	30,	uso_300ms_56.wav,	5,	428,	12.37,	2.2823922634124756,	15,	0.3
08,	2,	2,	3,	31,	uso_300ms_2.wav,	9,	339,	9.4,	1.8349411487579346,	15,	0.3
08,	2,	2,	3,	32,	uso_300ms_2.wav,	8,	322,	8.83,	2.358520030975342,	15,	0.3
08,	2,	2,	3,	33,	uso_300ms_89.wav,	5,	224,	5.57,	1.4563839435577393,	15,	0.3
08,	2,	2,	3,	34,	uso_300ms_48.wav,	7,	287,	7.67,	1.2296452522277832,	15,	0.3
08,	2,	2,	3,	35,	uso_300ms_62.wav,	6,	313,	8.53,	1.7358596324920654,	15,	0.3
08,	2,	2,	3,	36,	uso_300ms_97.wav,	8,	372,	10.5,	1.1249985694885254,	15,	0.3
08,	2,	2,	3,	37,	uso_300ms_2.wav,	5,	219,	5.4,	1.681427001953125,	15,	0.3
08,	2,	2,	3,	38,	uso_300ms_3.wav,	9,	434,	12.57,	2.6210970878601074,	15,	0.3
08,	2,	2,	3,	39,	uso_300ms_4.wav,	6,	404,	11.57,	1.9380342960357666,	15,	0.3
08,	2,	2,	3,	40,	uso_300ms_47.wav,	7,	367,	10.33,	1.3778398036956787,	15,	0.3
08,	2,	2,	3,	41,	uso_300ms_42.wav,	8,	405,	11.6,	2.2823612689971924,	15,	0.3
08,	2,	2,	3,	42,	uso_300ms_5.wav,	7,	336,	9.3,	2.7584569454193115,	15,	0.3
08,	2,	2,	3,	43,	uso_300ms_82.wav,	6,	374,	10.57,	1.746140956878662,	15,	0.3
08,	2,	2,	3,	44,	uso_300ms_46.wav,	9,	439,	12.73,	1.6071367263793945,	15,	0.3
08,	2,	2,	3,	45,	uso_300ms_88.wav,	5,	327,	9.0,	1.4159460067749023,	15,	0.3
08,	2,	2,	3,	46,	uso_300ms_98.wav,	9,	370,	10.43,	1.2211029529571533,	15,	0.3
08,	2,	2,	3,	47,	uso_300ms_86.wav,	8,	386,	10.97,	1.1217925548553467,	15,	0.3
08,	2,	2,	3,	48,	uso_300ms_70.wav,	5,	308,	8.37,	1.1968231201171875,	15,	0.3
08,	2,	2,	3,	49,	uso_300ms_43.wav,	7,	266,	6.97,	1.210853099822998,	15,	0.3
08,	2,	2,	3,	50,	uso_300ms_89.wav,	6,	313,	8.53,	1.272125482559204,	15,	0.3
08,	2,	2,	3,	51,	uso_300ms_12.wav,	9,	374,	10.57,	1.0093789100646973,	15,	0.3
08,	2,	2,	3,	52,	uso_300ms_79.wav,	7,	401,	11.47,	0.9510397911071777,	15,	0.3
08,	2,	2,	3,	53,	uso_300ms_24.wav,	6,	331,	9.13,	1.2512409687042236,	15,	0.3
08,	2,	2,	3,	54,	uso_300ms_27.wav,	8,	379,	10.73,	1.6091532707214355,	15,	0.3
08,	2,	2,	3,	55,	uso_300ms_33.wav,	5,	251,	6.47,	1.454906702041626,	15,	0.3
08,	2,	2,	3,	56,	uso_300ms_67.wav,	8,	300,	8.1,	1.2243359088897705,	15,	0.3
08,	2,	2,	3,	57,	uso_300ms_49.wav,	7,	373,	10.53,	2.328082799911499,	15,	0.3
08,	2,	2,	3,	58,	uso_300ms_82.wav,	6,	391,	11.13,	1.1628963947296143,	15,	0.3
08,	2,	2,	3,	59,	uso_300ms_76.wav,	5,	415,	11.93,	2.0700316429138184,	15,	0.3
08,	2,	2,	3,	60,	uso_300ms_14.wav,	9,	354,	9.9,	2.4917449951171875,	15,	0.3
08,	2,	2,	3,	61,	uso_300ms_91.wav,	7,	434,	12.57,	1.4594736099243164,	15,	0.3
08,	2,	2,	3,	62,	uso_300ms_79.wav,	5,	334,	9.23,	1.5348777770996094,	15,	0.3
08,	2,	2,	3,	63,	uso_300ms_54.wav,	9,	426,	12.3,	2.217716693878174,	15,	0.3
08,	2,	2,	3,	64,	uso_300ms_32.wav,	6,	368,	10.37,	1.4425508975982666,	15,	0.3
08,	2,	2,	3,	65,	uso_300ms_65.wav,	8,	397,	11.33,	1.645555019378662,	15,	0.3
08,	2,	2,	3,	66,	uso_300ms_78.wav,	7,	417,	12.0,	1.3644728660583496,	15,	0.3
08,	2,	2,	3,	67,	uso_300ms_70.wav,	6,	329,	9.07,	1.2536370754241943,	15,	0.3
08,	2,	2,	3,	68,	uso_300ms_90.wav,	9,	411,	11.8,	1.6619682312011719,	15,	0.3
08,	2,	2,	3,	69,	uso_300ms_10.wav,	5,	376,	10.63,	1.4720110893249512,	15,	0.3
08,	2,	2,	3,	70,	uso_300ms_85.wav,	8,	417,	12.0,	1.5946969985961914,	15,	0.3
08,	2,	2,	3,	71,	uso_300ms_98.wav,	6,	318,	8.7,	1.4973454475402832,	15,	0.3
08,	2,	2,	3,	72,	uso_300ms_17.wav,	5,	255,	6.6,	1.13785982131958,	15,	0.3
08,	2,	2,	3,	73,	uso_300ms_34.wav,	9,	305,	8.27,	1.4274871349334717,	15,	0.3
08,	2,	2,	3,	74,	uso_300ms_13.wav,	8,	351,	9.8,	1.4828004837036133,	15,	0.3
08,	2,	2,	3,	75,	uso_300ms_15.wav,	7,	387,	11.0,	1.2491059303283691,	15,	0.3
