sub_id,cond_id,block_id,task_id,event_id,stim_id,speaker_id,led_id,led_distance,response_time,n_reps,isi
08,	2,	1,	3,	1,	uso_300ms_37.wav,	9,	303,	8.2,	8.96227765083313,	15,	0.3
08,	2,	1,	3,	2,	uso_300ms_59.wav,	6,	367,	10.33,	3.591736316680908,	15,	0.3
08,	2,	1,	3,	3,	uso_300ms_43.wav,	8,	426,	12.3,	5.009318113327026,	15,	0.3
08,	2,	1,	3,	4,	uso_300ms_48.wav,	7,	349,	9.73,	3.193326950073242,	15,	0.3
08,	2,	1,	3,	5,	uso_300ms_60.wav,	5,	248,	6.37,	2.727959394454956,	15,	0.3
08,	2,	1,	3,	6,	uso_300ms_98.wav,	8,	301,	8.13,	2.2065927982330322,	15,	0.3
08,	2,	1,	3,	7,	uso_300ms_31.wav,	5,	274,	7.23,	3.0140860080718994,	15,	0.3
08,	2,	1,	3,	8,	uso_300ms_69.wav,	6,	333,	9.2,	2.742765188217163,	15,	0.3
08,	2,	1,	3,	9,	uso_300ms_55.wav,	9,	400,	11.43,	7.291541576385498,	15,	0.3
08,	2,	1,	3,	10,	uso_300ms_16.wav,	7,	341,	9.47,	4.595394849777222,	15,	0.3
08,	2,	1,	3,	11,	uso_300ms_58.wav,	9,	299,	8.07,	4.780832529067993,	15,	0.3
08,	2,	1,	3,	12,	uso_300ms_49.wav,	7,	249,	6.4,	1.8525104522705078,	15,	0.3
08,	2,	1,	3,	13,	uso_300ms_52.wav,	8,	287,	7.67,	2.561170816421509,	15,	0.3
08,	2,	1,	3,	14,	uso_300ms_20.wav,	6,	334,	9.23,	2.4086520671844482,	15,	0.3
08,	2,	1,	3,	15,	uso_300ms_69.wav,	5,	280,	7.43,	5.577666759490967,	15,	0.3
08,	2,	1,	3,	16,	uso_300ms_65.wav,	9,	364,	10.23,	2.4639270305633545,	15,	0.3
08,	2,	1,	3,	17,	uso_300ms_72.wav,	5,	274,	7.23,	2.0533745288848877,	15,	0.3
08,	2,	1,	3,	18,	uso_300ms_3.wav,	6,	321,	8.8,	2.1739063262939453,	15,	0.3
08,	2,	1,	3,	19,	uso_300ms_18.wav,	7,	245,	6.27,	2.967158794403076,	15,	0.3
08,	2,	1,	3,	20,	uso_300ms_31.wav,	8,	327,	9.0,	1.9552912712097168,	15,	0.3
08,	2,	1,	3,	21,	uso_300ms_44.wav,	6,	355,	9.93,	2.111525535583496,	15,	0.3
08,	2,	1,	3,	22,	uso_300ms_67.wav,	9,	384,	10.9,	4.155050754547119,	15,	0.3
08,	2,	1,	3,	23,	uso_300ms_51.wav,	7,	393,	11.2,	1.78080415725708,	15,	0.3
08,	2,	1,	3,	24,	uso_300ms_95.wav,	8,	323,	8.87,	2.6993722915649414,	15,	0.3
08,	2,	1,	3,	25,	uso_300ms_1.wav,	5,	285,	7.6,	3.7923271656036377,	15,	0.3
08,	2,	1,	3,	26,	uso_300ms_5.wav,	8,	396,	11.3,	2.6457598209381104,	15,	0.3
08,	2,	1,	3,	27,	uso_300ms_55.wav,	6,	322,	8.83,	2.534189462661743,	15,	0.3
08,	2,	1,	3,	28,	uso_300ms_25.wav,	9,	293,	7.87,	2.5746514797210693,	15,	0.3
08,	2,	1,	3,	29,	uso_300ms_29.wav,	7,	263,	6.87,	5.904013633728027,	15,	0.3
08,	2,	1,	3,	30,	uso_300ms_93.wav,	5,	217,	5.33,	1.8724956512451172,	15,	0.3
08,	2,	1,	3,	31,	uso_300ms_96.wav,	7,	311,	8.47,	7.608919858932495,	15,	0.3
08,	2,	1,	3,	32,	uso_300ms_55.wav,	8,	361,	10.13,	1.9251031875610352,	15,	0.3
08,	2,	1,	3,	33,	uso_300ms_78.wav,	9,	433,	12.53,	2.063263177871704,	15,	0.3
08,	2,	1,	3,	34,	uso_300ms_59.wav,	6,	321,	8.8,	1.6639983654022217,	15,	0.3
08,	2,	1,	3,	35,	uso_300ms_56.wav,	5,	380,	10.77,	2.254467725753784,	15,	0.3
08,	2,	1,	3,	36,	uso_300ms_49.wav,	6,	289,	7.73,	1.5494000911712646,	15,	0.3
08,	2,	1,	3,	37,	uso_300ms_52.wav,	9,	355,	9.93,	1.465470314025879,	15,	0.3
08,	2,	1,	3,	38,	uso_300ms_33.wav,	8,	408,	11.7,	1.31148099899292,	15,	0.3
08,	2,	1,	3,	39,	uso_300ms_17.wav,	7,	268,	7.03,	1.5420796871185303,	15,	0.3
08,	2,	1,	3,	40,	uso_300ms_57.wav,	5,	217,	5.33,	1.5692415237426758,	15,	0.3
08,	2,	1,	3,	41,	uso_300ms_17.wav,	9,	314,	8.57,	1.9426798820495605,	15,	0.3
08,	2,	1,	3,	42,	uso_300ms_72.wav,	7,	383,	10.87,	1.997978687286377,	15,	0.3
08,	2,	1,	3,	43,	uso_300ms_33.wav,	6,	412,	11.83,	1.2991886138916016,	15,	0.3
08,	2,	1,	3,	44,	uso_300ms_52.wav,	5,	375,	10.6,	1.273066520690918,	15,	0.3
08,	2,	1,	3,	45,	uso_300ms_61.wav,	8,	398,	11.37,	1.7645034790039062,	15,	0.3
08,	2,	1,	3,	46,	uso_300ms_67.wav,	5,	278,	7.37,	1.6246099472045898,	15,	0.3
08,	2,	1,	3,	47,	uso_300ms_93.wav,	7,	336,	9.3,	1.496114730834961,	15,	0.3
08,	2,	1,	3,	48,	uso_300ms_53.wav,	8,	398,	11.37,	1.4393198490142822,	15,	0.3
08,	2,	1,	3,	49,	uso_300ms_25.wav,	9,	409,	11.73,	1.3172459602355957,	15,	0.3
08,	2,	1,	3,	50,	uso_300ms_61.wav,	6,	335,	9.27,	1.3124220371246338,	15,	0.3
08,	2,	1,	3,	51,	uso_300ms_3.wav,	5,	250,	6.43,	1.3390021324157715,	15,	0.3
08,	2,	1,	3,	52,	uso_300ms_37.wav,	6,	275,	7.27,	1.4008610248565674,	15,	0.3
08,	2,	1,	3,	53,	uso_300ms_92.wav,	7,	330,	9.1,	1.2671191692352295,	15,	0.3
08,	2,	1,	3,	54,	uso_300ms_43.wav,	8,	403,	11.53,	1.254101276397705,	15,	0.3
08,	2,	1,	3,	55,	uso_300ms_81.wav,	9,	424,	12.23,	1.0447850227355957,	15,	0.3
08,	2,	1,	3,	56,	uso_300ms_57.wav,	7,	405,	11.6,	1.1191504001617432,	15,	0.3
08,	2,	1,	3,	57,	uso_300ms_50.wav,	6,	342,	9.5,	1.107804298400879,	15,	0.3
08,	2,	1,	3,	58,	uso_300ms_88.wav,	5,	259,	6.73,	1.4986259937286377,	15,	0.3
08,	2,	1,	3,	59,	uso_300ms_49.wav,	8,	311,	8.47,	2.8453123569488525,	15,	0.3
08,	2,	1,	3,	60,	uso_300ms_11.wav,	9,	392,	11.17,	1.765343189239502,	15,	0.3
08,	2,	1,	3,	61,	uso_300ms_61.wav,	5,	395,	11.27,	1.8419864177703857,	15,	0.3
08,	2,	1,	3,	62,	uso_300ms_20.wav,	9,	431,	12.47,	1.810981035232544,	15,	0.3
08,	2,	1,	3,	63,	uso_300ms_97.wav,	8,	313,	8.53,	2.4024927616119385,	15,	0.3
08,	2,	1,	3,	64,	uso_300ms_7.wav,	7,	260,	6.77,	1.410372257232666,	15,	0.3
08,	2,	1,	3,	65,	uso_300ms_78.wav,	6,	326,	8.97,	2.3850655555725098,	15,	0.3
08,	2,	1,	3,	66,	uso_300ms_13.wav,	9,	366,	10.3,	1.4754557609558105,	15,	0.3
08,	2,	1,	3,	67,	uso_300ms_26.wav,	5,	394,	11.23,	2.425767660140991,	15,	0.3
08,	2,	1,	3,	68,	uso_300ms_55.wav,	7,	434,	12.57,	2.008082389831543,	15,	0.3
08,	2,	1,	3,	69,	uso_300ms_54.wav,	6,	428,	12.37,	1.6490936279296875,	15,	0.3
08,	2,	1,	3,	70,	uso_300ms_76.wav,	8,	447,	13.0,	1.8647651672363281,	15,	0.3
08,	2,	1,	3,	71,	uso_300ms_40.wav,	5,	442,	12.83,	2.395928144454956,	15,	0.3
08,	2,	1,	3,	72,	uso_300ms_8.wav,	7,	407,	11.67,	1.284517526626587,	15,	0.3
08,	2,	1,	3,	73,	uso_300ms_24.wav,	9,	360,	10.1,	1.3223929405212402,	15,	0.3
08,	2,	1,	3,	74,	uso_300ms_26.wav,	6,	294,	7.9,	1.3586912155151367,	15,	0.3
08,	2,	1,	3,	75,	uso_300ms_23.wav,	8,	327,	9.0,	2.1978952884674072,	15,	0.3
