sub_id,cond_id,block_id,task_id,event_id,stim_id,speaker_id,led_id,led_distance,response_time,n_reps,isi
08,	2,	5,	3,	1,	uso_300ms_32.wav,	5,	90,	1.1,	nan,	90,	2
08,	2,	5,	3,	2,	uso_300ms_35.wav,	8,	360.3876,	10.11,	nan,	90,	2
08,	2,	5,	3,	3,	uso_300ms_42.wav,	5,	135.92718200000002,	2.63,	nan,	90,	2
08,	2,	5,	3,	4,	uso_300ms_3.wav,	5,	112.28937900000005,	1.84,	nan,	90,	2
08,	2,	5,	3,	5,	uso_300ms_16.wav,	5,	248.31658500000006,	6.38,	nan,	90,	2
08,	2,	5,	3,	6,	uso_300ms_84.wav,	7,	322.7999730000001,	8.86,	nan,	90,	2
08,	2,	5,	3,	7,	uso_300ms_46.wav,	6,	305.84654000000006,	8.29,	nan,	90,	2
08,	2,	5,	3,	8,	uso_300ms_55.wav,	5,	262.5784270000001,	6.85,	nan,	90,	2
08,	2,	5,	3,	9,	uso_300ms_60.wav,	6,	309.6152000000001,	8.42,	nan,	90,	2
08,	2,	5,	3,	10,	uso_300ms_75.wav,	7,	327.03298500000005,	9.0,	nan,	90,	2
08,	2,	5,	3,	11,	uso_300ms_49.wav,	8,	348.28096700000003,	9.71,	nan,	90,	2
08,	2,	5,	3,	12,	uso_300ms_39.wav,	8,	358.9300880000002,	10.06,	nan,	90,	2
08,	2,	5,	3,	13,	uso_300ms_69.wav,	8,	365.2316420000001,	10.27,	nan,	90,	2
08,	2,	5,	3,	14,	uso_300ms_44.wav,	9,	372.79091400000004,	10.53,	nan,	90,	2
08,	2,	5,	3,	15,	uso_300ms_49.wav,	9,	372.231334,	10.51,	nan,	90,	2
08,	2,	5,	3,	16,	uso_300ms_71.wav,	9,	372.231334,	10.51,	nan,	90,	2
08,	2,	5,	3,	17,	uso_300ms_89.wav,	9,	412.66664499999996,	11.86,	nan,	90,	2
08,	2,	5,	3,	18,	uso_300ms_46.wav,	9,	431.9272079999999,	12.5,	nan,	90,	2
08,	2,	5,	3,	19,	uso_300ms_8.wav,	9,	450.7658669999999,	13.13,	nan,	90,	2
08,	2,	5,	3,	20,	uso_300ms_23.wav,	5,	273.30281199999985,	7.21,	nan,	90,	2
08,	2,	5,	3,	21,	uso_300ms_57.wav,	5,	273.40007699999984,	7.21,	nan,	90,	2
08,	2,	5,	3,	22,	uso_300ms_11.wav,	5,	273.40007699999984,	7.21,	nan,	90,	2
08,	2,	5,	3,	23,	uso_300ms_49.wav,	7,	320.6743039999999,	8.79,	nan,	90,	2
08,	2,	5,	3,	24,	uso_300ms_5.wav,	5,	274.2387329999999,	7.24,	nan,	90,	2
08,	2,	5,	3,	25,	uso_300ms_18.wav,	6,	287.89570499999996,	7.7,	nan,	90,	2
08,	2,	5,	3,	26,	uso_300ms_95.wav,	6,	287.89570499999996,	7.7,	nan,	90,	2
08,	2,	5,	3,	27,	uso_300ms_83.wav,	6,	287.89570499999996,	7.7,	nan,	90,	2
08,	2,	5,	3,	28,	uso_300ms_87.wav,	6,	306.69538800000004,	8.32,	nan,	90,	2
08,	2,	5,	3,	29,	uso_300ms_42.wav,	7,	312.6375900000001,	8.52,	nan,	90,	2
08,	2,	5,	3,	30,	uso_300ms_86.wav,	7,	312.6375900000001,	8.52,	nan,	90,	2
08,	2,	5,	3,	31,	uso_300ms_2.wav,	7,	312.6375900000001,	8.52,	nan,	90,	2
08,	2,	5,	3,	32,	uso_300ms_57.wav,	7,	337.0304340000001,	9.33,	nan,	90,	2
08,	2,	5,	3,	33,	uso_300ms_81.wav,	7,	337.0304340000001,	9.33,	nan,	90,	2
08,	2,	5,	3,	34,	uso_300ms_28.wav,	8,	362.1803980000002,	10.17,	nan,	90,	2
08,	2,	5,	3,	35,	uso_300ms_64.wav,	8,	362.1803980000002,	10.17,	nan,	90,	2
08,	2,	5,	3,	36,	uso_300ms_43.wav,	8,	362.1803980000002,	10.17,	nan,	90,	2
08,	2,	5,	3,	37,	uso_300ms_51.wav,	8,	362.1803980000002,	10.17,	nan,	90,	2
08,	2,	5,	3,	38,	uso_300ms_36.wav,	9,	392.4296800000002,	11.18,	nan,	90,	2
08,	2,	5,	3,	39,	uso_300ms_39.wav,	9,	392.4296800000002,	11.18,	nan,	90,	2
08,	2,	5,	3,	40,	uso_300ms_3.wav,	9,	399.8259430000001,	11.43,	nan,	90,	2
08,	2,	5,	3,	41,	uso_300ms_87.wav,	9,	406.11164200000013,	11.64,	nan,	90,	2
08,	2,	5,	3,	42,	uso_300ms_93.wav,	9,	410.66084400000005,	11.79,	nan,	90,	2
08,	2,	5,	3,	43,	uso_300ms_42.wav,	9,	415.7804410000001,	11.96,	nan,	90,	2
08,	2,	5,	3,	44,	uso_300ms_94.wav,	9,	373.9172840000001,	10.56,	nan,	90,	2
08,	2,	5,	3,	45,	uso_300ms_43.wav,	8,	361.8648310000002,	10.16,	nan,	90,	2
08,	2,	5,	3,	46,	uso_300ms_96.wav,	6,	284.6434280000002,	7.59,	nan,	90,	2
08,	2,	5,	3,	47,	uso_300ms_66.wav,	5,	258.7711410000001,	6.73,	nan,	90,	2
08,	2,	5,	3,	48,	uso_300ms_35.wav,	5,	243.31366400000013,	6.21,	nan,	90,	2
08,	2,	5,	3,	49,	uso_300ms_55.wav,	5,	280.82435400000014,	7.46,	nan,	90,	2
08,	2,	5,	3,	50,	uso_300ms_71.wav,	6,	299.5480800000001,	8.08,	nan,	90,	2
08,	2,	5,	3,	51,	uso_300ms_57.wav,	5,	258.88281200000006,	6.73,	nan,	90,	2
08,	2,	5,	3,	52,	uso_300ms_37.wav,	9,	392.65573800000004,	11.19,	nan,	90,	2
08,	2,	5,	3,	53,	uso_300ms_52.wav,	5,	275.37094800000006,	7.28,	nan,	90,	2
08,	2,	5,	3,	54,	uso_300ms_18.wav,	6,	310.7899540000001,	8.46,	nan,	90,	2
08,	2,	5,	3,	55,	uso_300ms_57.wav,	5,	259.25597500000003,	6.74,	nan,	90,	2
08,	2,	5,	3,	56,	uso_300ms_100.wav,	8,	349.209958,	9.74,	nan,	90,	2
08,	2,	5,	3,	57,	uso_300ms_49.wav,	7,	327.8703249999999,	9.03,	nan,	90,	2
08,	2,	5,	3,	58,	uso_300ms_44.wav,	9,	375.3242630000001,	10.61,	nan,	90,	2
08,	2,	5,	3,	59,	uso_300ms_50.wav,	8,	350.0718400000004,	9.77,	nan,	90,	2
08,	2,	5,	3,	60,	uso_300ms_31.wav,	7,	323.4391990000004,	8.88,	nan,	90,	2
08,	2,	5,	3,	61,	uso_300ms_17.wav,	6,	300.1900710000004,	8.11,	nan,	90,	2
08,	2,	5,	3,	62,	uso_300ms_13.wav,	6,	284.1567390000004,	7.57,	nan,	90,	2
08,	2,	5,	3,	63,	uso_300ms_98.wav,	5,	266.0867080000004,	6.97,	nan,	90,	2
08,	2,	5,	3,	64,	uso_300ms_22.wav,	5,	250.00823300000042,	6.43,	nan,	90,	2
08,	2,	5,	3,	65,	uso_300ms_50.wav,	5,	231.6810220000004,	5.82,	nan,	90,	2
08,	2,	5,	3,	66,	uso_300ms_15.wav,	5,	193.14427200000037,	4.54,	nan,	90,	2
08,	2,	5,	3,	67,	uso_300ms_34.wav,	9,	435.5323340000003,	12.62,	nan,	90,	2
08,	2,	5,	3,	68,	uso_300ms_52.wav,	9,	436.78352100000023,	12.66,	nan,	90,	2
08,	2,	5,	3,	69,	uso_300ms_94.wav,	9,	389.4530000000001,	11.08,	nan,	90,	2
08,	2,	5,	3,	70,	uso_300ms_19.wav,	9,	377.833903,	10.69,	nan,	90,	2
08,	2,	5,	3,	71,	uso_300ms_51.wav,	8,	345.21675199999993,	9.61,	nan,	90,	2
08,	2,	5,	3,	72,	uso_300ms_84.wav,	8,	345.21675199999993,	9.61,	nan,	90,	2
08,	2,	5,	3,	73,	uso_300ms_17.wav,	6,	299.6510359999999,	8.09,	nan,	90,	2
08,	2,	5,	3,	74,	uso_300ms_3.wav,	7,	319.62250500000005,	8.75,	nan,	90,	2
08,	2,	5,	3,	75,	uso_300ms_53.wav,	7,	319.62250500000005,	8.75,	nan,	90,	2
08,	2,	5,	3,	76,	uso_300ms_94.wav,	7,	337.158345,	9.34,	nan,	90,	2
08,	2,	5,	3,	77,	uso_300ms_66.wav,	8,	348.49291999999997,	9.72,	nan,	90,	2
08,	2,	5,	3,	78,	uso_300ms_75.wav,	8,	367.1967659999999,	10.34,	nan,	90,	2
08,	2,	5,	3,	79,	uso_300ms_51.wav,	9,	377.69980399999986,	10.69,	nan,	90,	2
08,	2,	5,	3,	80,	uso_300ms_83.wav,	8,	347.8167339999998,	9.69,	nan,	90,	2
08,	2,	5,	3,	81,	uso_300ms_11.wav,	7,	327.05244499999986,	9.0,	nan,	90,	2
08,	2,	5,	3,	82,	uso_300ms_37.wav,	6,	305.9705589999999,	8.3,	nan,	90,	2
08,	2,	5,	3,	83,	uso_300ms_48.wav,	5,	273.11041699999987,	7.2,	nan,	90,	2
08,	2,	5,	3,	84,	uso_300ms_2.wav,	6,	292.5960019999998,	7.85,	nan,	90,	2
08,	2,	5,	3,	85,	uso_300ms_70.wav,	7,	322.61270899999977,	8.85,	nan,	90,	2
08,	2,	5,	3,	86,	uso_300ms_28.wav,	7,	341.37006299999973,	9.48,	nan,	90,	2
08,	2,	5,	3,	87,	uso_300ms_9.wav,	8,	365.8183959999997,	10.29,	nan,	90,	2
08,	2,	5,	3,	88,	uso_300ms_98.wav,	9,	391.57367099999976,	11.15,	nan,	90,	2
08,	2,	5,	3,	89,	uso_300ms_95.wav,	9,	409.1513149999999,	11.74,	nan,	90,	2
08,	2,	5,	3,	90,	uso_300ms_93.wav,	5,	274.99535599999984,	7.27,	nan,	90,	2
