sub_id,cond_id,block_id,task_id,event_id,stim_id,speaker_id,led_id,led_distance,response_time,n_reps,isi
12,	2,	6,	1,	1,	uso_300ms_52.wav,	8,	381,	10.8,	3.2721107006073,	15,	0.3
12,	2,	6,	1,	2,	uso_300ms_30.wav,	9,	355,	9.93,	1.2554349899291992,	15,	0.3
12,	2,	6,	1,	3,	uso_300ms_84.wav,	2,	265,	6.93,	1.6976125240325928,	15,	0.3
12,	2,	6,	1,	4,	uso_300ms_9.wav,	4,	303,	8.2,	1.0166871547698975,	15,	0.3
12,	2,	6,	1,	5,	uso_300ms_57.wav,	3,	237,	6.0,	1.424706220626831,	15,	0.3
12,	2,	6,	1,	6,	uso_300ms_1.wav,	7,	313,	8.53,	1.457209825515747,	15,	0.3
12,	2,	6,	1,	7,	uso_300ms_7.wav,	6,	285,	7.6,	1.3649888038635254,	15,	0.3
12,	2,	6,	1,	8,	uso_300ms_31.wav,	5,	285,	7.6,	1.1835055351257324,	15,	0.3
12,	2,	6,	1,	9,	uso_300ms_84.wav,	1,	213,	5.2,	1.5794522762298584,	15,	0.3
12,	2,	6,	1,	10,	uso_300ms_66.wav,	10,	396,	11.3,	2.012463331222534,	15,	0.3
12,	2,	6,	1,	11,	uso_300ms_81.wav,	0,	214,	5.23,	1.8434865474700928,	15,	0.3
12,	2,	6,	1,	12,	uso_300ms_9.wav,	1,	175,	3.93,	1.528813362121582,	15,	0.3
12,	2,	6,	1,	13,	uso_300ms_64.wav,	4,	264,	6.9,	1.5130424499511719,	15,	0.3
12,	2,	6,	1,	14,	uso_300ms_1.wav,	7,	326,	8.97,	1.3740909099578857,	15,	0.3
12,	2,	6,	1,	15,	uso_300ms_8.wav,	0,	124,	2.23,	4.3067779541015625,	15,	0.3
12,	2,	6,	1,	16,	uso_300ms_21.wav,	9,	320,	8.77,	2.0265913009643555,	15,	0.3
12,	2,	6,	1,	17,	uso_300ms_1.wav,	5,	292,	7.83,	1.160630226135254,	15,	0.3
12,	2,	6,	1,	18,	uso_300ms_86.wav,	2,	225,	5.6,	1.4576828479766846,	15,	0.3
12,	2,	6,	1,	19,	uso_300ms_65.wav,	8,	296,	7.97,	1.4837608337402344,	15,	0.3
12,	2,	6,	1,	20,	uso_300ms_29.wav,	6,	302,	8.17,	2.0504908561706543,	15,	0.3
12,	2,	6,	1,	21,	uso_300ms_44.wav,	3,	255,	6.6,	1.413182020187378,	15,	0.3
12,	2,	6,	1,	22,	uso_300ms_22.wav,	10,	332,	9.17,	1.2938835620880127,	15,	0.3
12,	2,	6,	1,	23,	uso_300ms_81.wav,	1,	234,	5.9,	1.605696201324463,	15,	0.3
12,	2,	6,	1,	24,	uso_300ms_43.wav,	7,	309,	8.4,	1.7275891304016113,	15,	0.3
12,	2,	6,	1,	25,	uso_300ms_45.wav,	8,	334,	9.23,	1.8267407417297363,	15,	0.3
12,	2,	6,	1,	26,	uso_300ms_54.wav,	3,	250,	6.43,	1.5042459964752197,	15,	0.3
12,	2,	6,	1,	27,	uso_300ms_50.wav,	5,	268,	7.03,	1.2922139167785645,	15,	0.3
12,	2,	6,	1,	28,	uso_300ms_78.wav,	4,	212,	5.17,	1.239189624786377,	15,	0.3
12,	2,	6,	1,	29,	uso_300ms_13.wav,	10,	312,	8.5,	1.5147435665130615,	15,	0.3
12,	2,	6,	1,	30,	uso_300ms_36.wav,	0,	179,	4.07,	1.8472075462341309,	15,	0.3
12,	2,	6,	1,	31,	uso_300ms_31.wav,	2,	202,	4.83,	1.3771960735321045,	15,	0.3
12,	2,	6,	1,	32,	uso_300ms_60.wav,	9,	269,	7.07,	1.3652520179748535,	15,	0.3
12,	2,	6,	1,	33,	uso_300ms_42.wav,	6,	213,	5.2,	1.409698724746704,	15,	0.3
12,	2,	6,	1,	34,	uso_300ms_23.wav,	5,	213,	5.2,	1.0183446407318115,	15,	0.3
12,	2,	6,	1,	35,	uso_300ms_97.wav,	1,	172,	3.83,	1.1297602653503418,	15,	0.3
12,	2,	6,	1,	36,	uso_300ms_29.wav,	3,	194,	4.57,	1.430189609527588,	15,	0.3
12,	2,	6,	1,	37,	uso_300ms_13.wav,	2,	159,	3.4,	1.2953689098358154,	15,	0.3
12,	2,	6,	1,	38,	uso_300ms_94.wav,	7,	222,	5.5,	1.4369428157806396,	15,	0.3
12,	2,	6,	1,	39,	uso_300ms_68.wav,	6,	235,	5.93,	1.5021641254425049,	15,	0.3
12,	2,	6,	1,	40,	uso_300ms_8.wav,	0,	142,	2.83,	1.511012315750122,	15,	0.3
12,	2,	6,	1,	41,	uso_300ms_51.wav,	10,	320,	8.77,	3.58893084526062,	15,	0.3
12,	2,	6,	1,	42,	uso_300ms_37.wav,	4,	271,	7.13,	1.3236794471740723,	15,	0.3
12,	2,	6,	1,	43,	uso_300ms_37.wav,	9,	348,	9.7,	1.3000810146331787,	15,	0.3
12,	2,	6,	1,	44,	uso_300ms_83.wav,	8,	348,	9.7,	1.270005464553833,	15,	0.3
12,	2,	6,	1,	45,	uso_300ms_23.wav,	4,	289,	7.73,	1.3480257987976074,	15,	0.3
12,	2,	6,	1,	46,	uso_300ms_14.wav,	8,	323,	8.87,	1.268500804901123,	15,	0.3
12,	2,	6,	1,	47,	uso_300ms_9.wav,	5,	359,	10.07,	1.4061157703399658,	15,	0.3
12,	2,	6,	1,	48,	uso_300ms_30.wav,	6,	280,	7.43,	1.3651056289672852,	15,	0.3
12,	2,	6,	1,	49,	uso_300ms_27.wav,	3,	244,	6.23,	1.3012020587921143,	15,	0.3
12,	2,	6,	1,	50,	uso_300ms_80.wav,	0,	136,	2.63,	1.5218825340270996,	15,	0.3
12,	2,	6,	1,	51,	uso_300ms_54.wav,	2,	199,	4.73,	1.2263994216918945,	15,	0.3
12,	2,	6,	1,	52,	uso_300ms_17.wav,	7,	265,	6.93,	1.3649241924285889,	15,	0.3
12,	2,	6,	1,	53,	uso_300ms_97.wav,	1,	162,	3.5,	1.4935874938964844,	15,	0.3
12,	2,	6,	1,	54,	uso_300ms_29.wav,	9,	279,	7.4,	1.4557440280914307,	15,	0.3
12,	2,	6,	1,	55,	uso_300ms_57.wav,	10,	315,	8.6,	1.1469731330871582,	15,	0.3
12,	2,	6,	1,	56,	uso_300ms_42.wav,	7,	295,	7.93,	1.5533123016357422,	15,	0.3
12,	2,	6,	1,	57,	uso_300ms_15.wav,	0,	161,	3.47,	1.5225021839141846,	15,	0.3
12,	2,	6,	1,	58,	uso_300ms_44.wav,	3,	292,	7.83,	2.920125722885132,	15,	0.3
12,	2,	6,	1,	59,	uso_300ms_84.wav,	1,	187,	4.33,	1.4940166473388672,	15,	0.3
12,	2,	6,	1,	60,	uso_300ms_40.wav,	9,	339,	9.4,	3.3465137481689453,	15,	0.3
12,	2,	6,	1,	61,	uso_300ms_48.wav,	2,	218,	5.37,	1.5009548664093018,	15,	0.3
12,	2,	6,	1,	62,	uso_300ms_94.wav,	5,	264,	6.9,	1.47141695022583,	15,	0.3
12,	2,	6,	1,	63,	uso_300ms_63.wav,	6,	314,	8.57,	1.2468562126159668,	15,	0.3
12,	2,	6,	1,	64,	uso_300ms_13.wav,	10,	367,	10.33,	1.3153927326202393,	15,	0.3
12,	2,	6,	1,	65,	uso_300ms_72.wav,	4,	339,	9.4,	1.3598754405975342,	15,	0.3
12,	2,	6,	1,	66,	uso_300ms_79.wav,	8,	384,	10.9,	1.1656122207641602,	15,	0.3
12,	2,	6,	1,	67,	uso_300ms_88.wav,	3,	356,	9.97,	1.1108179092407227,	15,	0.3
12,	2,	6,	1,	68,	uso_300ms_3.wav,	9,	419,	12.07,	3.2559432983398438,	15,	0.3
12,	2,	6,	1,	69,	uso_300ms_55.wav,	10,	441,	12.8,	1.2216145992279053,	15,	0.3
12,	2,	6,	1,	70,	uso_300ms_41.wav,	2,	311,	8.47,	1.8781962394714355,	15,	0.3
12,	2,	6,	1,	71,	uso_300ms_74.wav,	1,	188,	4.37,	1.508476972579956,	15,	0.3
12,	2,	6,	1,	72,	uso_300ms_97.wav,	0,	116,	1.97,	1.5576257705688477,	15,	0.3
12,	2,	6,	1,	73,	uso_300ms_56.wav,	8,	355,	9.93,	4.337392568588257,	15,	0.3
12,	2,	6,	1,	74,	uso_300ms_36.wav,	7,	305,	8.27,	1.5627491474151611,	15,	0.3
12,	2,	6,	1,	75,	uso_300ms_63.wav,	4,	270,	7.1,	1.381967306137085,	15,	0.3
12,	2,	6,	1,	76,	uso_300ms_56.wav,	6,	305,	8.27,	2.484508991241455,	15,	0.3
12,	2,	6,	1,	77,	uso_300ms_59.wav,	5,	318,	8.7,	1.4805262088775635,	15,	0.3
12,	2,	6,	1,	78,	uso_300ms_42.wav,	9,	359,	10.07,	1.2807526588439941,	15,	0.3
12,	2,	6,	1,	79,	uso_300ms_28.wav,	0,	163,	3.53,	1.8694391250610352,	15,	0.3
12,	2,	6,	1,	80,	uso_300ms_6.wav,	3,	221,	5.47,	1.4353396892547607,	15,	0.3
12,	2,	6,	1,	81,	uso_300ms_17.wav,	10,	382,	10.83,	2.1033952236175537,	15,	0.3
12,	2,	6,	1,	82,	uso_300ms_53.wav,	7,	413,	11.87,	1.4593405723571777,	15,	0.3
12,	2,	6,	1,	83,	uso_300ms_75.wav,	5,	297,	8.0,	1.6449809074401855,	15,	0.3
12,	2,	6,	1,	84,	uso_300ms_6.wav,	6,	322,	8.83,	1.988525152206421,	15,	0.3
12,	2,	6,	1,	85,	uso_300ms_3.wav,	2,	209,	5.07,	1.3990898132324219,	15,	0.3
12,	2,	6,	1,	86,	uso_300ms_12.wav,	8,	325,	8.93,	3.811619520187378,	15,	0.3
12,	2,	6,	1,	87,	uso_300ms_58.wav,	4,	246,	6.3,	1.2774474620819092,	15,	0.3
12,	2,	6,	1,	88,	uso_300ms_90.wav,	1,	143,	2.87,	1.2694923877716064,	15,	0.3
12,	2,	6,	1,	89,	uso_300ms_1.wav,	3,	206,	4.97,	1.2269022464752197,	15,	0.3
12,	2,	6,	1,	90,	uso_300ms_26.wav,	4,	174,	3.9,	1.0196468830108643,	15,	0.3
12,	2,	6,	1,	91,	uso_300ms_46.wav,	7,	259,	6.73,	2.0883748531341553,	15,	0.3
12,	2,	6,	1,	92,	uso_300ms_55.wav,	5,	234,	5.9,	1.0927681922912598,	15,	0.3
12,	2,	6,	1,	93,	uso_300ms_62.wav,	0,	164,	3.57,	1.3172428607940674,	15,	0.3
12,	2,	6,	1,	94,	uso_300ms_97.wav,	10,	331,	9.13,	3.8628547191619873,	15,	0.3
12,	2,	6,	1,	95,	uso_300ms_72.wav,	8,	337,	9.33,	1.1249463558197021,	15,	0.3
12,	2,	6,	1,	96,	uso_300ms_95.wav,	9,	343,	9.53,	1.0152578353881836,	15,	0.3
12,	2,	6,	1,	97,	uso_300ms_45.wav,	2,	252,	6.5,	1.2389702796936035,	15,	0.3
12,	2,	6,	1,	98,	uso_300ms_57.wav,	6,	318,	8.7,	1.5210165977478027,	15,	0.3
12,	2,	6,	1,	99,	uso_300ms_29.wav,	1,	209,	5.07,	1.4214885234832764,	15,	0.3
12,	2,	6,	1,	100,	uso_300ms_54.wav,	3,	290,	7.77,	1.5903339385986328,	15,	0.3
12,	2,	6,	1,	101,	uso_300ms_78.wav,	2,	297,	8.0,	1.2137444019317627,	15,	0.3
12,	2,	6,	1,	102,	uso_300ms_95.wav,	5,	315,	8.6,	1.2808685302734375,	15,	0.3
12,	2,	6,	1,	103,	uso_300ms_80.wav,	1,	239,	6.07,	1.410545825958252,	15,	0.3
12,	2,	6,	1,	104,	uso_300ms_94.wav,	7,	329,	9.07,	2.195510149002075,	15,	0.3
12,	2,	6,	1,	105,	uso_300ms_84.wav,	0,	181,	4.13,	1.6115975379943848,	15,	0.3
12,	2,	6,	1,	106,	uso_300ms_75.wav,	10,	387,	11.0,	3.1098134517669678,	15,	0.3
12,	2,	6,	1,	107,	uso_300ms_65.wav,	4,	330,	9.1,	1.4210050106048584,	15,	0.3
12,	2,	6,	1,	108,	uso_300ms_89.wav,	9,	341,	9.47,	1.4501898288726807,	15,	0.3
12,	2,	6,	1,	109,	uso_300ms_80.wav,	8,	398,	11.37,	1.3378565311431885,	15,	0.3
12,	2,	6,	1,	110,	uso_300ms_42.wav,	6,	404,	11.57,	1.2873973846435547,	15,	0.3
12,	2,	6,	1,	111,	uso_300ms_90.wav,	8,	423,	12.2,	1.3680944442749023,	15,	0.3
12,	2,	6,	1,	112,	uso_300ms_85.wav,	10,	429,	12.4,	1.099578619003296,	15,	0.3
12,	2,	6,	1,	113,	uso_300ms_22.wav,	9,	429,	12.4,	0.9062321186065674,	15,	0.3
12,	2,	6,	1,	114,	uso_300ms_86.wav,	0,	156,	3.3,	2.3727478981018066,	15,	0.3
12,	2,	6,	1,	115,	uso_300ms_59.wav,	6,	253,	6.53,	2.099679708480835,	15,	0.3
12,	2,	6,	1,	116,	uso_300ms_62.wav,	1,	176,	3.97,	1.4589674472808838,	15,	0.3
12,	2,	6,	1,	117,	uso_300ms_14.wav,	2,	206,	4.97,	1.4235525131225586,	15,	0.3
12,	2,	6,	1,	118,	uso_300ms_10.wav,	3,	226,	5.63,	1.9418535232543945,	15,	0.3
12,	2,	6,	1,	119,	uso_300ms_56.wav,	7,	263,	6.87,	2.938796281814575,	15,	0.3
12,	2,	6,	1,	120,	uso_300ms_89.wav,	4,	193,	4.53,	1.526867151260376,	15,	0.3
12,	2,	6,	1,	121,	uso_300ms_97.wav,	5,	278,	7.37,	1.9729595184326172,	15,	0.3
12,	2,	6,	1,	122,	uso_300ms_37.wav,	2,	190,	4.43,	1.3675763607025146,	15,	0.3
12,	2,	6,	1,	123,	uso_300ms_63.wav,	5,	197,	4.67,	1.155092716217041,	15,	0.3
12,	2,	6,	1,	124,	uso_300ms_22.wav,	10,	336,	9.3,	1.6747872829437256,	15,	0.3
12,	2,	6,	1,	125,	uso_300ms_16.wav,	8,	336,	9.3,	0.8509910106658936,	15,	0.3
12,	2,	6,	1,	126,	uso_300ms_75.wav,	7,	311,	8.47,	0.9866082668304443,	15,	0.3
12,	2,	6,	1,	127,	uso_300ms_9.wav,	1,	187,	4.33,	1.7033812999725342,	15,	0.3
12,	2,	6,	1,	128,	uso_300ms_77.wav,	0,	152,	3.17,	1.2344257831573486,	15,	0.3
12,	2,	6,	1,	129,	uso_300ms_25.wav,	4,	277,	7.33,	2.029893398284912,	15,	0.3
12,	2,	6,	1,	130,	uso_300ms_2.wav,	6,	331,	9.13,	3.7944257259368896,	15,	0.3
12,	2,	6,	1,	131,	uso_300ms_2.wav,	9,	360,	10.1,	1.2627956867218018,	15,	0.3
12,	2,	6,	1,	132,	uso_300ms_5.wav,	3,	386,	10.97,	0.2930114269256592,	15,	0.3
12,	2,	6,	1,	133,	uso_300ms_12.wav,	9,	386,	10.97,	1.5568926334381104,	15,	0.3
12,	2,	6,	1,	134,	uso_300ms_50.wav,	10,	406,	11.63,	1.2728712558746338,	15,	0.3
12,	2,	6,	1,	135,	uso_300ms_23.wav,	0,	115,	1.93,	2.8842098712921143,	15,	0.3
12,	2,	6,	1,	136,	uso_300ms_3.wav,	2,	198,	4.7,	1.705841064453125,	15,	0.3
12,	2,	6,	1,	137,	uso_300ms_69.wav,	5,	239,	6.07,	1.268202543258667,	15,	0.3
12,	2,	6,	1,	138,	uso_300ms_65.wav,	6,	266,	6.97,	1.0142691135406494,	15,	0.3
12,	2,	6,	1,	139,	uso_300ms_2.wav,	8,	295,	7.93,	0.8041684627532959,	15,	0.3
12,	2,	6,	1,	140,	uso_300ms_10.wav,	1,	211,	5.13,	1.436934232711792,	15,	0.3
12,	2,	6,	1,	141,	uso_300ms_73.wav,	4,	211,	5.13,	0.8930761814117432,	15,	0.3
12,	2,	6,	1,	142,	uso_300ms_76.wav,	3,	186,	4.3,	1.4602434635162354,	15,	0.3
12,	2,	6,	1,	143,	uso_300ms_5.wav,	7,	270,	7.1,	2.010972499847412,	15,	0.3
12,	2,	6,	1,	144,	uso_300ms_15.wav,	8,	322,	8.83,	2.4283924102783203,	15,	0.3
12,	2,	6,	1,	145,	uso_300ms_5.wav,	4,	293,	7.87,	1.2717864513397217,	15,	0.3
12,	2,	6,	1,	146,	uso_300ms_28.wav,	3,	257,	6.67,	1.321460247039795,	15,	0.3
12,	2,	6,	1,	147,	uso_300ms_54.wav,	1,	202,	4.83,	1.2251262664794922,	15,	0.3
12,	2,	6,	1,	148,	uso_300ms_75.wav,	0,	146,	2.97,	1.3128917217254639,	15,	0.3
12,	2,	6,	1,	149,	uso_300ms_11.wav,	9,	360,	10.1,	2.2111196517944336,	15,	0.3
12,	2,	6,	1,	150,	uso_300ms_13.wav,	7,	262,	6.83,	1.7805075645446777,	15,	0.3
12,	2,	6,	1,	151,	uso_300ms_21.wav,	6,	227,	5.67,	1.1839251518249512,	15,	0.3
12,	2,	6,	1,	152,	uso_300ms_65.wav,	2,	175,	3.93,	1.1442039012908936,	15,	0.3
12,	2,	6,	1,	153,	uso_300ms_76.wav,	10,	375,	10.6,	2.255434274673462,	15,	0.3
12,	2,	6,	1,	154,	uso_300ms_58.wav,	5,	278,	7.37,	1.7078754901885986,	15,	0.3
12,	2,	6,	1,	155,	uso_300ms_52.wav,	6,	246,	6.3,	1.0574185848236084,	15,	0.3
12,	2,	6,	1,	156,	uso_300ms_36.wav,	10,	418,	12.03,	2.5740139484405518,	15,	0.3
12,	2,	6,	1,	157,	uso_300ms_97.wav,	3,	208,	5.03,	2.0015311241149902,	15,	0.3
12,	2,	6,	1,	158,	uso_300ms_40.wav,	2,	157,	3.33,	1.7582271099090576,	15,	0.3
12,	2,	6,	1,	159,	uso_300ms_85.wav,	0,	122,	2.17,	1.1442060470581055,	15,	0.3
12,	2,	6,	1,	160,	uso_300ms_80.wav,	7,	267,	7.0,	2.3512191772460938,	15,	0.3
12,	2,	6,	1,	161,	uso_300ms_38.wav,	5,	267,	7.0,	1.1265194416046143,	15,	0.3
12,	2,	6,	1,	162,	uso_300ms_10.wav,	9,	343,	9.53,	2.5605480670928955,	15,	0.3
12,	2,	6,	1,	163,	uso_300ms_56.wav,	8,	396,	11.3,	1.3396127223968506,	15,	0.3
12,	2,	6,	1,	164,	uso_300ms_98.wav,	1,	246,	6.3,	1.8419294357299805,	15,	0.3
12,	2,	6,	1,	165,	uso_300ms_56.wav,	4,	351,	9.8,	1.6617980003356934,	15,	0.3
