sub_id,cond_id,block_id,task_id,event_id,stim_id,speaker_id,led_id,led_distance,response_time,n_reps,isi
12,	2,	3,	3,	1,	uso_300ms_88.wav,	5,	121.98463800000002,	2.17,	nan,	90,	2
12,	2,	3,	3,	2,	uso_300ms_14.wav,	5,	209.74670400000002,	5.09,	nan,	90,	2
12,	2,	3,	3,	3,	uso_300ms_68.wav,	6,	283.03679500000015,	7.53,	nan,	90,	2
12,	2,	3,	3,	4,	uso_300ms_93.wav,	9,	386.95962100000025,	11.0,	nan,	90,	2
12,	2,	3,	3,	5,	uso_300ms_21.wav,	7,	333.9055080000003,	9.23,	nan,	90,	2
12,	2,	3,	3,	6,	uso_300ms_61.wav,	9,	391.7432040000003,	11.16,	nan,	90,	2
12,	2,	3,	3,	7,	uso_300ms_11.wav,	7,	332.7580190000003,	9.19,	nan,	90,	2
12,	2,	3,	3,	8,	uso_300ms_74.wav,	5,	259.7873100000002,	6.76,	nan,	90,	2
12,	2,	3,	3,	9,	uso_300ms_41.wav,	5,	190.9343930000001,	4.46,	nan,	90,	2
12,	2,	3,	3,	10,	uso_300ms_73.wav,	5,	190.9374170000001,	4.46,	nan,	90,	2
12,	2,	3,	3,	11,	uso_300ms_67.wav,	5,	136.08868600000014,	2.64,	nan,	90,	2
12,	2,	3,	3,	12,	uso_300ms_51.wav,	5,	115.61076000000018,	1.95,	nan,	90,	2
12,	2,	3,	3,	13,	uso_300ms_5.wav,	5,	127.97802400000026,	2.37,	nan,	90,	2
12,	2,	3,	3,	14,	uso_300ms_85.wav,	5,	175.90211700000032,	3.96,	nan,	90,	2
12,	2,	3,	3,	15,	uso_300ms_82.wav,	5,	236.63351499999996,	5.99,	nan,	90,	2
12,	2,	3,	3,	16,	uso_300ms_57.wav,	5,	272.24138100000107,	7.17,	nan,	90,	2
12,	2,	3,	3,	17,	uso_300ms_43.wav,	6,	294.2130510000014,	7.91,	nan,	90,	2
12,	2,	3,	3,	18,	uso_300ms_8.wav,	7,	327.98524400000144,	9.03,	nan,	90,	2
12,	2,	3,	3,	19,	uso_300ms_91.wav,	5,	264.01793500000133,	6.9,	nan,	90,	2
12,	2,	3,	3,	20,	uso_300ms_47.wav,	6,	300.8745940000013,	8.13,	nan,	90,	2
12,	2,	3,	3,	21,	uso_300ms_16.wav,	8,	349.13524700000124,	9.74,	nan,	90,	2
12,	2,	3,	3,	22,	uso_300ms_25.wav,	9,	403.3654300000013,	11.55,	nan,	90,	2
12,	2,	3,	3,	23,	uso_300ms_10.wav,	9,	436.1160570000013,	12.64,	nan,	90,	2
12,	2,	3,	3,	24,	uso_300ms_22.wav,	9,	450.8445050000013,	13.13,	nan,	90,	2
12,	2,	3,	3,	25,	uso_300ms_96.wav,	5,	267.7978300000011,	7.03,	nan,	90,	2
12,	2,	3,	3,	26,	uso_300ms_94.wav,	9,	419.12677000000116,	12.07,	nan,	90,	2
12,	2,	3,	3,	27,	uso_300ms_18.wav,	6,	287.5262380000011,	7.68,	nan,	90,	2
12,	2,	3,	3,	28,	uso_300ms_77.wav,	9,	449.2892870000012,	13.08,	nan,	90,	2
12,	2,	3,	3,	29,	uso_300ms_17.wav,	6,	305.84704400000123,	8.29,	nan,	90,	2
12,	2,	3,	3,	30,	uso_300ms_4.wav,	5,	240.5765870000012,	6.12,	nan,	90,	2
12,	2,	3,	3,	31,	uso_300ms_45.wav,	8,	371.4030590000012,	10.48,	nan,	90,	2
12,	2,	3,	3,	32,	uso_300ms_67.wav,	5,	230.22710800000118,	5.77,	nan,	90,	2
12,	2,	3,	3,	33,	uso_300ms_7.wav,	5,	240.17475200000118,	6.11,	nan,	90,	2
12,	2,	3,	3,	34,	uso_300ms_19.wav,	6,	302.62338300000135,	8.19,	nan,	90,	2
12,	2,	3,	3,	35,	uso_300ms_43.wav,	9,	434.0585470000014,	12.57,	nan,	90,	2
12,	2,	3,	3,	36,	uso_300ms_74.wav,	9,	448.5299340000015,	13.05,	nan,	90,	2
12,	2,	3,	3,	37,	uso_300ms_3.wav,	9,	380.16194200000155,	10.77,	nan,	90,	2
12,	2,	3,	3,	38,	uso_300ms_100.wav,	7,	313.3368900000015,	8.54,	nan,	90,	2
12,	2,	3,	3,	39,	uso_300ms_44.wav,	9,	411.60174900000123,	11.82,	nan,	90,	2
12,	2,	3,	3,	40,	uso_300ms_25.wav,	9,	411.60174900000123,	11.82,	nan,	90,	2
12,	2,	3,	3,	41,	uso_300ms_15.wav,	7,	326.9408230000012,	9.0,	nan,	90,	2
12,	2,	3,	3,	42,	uso_300ms_58.wav,	7,	326.9408230000012,	9.0,	nan,	90,	2
12,	2,	3,	3,	43,	uso_300ms_97.wav,	9,	379.9349180000012,	10.76,	nan,	90,	2
12,	2,	3,	3,	44,	uso_300ms_86.wav,	7,	323.38436100000115,	8.88,	nan,	90,	2
12,	2,	3,	3,	45,	uso_300ms_49.wav,	5,	275.08403900000116,	7.27,	nan,	90,	2
12,	2,	3,	3,	46,	uso_300ms_11.wav,	8,	345.32796800000125,	9.61,	nan,	90,	2
12,	2,	3,	3,	47,	uso_300ms_33.wav,	9,	404.2214670000013,	11.57,	nan,	90,	2
12,	2,	3,	3,	48,	uso_300ms_32.wav,	5,	274.4530800000013,	7.25,	nan,	90,	2
12,	2,	3,	3,	49,	uso_300ms_66.wav,	9,	424.4167960000014,	12.25,	nan,	90,	2
12,	2,	3,	3,	50,	uso_300ms_97.wav,	7,	318.79635800000136,	8.73,	nan,	90,	2
12,	2,	3,	3,	51,	uso_300ms_27.wav,	5,	241.8411930000014,	6.16,	nan,	90,	2
12,	2,	3,	3,	52,	uso_300ms_35.wav,	9,	376.30367500000136,	10.64,	nan,	90,	2
12,	2,	3,	3,	53,	uso_300ms_64.wav,	5,	229.33668000000125,	5.74,	nan,	90,	2
12,	2,	3,	3,	54,	uso_300ms_63.wav,	5,	229.33668000000125,	5.74,	nan,	90,	2
12,	2,	3,	3,	55,	uso_300ms_37.wav,	8,	357.9706960000014,	10.03,	nan,	90,	2
12,	2,	3,	3,	56,	uso_300ms_45.wav,	8,	368.9248210000023,	10.4,	nan,	90,	2
12,	2,	3,	3,	57,	uso_300ms_45.wav,	9,	427.0951640000025,	12.34,	nan,	90,	2
12,	2,	3,	3,	58,	uso_300ms_19.wav,	9,	427.0951640000025,	12.34,	nan,	90,	2
12,	2,	3,	3,	59,	uso_300ms_39.wav,	9,	427.0951640000025,	12.34,	nan,	90,	2
12,	2,	3,	3,	60,	uso_300ms_28.wav,	9,	427.0951640000025,	12.34,	nan,	90,	2
12,	2,	3,	3,	61,	uso_300ms_39.wav,	5,	257.78758500000254,	6.69,	nan,	90,	2
12,	2,	3,	3,	62,	uso_300ms_84.wav,	5,	257.78758500000254,	6.69,	nan,	90,	2
12,	2,	3,	3,	63,	uso_300ms_87.wav,	5,	257.78758500000254,	6.69,	nan,	90,	2
12,	2,	3,	3,	64,	uso_300ms_16.wav,	9,	407.60598800000315,	11.69,	nan,	90,	2
12,	2,	3,	3,	65,	uso_300ms_50.wav,	9,	407.6885180000033,	11.69,	nan,	90,	2
12,	2,	3,	3,	66,	uso_300ms_23.wav,	5,	253.5766510000033,	6.55,	nan,	90,	2
12,	2,	3,	3,	67,	uso_300ms_100.wav,	5,	253.5766510000033,	6.55,	nan,	90,	2
12,	2,	3,	3,	68,	uso_300ms_97.wav,	5,	253.5766510000033,	6.55,	nan,	90,	2
12,	2,	3,	3,	69,	uso_300ms_98.wav,	5,	253.5766510000033,	6.55,	nan,	90,	2
12,	2,	3,	3,	70,	uso_300ms_69.wav,	5,	253.5766510000033,	6.55,	nan,	90,	2
12,	2,	3,	3,	71,	uso_300ms_18.wav,	5,	253.5766510000033,	6.55,	nan,	90,	2
12,	2,	3,	3,	72,	uso_300ms_23.wav,	9,	381.4129260000033,	10.81,	nan,	90,	2
12,	2,	3,	3,	73,	uso_300ms_28.wav,	9,	381.4129260000033,	10.81,	nan,	90,	2
12,	2,	3,	3,	74,	uso_300ms_99.wav,	9,	381.4129260000033,	10.81,	nan,	90,	2
12,	2,	3,	3,	75,	uso_300ms_60.wav,	5,	198.86368500000322,	4.73,	nan,	90,	2
12,	2,	3,	3,	76,	uso_300ms_94.wav,	5,	198.86368500000322,	4.73,	nan,	90,	2
12,	2,	3,	3,	77,	uso_300ms_80.wav,	5,	198.86368500000322,	4.73,	nan,	90,	2
12,	2,	3,	3,	78,	uso_300ms_61.wav,	5,	198.86368500000322,	4.73,	nan,	90,	2
12,	2,	3,	3,	79,	uso_300ms_20.wav,	5,	198.86368500000322,	4.73,	nan,	90,	2
12,	2,	3,	3,	80,	uso_300ms_52.wav,	5,	198.86368500000322,	4.73,	nan,	90,	2
12,	2,	3,	3,	81,	uso_300ms_45.wav,	5,	198.86368500000322,	4.73,	nan,	90,	2
12,	2,	3,	3,	82,	uso_300ms_7.wav,	5,	198.86368500000322,	4.73,	nan,	90,	2
12,	2,	3,	3,	83,	uso_300ms_25.wav,	5,	198.85914900000324,	4.73,	nan,	90,	2
12,	2,	3,	3,	84,	uso_300ms_39.wav,	5,	198.85914900000324,	4.73,	nan,	90,	2
12,	2,	3,	3,	85,	uso_300ms_68.wav,	9,	411.4873550000032,	11.82,	nan,	90,	2
12,	2,	3,	3,	86,	uso_300ms_17.wav,	9,	411.4873550000032,	11.82,	nan,	90,	2
12,	2,	3,	3,	87,	uso_300ms_36.wav,	9,	411.4873550000032,	11.82,	nan,	90,	2
12,	2,	3,	3,	88,	uso_300ms_28.wav,	9,	411.4873550000032,	11.82,	nan,	90,	2
12,	2,	3,	3,	89,	uso_300ms_19.wav,	9,	411.4873550000032,	11.82,	nan,	90,	2
12,	2,	3,	3,	90,	uso_300ms_45.wav,	5,	226.24870700000315,	5.64,	nan,	90,	2
