sub_id,cond_id,block_id,task_id,event_id,stim_id,speaker_id,led_id,led_distance,response_time,n_reps,isi
12,	2,	1,	3,	1,	uso_300ms_55.wav,	7,	99,	1.4,	0.20042777061462402,	15,	0.3
12,	2,	1,	3,	2,	uso_300ms_4.wav,	8,	214,	5.23,	7.243539094924927,	15,	0.3
12,	2,	1,	3,	3,	uso_300ms_59.wav,	9,	300,	8.1,	3.097824811935425,	15,	0.3
12,	2,	1,	3,	4,	uso_300ms_44.wav,	6,	366,	10.3,	3.583759307861328,	15,	0.3
12,	2,	1,	3,	5,	uso_300ms_37.wav,	5,	170,	3.77,	10.848029851913452,	15,	0.3
12,	2,	1,	3,	6,	uso_300ms_73.wav,	7,	286,	7.63,	6.197614431381226,	15,	0.3
12,	2,	1,	3,	7,	uso_300ms_23.wav,	9,	311,	8.47,	2.272881507873535,	15,	0.3
12,	2,	1,	3,	8,	uso_300ms_24.wav,	5,	261,	6.8,	2.512791633605957,	15,	0.3
12,	2,	1,	3,	9,	uso_300ms_49.wav,	8,	295,	7.93,	3.317279815673828,	15,	0.3
12,	2,	1,	3,	10,	uso_300ms_25.wav,	6,	295,	7.93,	2.0610239505767822,	15,	0.3
12,	2,	1,	3,	11,	uso_300ms_7.wav,	7,	295,	7.93,	1.910562515258789,	15,	0.3
12,	2,	1,	3,	12,	uso_300ms_28.wav,	8,	323,	8.87,	2.3483009338378906,	15,	0.3
12,	2,	1,	3,	13,	uso_300ms_96.wav,	9,	319,	8.73,	3.13112473487854,	15,	0.3
12,	2,	1,	3,	14,	uso_300ms_65.wav,	6,	319,	8.73,	1.4229345321655273,	15,	0.3
12,	2,	1,	3,	15,	uso_300ms_22.wav,	5,	295,	7.93,	2.4753310680389404,	15,	0.3
12,	2,	1,	3,	16,	uso_300ms_16.wav,	8,	319,	8.73,	1.6906299591064453,	15,	0.3
12,	2,	1,	3,	17,	uso_300ms_55.wav,	9,	319,	8.73,	1.6145126819610596,	15,	0.3
12,	2,	1,	3,	18,	uso_300ms_41.wav,	6,	343,	9.53,	1.6886513233184814,	15,	0.3
12,	2,	1,	3,	19,	uso_300ms_100.wav,	7,	368,	10.37,	1.3572919368743896,	15,	0.3
12,	2,	1,	3,	20,	uso_300ms_84.wav,	5,	344,	9.57,	1.6444425582885742,	15,	0.3
12,	2,	1,	3,	21,	uso_300ms_11.wav,	9,	367,	10.33,	1.315613031387329,	15,	0.3
12,	2,	1,	3,	22,	uso_300ms_31.wav,	6,	327,	9.0,	2.711127758026123,	15,	0.3
12,	2,	1,	3,	23,	uso_300ms_55.wav,	5,	357,	10.0,	2.174126148223877,	15,	0.3
12,	2,	1,	3,	24,	uso_300ms_8.wav,	7,	313,	8.53,	1.7555925846099854,	15,	0.3
12,	2,	1,	3,	25,	uso_300ms_3.wav,	8,	326,	8.97,	1.7269048690795898,	15,	0.3
12,	2,	1,	3,	26,	uso_300ms_58.wav,	9,	344,	9.57,	1.379073143005371,	15,	0.3
12,	2,	1,	3,	27,	uso_300ms_96.wav,	8,	366,	10.3,	1.4719552993774414,	15,	0.3
12,	2,	1,	3,	28,	uso_300ms_55.wav,	5,	366,	10.3,	1.904980182647705,	15,	0.3
12,	2,	1,	3,	29,	uso_300ms_18.wav,	6,	381,	10.8,	1.4223272800445557,	15,	0.3
12,	2,	1,	3,	30,	uso_300ms_56.wav,	7,	381,	10.8,	1.8250107765197754,	15,	0.3
12,	2,	1,	3,	31,	uso_300ms_23.wav,	6,	381,	10.8,	1.3317482471466064,	15,	0.3
12,	2,	1,	3,	32,	uso_300ms_88.wav,	9,	381,	10.8,	1.9881627559661865,	15,	0.3
12,	2,	1,	3,	33,	uso_300ms_74.wav,	8,	382,	10.83,	2.148808479309082,	15,	0.3
12,	2,	1,	3,	34,	uso_300ms_35.wav,	7,	392,	11.17,	1.588712453842163,	15,	0.3
12,	2,	1,	3,	35,	uso_300ms_92.wav,	5,	392,	11.17,	1.377953052520752,	15,	0.3
12,	2,	1,	3,	36,	uso_300ms_77.wav,	9,	389,	11.07,	2.6594295501708984,	15,	0.3
12,	2,	1,	3,	37,	uso_300ms_37.wav,	7,	389,	11.07,	2.1203231811523438,	15,	0.3
12,	2,	1,	3,	38,	uso_300ms_66.wav,	5,	389,	11.07,	1.827502727508545,	15,	0.3
12,	2,	1,	3,	39,	uso_300ms_94.wav,	6,	389,	11.07,	1.2386305332183838,	15,	0.3
12,	2,	1,	3,	40,	uso_300ms_88.wav,	8,	389,	11.07,	1.3340208530426025,	15,	0.3
12,	2,	1,	3,	41,	uso_300ms_76.wav,	6,	389,	11.07,	1.7240471839904785,	15,	0.3
12,	2,	1,	3,	42,	uso_300ms_59.wav,	7,	389,	11.07,	1.4274301528930664,	15,	0.3
12,	2,	1,	3,	43,	uso_300ms_39.wav,	9,	389,	11.07,	1.9417386054992676,	15,	0.3
12,	2,	1,	3,	44,	uso_300ms_84.wav,	5,	389,	11.07,	1.2130320072174072,	15,	0.3
12,	2,	1,	3,	45,	uso_300ms_54.wav,	8,	389,	11.07,	0.9924471378326416,	15,	0.3
12,	2,	1,	3,	46,	uso_300ms_49.wav,	5,	389,	11.07,	0.9326848983764648,	15,	0.3
12,	2,	1,	3,	47,	uso_300ms_7.wav,	7,	389,	11.07,	1.1628386974334717,	15,	0.3
12,	2,	1,	3,	48,	uso_300ms_54.wav,	6,	389,	11.07,	1.1679105758666992,	15,	0.3
12,	2,	1,	3,	49,	uso_300ms_43.wav,	8,	389,	11.07,	1.223264455795288,	15,	0.3
12,	2,	1,	3,	50,	uso_300ms_23.wav,	9,	391,	11.13,	2.5977227687835693,	15,	0.3
12,	2,	1,	3,	51,	uso_300ms_5.wav,	6,	373,	10.53,	1.7485482692718506,	15,	0.3
12,	2,	1,	3,	52,	uso_300ms_86.wav,	8,	373,	10.53,	0.8921871185302734,	15,	0.3
12,	2,	1,	3,	53,	uso_300ms_8.wav,	7,	373,	10.53,	0.9112367630004883,	15,	0.3
12,	2,	1,	3,	54,	uso_300ms_79.wav,	5,	373,	10.53,	0.8842883110046387,	15,	0.3
12,	2,	1,	3,	55,	uso_300ms_3.wav,	9,	373,	10.53,	1.5881924629211426,	15,	0.3
12,	2,	1,	3,	56,	uso_300ms_48.wav,	7,	373,	10.53,	1.1936931610107422,	15,	0.3
12,	2,	1,	3,	57,	uso_300ms_97.wav,	5,	373,	10.53,	1.7555480003356934,	15,	0.3
12,	2,	1,	3,	58,	uso_300ms_80.wav,	9,	373,	10.53,	1.2588279247283936,	15,	0.3
12,	2,	1,	3,	59,	uso_300ms_28.wav,	6,	373,	10.53,	0.9665181636810303,	15,	0.3
12,	2,	1,	3,	60,	uso_300ms_2.wav,	8,	373,	10.53,	0.8274421691894531,	15,	0.3
12,	2,	1,	3,	61,	uso_300ms_83.wav,	9,	401,	11.47,	1.992398738861084,	15,	0.3
12,	2,	1,	3,	62,	uso_300ms_5.wav,	5,	373,	10.53,	1.6292049884796143,	15,	0.3
12,	2,	1,	3,	63,	uso_300ms_65.wav,	8,	373,	10.53,	1.1402804851531982,	15,	0.3
12,	2,	1,	3,	64,	uso_300ms_14.wav,	7,	373,	10.53,	1.347229242324829,	15,	0.3
12,	2,	1,	3,	65,	uso_300ms_86.wav,	6,	373,	10.53,	1.344787836074829,	15,	0.3
12,	2,	1,	3,	66,	uso_300ms_34.wav,	8,	373,	10.53,	1.5852108001708984,	15,	0.3
12,	2,	1,	3,	67,	uso_300ms_52.wav,	7,	374,	10.57,	1.9738941192626953,	15,	0.3
12,	2,	1,	3,	68,	uso_300ms_73.wav,	9,	404,	11.57,	1.6964709758758545,	15,	0.3
12,	2,	1,	3,	69,	uso_300ms_89.wav,	5,	404,	11.57,	1.6321585178375244,	15,	0.3
12,	2,	1,	3,	70,	uso_300ms_84.wav,	6,	404,	11.57,	1.0498418807983398,	15,	0.3
12,	2,	1,	3,	71,	uso_300ms_11.wav,	5,	404,	11.57,	0.9439151287078857,	15,	0.3
12,	2,	1,	3,	72,	uso_300ms_46.wav,	7,	404,	11.57,	0.9835193157196045,	15,	0.3
12,	2,	1,	3,	73,	uso_300ms_95.wav,	9,	404,	11.57,	1.2381622791290283,	15,	0.3
12,	2,	1,	3,	74,	uso_300ms_69.wav,	8,	415,	11.93,	1.7350857257843018,	15,	0.3
12,	2,	1,	3,	75,	uso_300ms_15.wav,	6,	415,	11.93,	0.9326412677764893,	15,	0.3
