sub_id,cond_id,block_id,task_id,event_id,stim_id,speaker_id,led_id,led_distance,response_time,n_reps,isi
12,	2,	2,	3,	1,	uso_300ms_26.wav,	5,	89,	1.07,	0.20123982429504395,	15,	0.3
12,	2,	2,	3,	2,	uso_300ms_57.wav,	7,	406,	11.63,	4.735480546951294,	15,	0.3
12,	2,	2,	3,	3,	uso_300ms_47.wav,	6,	406,	11.63,	1.9053094387054443,	15,	0.3
12,	2,	2,	3,	4,	uso_300ms_32.wav,	8,	406,	11.63,	1.4102227687835693,	15,	0.3
12,	2,	2,	3,	5,	uso_300ms_97.wav,	9,	436,	12.63,	3.035877227783203,	15,	0.3
12,	2,	2,	3,	6,	uso_300ms_25.wav,	5,	336,	9.3,	2.4608170986175537,	15,	0.3
12,	2,	2,	3,	7,	uso_300ms_97.wav,	9,	347,	9.67,	2.2380101680755615,	15,	0.3
12,	2,	2,	3,	8,	uso_300ms_29.wav,	8,	395,	11.27,	1.7746295928955078,	15,	0.3
12,	2,	2,	3,	9,	uso_300ms_27.wav,	7,	417,	12.0,	1.8235442638397217,	15,	0.3
12,	2,	2,	3,	10,	uso_300ms_16.wav,	6,	417,	12.0,	1.7903602123260498,	15,	0.3
12,	2,	2,	3,	11,	uso_300ms_53.wav,	5,	390,	11.1,	2.8691351413726807,	15,	0.3
12,	2,	2,	3,	12,	uso_300ms_6.wav,	9,	390,	11.1,	2.279510498046875,	15,	0.3
12,	2,	2,	3,	13,	uso_300ms_36.wav,	7,	414,	11.9,	3.416914224624634,	15,	0.3
12,	2,	2,	3,	14,	uso_300ms_37.wav,	8,	429,	12.4,	2.9392740726470947,	15,	0.3
12,	2,	2,	3,	15,	uso_300ms_9.wav,	6,	399,	11.4,	1.516932725906372,	15,	0.3
12,	2,	2,	3,	16,	uso_300ms_58.wav,	8,	399,	11.4,	2.370753765106201,	15,	0.3
12,	2,	2,	3,	17,	uso_300ms_87.wav,	6,	370,	10.43,	1.5337364673614502,	15,	0.3
12,	2,	2,	3,	18,	uso_300ms_37.wav,	7,	314,	8.57,	1.695605993270874,	15,	0.3
12,	2,	2,	3,	19,	uso_300ms_56.wav,	9,	403,	11.53,	2.176097869873047,	15,	0.3
12,	2,	2,	3,	20,	uso_300ms_25.wav,	5,	378,	10.7,	1.6918361186981201,	15,	0.3
12,	2,	2,	3,	21,	uso_300ms_76.wav,	8,	356,	9.97,	2.4344890117645264,	15,	0.3
12,	2,	2,	3,	22,	uso_300ms_2.wav,	6,	328,	9.03,	1.5637755393981934,	15,	0.3
12,	2,	2,	3,	23,	uso_300ms_99.wav,	7,	352,	9.83,	1.301461935043335,	15,	0.3
12,	2,	2,	3,	24,	uso_300ms_92.wav,	5,	352,	9.83,	1.6930782794952393,	15,	0.3
12,	2,	2,	3,	25,	uso_300ms_25.wav,	9,	382,	10.83,	1.7403111457824707,	15,	0.3
12,	2,	2,	3,	26,	uso_300ms_63.wav,	6,	382,	10.83,	2.222776174545288,	15,	0.3
12,	2,	2,	3,	27,	uso_300ms_57.wav,	7,	413,	11.87,	1.2344212532043457,	15,	0.3
12,	2,	2,	3,	28,	uso_300ms_67.wav,	8,	413,	11.87,	1.825812578201294,	15,	0.3
12,	2,	2,	3,	29,	uso_300ms_56.wav,	5,	413,	11.87,	1.8581840991973877,	15,	0.3
12,	2,	2,	3,	30,	uso_300ms_12.wav,	9,	413,	11.87,	1.7484397888183594,	15,	0.3
12,	2,	2,	3,	31,	uso_300ms_45.wav,	8,	427,	12.33,	2.4497323036193848,	15,	0.3
12,	2,	2,	3,	32,	uso_300ms_81.wav,	9,	431,	12.47,	1.6404449939727783,	15,	0.3
12,	2,	2,	3,	33,	uso_300ms_98.wav,	7,	395,	11.27,	1.9000027179718018,	15,	0.3
12,	2,	2,	3,	34,	uso_300ms_91.wav,	5,	414,	11.9,	1.691467523574829,	15,	0.3
12,	2,	2,	3,	35,	uso_300ms_41.wav,	6,	414,	11.9,	1.2066752910614014,	15,	0.3
12,	2,	2,	3,	36,	uso_300ms_78.wav,	5,	427,	12.33,	1.8952314853668213,	15,	0.3
12,	2,	2,	3,	37,	uso_300ms_34.wav,	6,	427,	12.33,	1.0054028034210205,	15,	0.3
12,	2,	2,	3,	38,	uso_300ms_69.wav,	9,	439,	12.73,	2.505971908569336,	15,	0.3
12,	2,	2,	3,	39,	uso_300ms_45.wav,	8,	439,	12.73,	1.6763651371002197,	15,	0.3
12,	2,	2,	3,	40,	uso_300ms_71.wav,	7,	439,	12.73,	1.5494017601013184,	15,	0.3
12,	2,	2,	3,	41,	uso_300ms_79.wav,	5,	406,	11.63,	1.5813319683074951,	15,	0.3
12,	2,	2,	3,	42,	uso_300ms_41.wav,	7,	421,	12.13,	1.47287917137146,	15,	0.3
12,	2,	2,	3,	43,	uso_300ms_76.wav,	8,	421,	12.13,	1.3519604206085205,	15,	0.3
12,	2,	2,	3,	44,	uso_300ms_18.wav,	6,	429,	12.4,	1.521052360534668,	15,	0.3
12,	2,	2,	3,	45,	uso_300ms_49.wav,	9,	429,	12.4,	2.3163719177246094,	15,	0.3
12,	2,	2,	3,	46,	uso_300ms_30.wav,	7,	429,	12.4,	1.5417656898498535,	15,	0.3
12,	2,	2,	3,	47,	uso_300ms_2.wav,	8,	392,	11.17,	2.2261316776275635,	15,	0.3
12,	2,	2,	3,	48,	uso_300ms_91.wav,	6,	396,	11.3,	1.336369514465332,	15,	0.3
12,	2,	2,	3,	49,	uso_300ms_54.wav,	9,	399,	11.4,	1.996473789215088,	15,	0.3
12,	2,	2,	3,	50,	uso_300ms_27.wav,	5,	370,	10.43,	2.529542922973633,	15,	0.3
12,	2,	2,	3,	51,	uso_300ms_54.wav,	6,	370,	10.43,	1.3588297367095947,	15,	0.3
12,	2,	2,	3,	52,	uso_300ms_84.wav,	8,	370,	10.43,	1.84604811668396,	15,	0.3
12,	2,	2,	3,	53,	uso_300ms_32.wav,	5,	371,	10.47,	1.2028272151947021,	15,	0.3
12,	2,	2,	3,	54,	uso_300ms_43.wav,	9,	371,	10.47,	1.051894187927246,	15,	0.3
12,	2,	2,	3,	55,	uso_300ms_16.wav,	7,	372,	10.5,	1.822052240371704,	15,	0.3
12,	2,	2,	3,	56,	uso_300ms_18.wav,	6,	372,	10.5,	1.114029884338379,	15,	0.3
12,	2,	2,	3,	57,	uso_300ms_40.wav,	9,	343,	9.53,	1.8158390522003174,	15,	0.3
12,	2,	2,	3,	58,	uso_300ms_7.wav,	7,	343,	9.53,	1.100233554840088,	15,	0.3
12,	2,	2,	3,	59,	uso_300ms_98.wav,	5,	314,	8.57,	1.3346118927001953,	15,	0.3
12,	2,	2,	3,	60,	uso_300ms_29.wav,	8,	314,	8.57,	1.1017308235168457,	15,	0.3
12,	2,	2,	3,	61,	uso_300ms_64.wav,	7,	291,	7.8,	1.2371799945831299,	15,	0.3
12,	2,	2,	3,	62,	uso_300ms_16.wav,	9,	300,	8.1,	1.8923835754394531,	15,	0.3
12,	2,	2,	3,	63,	uso_300ms_63.wav,	8,	300,	8.1,	1.5932581424713135,	15,	0.3
12,	2,	2,	3,	64,	uso_300ms_70.wav,	6,	331,	9.13,	2.118372678756714,	15,	0.3
12,	2,	2,	3,	65,	uso_300ms_53.wav,	5,	296,	7.97,	2.0074877738952637,	15,	0.3
12,	2,	2,	3,	66,	uso_300ms_72.wav,	8,	296,	7.97,	1.0045008659362793,	15,	0.3
12,	2,	2,	3,	67,	uso_300ms_10.wav,	6,	296,	7.97,	0.9849836826324463,	15,	0.3
12,	2,	2,	3,	68,	uso_300ms_69.wav,	5,	296,	7.97,	1.195181131362915,	15,	0.3
12,	2,	2,	3,	69,	uso_300ms_99.wav,	9,	307,	8.33,	1.5929105281829834,	15,	0.3
12,	2,	2,	3,	70,	uso_300ms_56.wav,	7,	307,	8.33,	1.113569736480713,	15,	0.3
12,	2,	2,	3,	71,	uso_300ms_40.wav,	6,	307,	8.33,	1.576841115951538,	15,	0.3
12,	2,	2,	3,	72,	uso_300ms_27.wav,	5,	281,	7.47,	1.978135585784912,	15,	0.3
12,	2,	2,	3,	73,	uso_300ms_30.wav,	9,	281,	7.47,	0.9540350437164307,	15,	0.3
12,	2,	2,	3,	74,	uso_300ms_35.wav,	7,	281,	7.47,	1.0949506759643555,	15,	0.3
12,	2,	2,	3,	75,	uso_300ms_76.wav,	8,	281,	7.47,	1.8661737442016602,	15,	0.3
