sub_id,cond_id,block_id,task_id,event_id,stim_id,speaker_id,led_id,led_distance,response_time,n_reps,isi
12,	2,	5,	3,	1,	uso_300ms_23.wav,	5,	115.19395900000008,	1.94,	nan,	90,	2
12,	2,	5,	3,	2,	uso_300ms_20.wav,	5,	123.44971000000011,	2.21,	nan,	90,	2
12,	2,	5,	3,	3,	uso_300ms_46.wav,	5,	156.2719540000001,	3.31,	nan,	90,	2
12,	2,	5,	3,	4,	uso_300ms_51.wav,	6,	284.64273500000013,	7.59,	nan,	90,	2
12,	2,	5,	3,	5,	uso_300ms_28.wav,	5,	258.4851280000001,	6.72,	nan,	90,	2
12,	2,	5,	3,	6,	uso_300ms_92.wav,	6,	288.739254,	7.72,	nan,	90,	2
12,	2,	5,	3,	7,	uso_300ms_49.wav,	7,	338.76503399999996,	9.39,	nan,	90,	2
12,	2,	5,	3,	8,	uso_300ms_2.wav,	8,	344.890636,	9.6,	nan,	90,	2
12,	2,	5,	3,	9,	uso_300ms_96.wav,	9,	393.825949,	11.23,	nan,	90,	2
12,	2,	5,	3,	10,	uso_300ms_67.wav,	9,	402.60842899999994,	11.52,	nan,	90,	2
12,	2,	5,	3,	11,	uso_300ms_56.wav,	9,	408.73120300000005,	11.72,	nan,	90,	2
12,	2,	5,	3,	12,	uso_300ms_47.wav,	9,	419.9547860000003,	12.1,	nan,	90,	2
12,	2,	5,	3,	13,	uso_300ms_33.wav,	9,	450.4759480000003,	13.12,	nan,	90,	2
12,	2,	5,	3,	14,	uso_300ms_76.wav,	9,	401.8533950000003,	11.5,	nan,	90,	2
12,	2,	5,	3,	15,	uso_300ms_71.wav,	5,	267.97102400000034,	7.03,	nan,	90,	2
12,	2,	5,	3,	16,	uso_300ms_63.wav,	9,	445.1139200000003,	12.94,	nan,	90,	2
12,	2,	5,	3,	17,	uso_300ms_46.wav,	5,	263.7055110000001,	6.89,	nan,	90,	2
12,	2,	5,	3,	18,	uso_300ms_86.wav,	5,	225.73646799999992,	5.62,	nan,	90,	2
12,	2,	5,	3,	19,	uso_300ms_44.wav,	5,	243.88227399999985,	6.23,	nan,	90,	2
12,	2,	5,	3,	20,	uso_300ms_57.wav,	9,	385.71172399999983,	10.96,	nan,	90,	2
12,	2,	5,	3,	21,	uso_300ms_34.wav,	5,	256.6316119999998,	6.65,	nan,	90,	2
12,	2,	5,	3,	22,	uso_300ms_76.wav,	5,	256.6316119999998,	6.65,	nan,	90,	2
12,	2,	5,	3,	23,	uso_300ms_22.wav,	5,	256.6316119999998,	6.65,	nan,	90,	2
12,	2,	5,	3,	24,	uso_300ms_65.wav,	5,	256.6316119999998,	6.65,	nan,	90,	2
12,	2,	5,	3,	25,	uso_300ms_64.wav,	5,	256.6316119999998,	6.65,	nan,	90,	2
12,	2,	5,	3,	26,	uso_300ms_36.wav,	7,	324.39873799999964,	8.91,	nan,	90,	2
12,	2,	5,	3,	27,	uso_300ms_88.wav,	8,	359.43652399999974,	10.08,	nan,	90,	2
12,	2,	5,	3,	28,	uso_300ms_2.wav,	8,	359.43652399999974,	10.08,	nan,	90,	2
12,	2,	5,	3,	29,	uso_300ms_78.wav,	8,	359.43652399999974,	10.08,	nan,	90,	2
12,	2,	5,	3,	30,	uso_300ms_72.wav,	8,	359.43652399999974,	10.08,	nan,	90,	2
12,	2,	5,	3,	31,	uso_300ms_5.wav,	8,	359.6198189999997,	10.09,	nan,	90,	2
12,	2,	5,	3,	32,	uso_300ms_80.wav,	9,	375.50289600000053,	10.62,	nan,	90,	2
12,	2,	5,	3,	33,	uso_300ms_22.wav,	9,	375.50289600000053,	10.62,	nan,	90,	2
12,	2,	5,	3,	34,	uso_300ms_68.wav,	9,	375.50289600000053,	10.62,	nan,	90,	2
12,	2,	5,	3,	35,	uso_300ms_70.wav,	9,	375.50289600000053,	10.62,	nan,	90,	2
12,	2,	5,	3,	36,	uso_300ms_2.wav,	9,	375.44752600000066,	10.61,	nan,	90,	2
12,	2,	5,	3,	37,	uso_300ms_66.wav,	5,	215.29341300000013,	5.28,	nan,	90,	2
12,	2,	5,	3,	38,	uso_300ms_64.wav,	5,	215.29341300000013,	5.28,	nan,	90,	2
12,	2,	5,	3,	39,	uso_300ms_62.wav,	5,	215.29341300000013,	5.28,	nan,	90,	2
12,	2,	5,	3,	40,	uso_300ms_51.wav,	5,	215.29341300000013,	5.28,	nan,	90,	2
12,	2,	5,	3,	41,	uso_300ms_18.wav,	5,	215.29341300000013,	5.28,	nan,	90,	2
12,	2,	5,	3,	42,	uso_300ms_51.wav,	6,	309.93194300000033,	8.43,	nan,	90,	2
12,	2,	5,	3,	43,	uso_300ms_38.wav,	9,	398.3038070000004,	11.38,	nan,	90,	2
12,	2,	5,	3,	44,	uso_300ms_55.wav,	9,	398.3189270000003,	11.38,	nan,	90,	2
12,	2,	5,	3,	45,	uso_300ms_17.wav,	9,	398.34463100000016,	11.38,	nan,	90,	2
12,	2,	5,	3,	46,	uso_300ms_33.wav,	9,	398.34463100000016,	11.38,	nan,	90,	2
12,	2,	5,	3,	47,	uso_300ms_6.wav,	9,	398.34463100000016,	11.38,	nan,	90,	2
12,	2,	5,	3,	48,	uso_300ms_71.wav,	5,	214.7664880000001,	5.26,	nan,	90,	2
12,	2,	5,	3,	49,	uso_300ms_2.wav,	5,	214.7664880000001,	5.26,	nan,	90,	2
12,	2,	5,	3,	50,	uso_300ms_60.wav,	5,	214.7664880000001,	5.26,	nan,	90,	2
12,	2,	5,	3,	51,	uso_300ms_33.wav,	5,	214.7664880000001,	5.26,	nan,	90,	2
12,	2,	5,	3,	52,	uso_300ms_87.wav,	5,	214.7664880000001,	5.26,	nan,	90,	2
12,	2,	5,	3,	53,	uso_300ms_59.wav,	5,	214.83603999999968,	5.26,	nan,	90,	2
12,	2,	5,	3,	54,	uso_300ms_60.wav,	6,	311.42131899999924,	8.48,	nan,	90,	2
12,	2,	5,	3,	55,	uso_300ms_18.wav,	9,	400.92008499999946,	11.46,	nan,	90,	2
12,	2,	5,	3,	56,	uso_300ms_9.wav,	9,	402.63196999999957,	11.52,	nan,	90,	2
12,	2,	5,	3,	57,	uso_300ms_49.wav,	9,	402.6727939999993,	11.52,	nan,	90,	2
12,	2,	5,	3,	58,	uso_300ms_47.wav,	9,	402.73478599999896,	11.52,	nan,	90,	2
12,	2,	5,	3,	59,	uso_300ms_40.wav,	9,	402.73478599999896,	11.52,	nan,	90,	2
12,	2,	5,	3,	60,	uso_300ms_90.wav,	5,	221.86104399999897,	5.5,	nan,	90,	2
12,	2,	5,	3,	61,	uso_300ms_78.wav,	5,	221.86104399999897,	5.5,	nan,	90,	2
12,	2,	5,	3,	62,	uso_300ms_45.wav,	5,	221.86104399999897,	5.5,	nan,	90,	2
12,	2,	5,	3,	63,	uso_300ms_54.wav,	5,	221.86104399999897,	5.5,	nan,	90,	2
12,	2,	5,	3,	64,	uso_300ms_78.wav,	5,	221.86104399999897,	5.5,	nan,	90,	2
12,	2,	5,	3,	65,	uso_300ms_29.wav,	5,	221.86557999999894,	5.5,	nan,	90,	2
12,	2,	5,	3,	66,	uso_300ms_56.wav,	7,	329.49360399999927,	9.08,	nan,	90,	2
12,	2,	5,	3,	67,	uso_300ms_55.wav,	9,	433.8658649999993,	12.56,	nan,	90,	2
12,	2,	5,	3,	68,	uso_300ms_72.wav,	9,	433.8658649999993,	12.56,	nan,	90,	2
12,	2,	5,	3,	69,	uso_300ms_59.wav,	9,	433.8658649999993,	12.56,	nan,	90,	2
12,	2,	5,	3,	70,	uso_300ms_43.wav,	9,	433.8658649999993,	12.56,	nan,	90,	2
12,	2,	5,	3,	71,	uso_300ms_98.wav,	9,	433.8658649999993,	12.56,	nan,	90,	2
12,	2,	5,	3,	72,	uso_300ms_12.wav,	9,	433.8658649999993,	12.56,	nan,	90,	2
12,	2,	5,	3,	73,	uso_300ms_33.wav,	9,	433.8658649999993,	12.56,	nan,	90,	2
12,	2,	5,	3,	74,	uso_300ms_9.wav,	5,	221.27057299999927,	5.48,	nan,	90,	2
12,	2,	5,	3,	75,	uso_300ms_38.wav,	5,	221.27057299999927,	5.48,	nan,	90,	2
12,	2,	5,	3,	76,	uso_300ms_3.wav,	5,	221.27057299999927,	5.48,	nan,	90,	2
12,	2,	5,	3,	77,	uso_300ms_30.wav,	5,	221.27057299999927,	5.48,	nan,	90,	2
12,	2,	5,	3,	78,	uso_300ms_40.wav,	5,	221.27057299999927,	5.48,	nan,	90,	2
12,	2,	5,	3,	79,	uso_300ms_57.wav,	5,	221.87590499999985,	5.5,	nan,	90,	2
12,	2,	5,	3,	80,	uso_300ms_14.wav,	9,	455.9679870000002,	13.3,	nan,	90,	2
12,	2,	5,	3,	81,	uso_300ms_95.wav,	9,	455.9571370000002,	13.3,	nan,	90,	2
12,	2,	5,	3,	82,	uso_300ms_55.wav,	9,	455.9571370000002,	13.3,	nan,	90,	2
12,	2,	5,	3,	83,	uso_300ms_50.wav,	9,	455.9571370000002,	13.3,	nan,	90,	2
12,	2,	5,	3,	84,	uso_300ms_43.wav,	9,	455.9571370000002,	13.3,	nan,	90,	2
12,	2,	5,	3,	85,	uso_300ms_81.wav,	5,	227.64513000000022,	5.69,	nan,	90,	2
12,	2,	5,	3,	86,	uso_300ms_73.wav,	5,	227.64513000000022,	5.69,	nan,	90,	2
12,	2,	5,	3,	87,	uso_300ms_58.wav,	5,	227.64513000000022,	5.69,	nan,	90,	2
12,	2,	5,	3,	88,	uso_300ms_22.wav,	5,	227.64513000000022,	5.69,	nan,	90,	2
12,	2,	5,	3,	89,	uso_300ms_41.wav,	7,	317.89696300000014,	8.7,	nan,	90,	2
12,	2,	5,	3,	90,	uso_300ms_85.wav,	9,	451.41294700000014,	13.15,	nan,	90,	2
