sub_id,cond_id,block_id,task_id,event_id,stim_id,speaker_id,led_id,led_distance,response_time,n_reps,isi
12,	2,	4,	3,	1,	uso_300ms_2.wav,	8,	313,	8.53,	4.021697759628296,	15,	0.3
12,	2,	4,	3,	2,	uso_300ms_85.wav,	6,	299,	8.07,	1.3698585033416748,	15,	0.3
12,	2,	4,	3,	3,	uso_300ms_1.wav,	5,	328,	9.03,	1.257727861404419,	15,	0.3
12,	2,	4,	3,	4,	uso_300ms_44.wav,	9,	437,	12.67,	2.046165704727173,	15,	0.3
12,	2,	4,	3,	5,	uso_300ms_99.wav,	7,	411,	11.8,	1.3599765300750732,	15,	0.3
12,	2,	4,	3,	6,	uso_300ms_57.wav,	5,	411,	11.8,	0.968578577041626,	15,	0.3
12,	2,	4,	3,	7,	uso_300ms_77.wav,	8,	411,	11.8,	1.5169520378112793,	15,	0.3
12,	2,	4,	3,	8,	uso_300ms_88.wav,	9,	385,	10.93,	1.4180686473846436,	15,	0.3
12,	2,	4,	3,	9,	uso_300ms_11.wav,	7,	356,	9.97,	1.1246473789215088,	15,	0.3
12,	2,	4,	3,	10,	uso_300ms_55.wav,	6,	356,	9.97,	1.1010456085205078,	15,	0.3
12,	2,	4,	3,	11,	uso_300ms_58.wav,	8,	357,	10.0,	1.8570363521575928,	15,	0.3
12,	2,	4,	3,	12,	uso_300ms_16.wav,	9,	416,	11.97,	1.6207590103149414,	15,	0.3
12,	2,	4,	3,	13,	uso_300ms_55.wav,	5,	396,	11.3,	1.2316837310791016,	15,	0.3
12,	2,	4,	3,	14,	uso_300ms_66.wav,	7,	396,	11.3,	0.9488677978515625,	15,	0.3
12,	2,	4,	3,	15,	uso_300ms_18.wav,	6,	376,	10.63,	1.1603190898895264,	15,	0.3
12,	2,	4,	3,	16,	uso_300ms_41.wav,	9,	353,	9.87,	2.255720615386963,	15,	0.3
12,	2,	4,	3,	17,	uso_300ms_2.wav,	5,	321,	8.8,	1.2779886722564697,	15,	0.3
12,	2,	4,	3,	18,	uso_300ms_68.wav,	6,	350,	9.77,	1.1002540588378906,	15,	0.3
12,	2,	4,	3,	19,	uso_300ms_51.wav,	8,	383,	10.87,	1.532127857208252,	15,	0.3
12,	2,	4,	3,	20,	uso_300ms_24.wav,	7,	413,	11.87,	2.0761358737945557,	15,	0.3
12,	2,	4,	3,	21,	uso_300ms_6.wav,	8,	427,	12.33,	1.1685009002685547,	15,	0.3
12,	2,	4,	3,	22,	uso_300ms_64.wav,	6,	346,	9.63,	1.9841248989105225,	15,	0.3
12,	2,	4,	3,	23,	uso_300ms_44.wav,	7,	379,	10.73,	1.4231171607971191,	15,	0.3
12,	2,	4,	3,	24,	uso_300ms_17.wav,	9,	409,	11.73,	1.5331249237060547,	15,	0.3
12,	2,	4,	3,	25,	uso_300ms_8.wav,	5,	372,	10.5,	1.2828428745269775,	15,	0.3
12,	2,	4,	3,	26,	uso_300ms_47.wav,	8,	402,	11.5,	1.5611424446105957,	15,	0.3
12,	2,	4,	3,	27,	uso_300ms_19.wav,	7,	373,	10.53,	1.6211779117584229,	15,	0.3
12,	2,	4,	3,	28,	uso_300ms_64.wav,	6,	344,	9.57,	1.1430258750915527,	15,	0.3
12,	2,	4,	3,	29,	uso_300ms_53.wav,	5,	344,	9.57,	0.8720664978027344,	15,	0.3
12,	2,	4,	3,	30,	uso_300ms_24.wav,	9,	327,	9.0,	1.3965163230895996,	15,	0.3
12,	2,	4,	3,	31,	uso_300ms_79.wav,	7,	364,	10.23,	1.1932785511016846,	15,	0.3
12,	2,	4,	3,	32,	uso_300ms_20.wav,	5,	331,	9.13,	1.4294524192810059,	15,	0.3
12,	2,	4,	3,	33,	uso_300ms_56.wav,	9,	358,	10.03,	1.114304542541504,	15,	0.3
12,	2,	4,	3,	34,	uso_300ms_60.wav,	8,	326,	8.97,	1.5161106586456299,	15,	0.3
12,	2,	4,	3,	35,	uso_300ms_92.wav,	6,	297,	8.0,	1.0325613021850586,	15,	0.3
12,	2,	4,	3,	36,	uso_300ms_27.wav,	9,	315,	8.6,	1.1606934070587158,	15,	0.3
12,	2,	4,	3,	37,	uso_300ms_47.wav,	7,	348,	9.7,	1.2865805625915527,	15,	0.3
12,	2,	4,	3,	38,	uso_300ms_43.wav,	8,	285,	7.6,	1.40317964553833,	15,	0.3
12,	2,	4,	3,	39,	uso_300ms_69.wav,	6,	305,	8.27,	0.986703634262085,	15,	0.3
12,	2,	4,	3,	40,	uso_300ms_5.wav,	5,	277,	7.33,	1.46590256690979,	15,	0.3
12,	2,	4,	3,	41,	uso_300ms_83.wav,	6,	260,	6.77,	1.3063230514526367,	15,	0.3
12,	2,	4,	3,	42,	uso_300ms_65.wav,	8,	305,	8.27,	1.3327281475067139,	15,	0.3
12,	2,	4,	3,	43,	uso_300ms_12.wav,	7,	339,	9.4,	1.442270278930664,	15,	0.3
12,	2,	4,	3,	44,	uso_300ms_70.wav,	9,	368,	10.37,	1.0846521854400635,	15,	0.3
12,	2,	4,	3,	45,	uso_300ms_94.wav,	5,	346,	9.63,	1.3482954502105713,	15,	0.3
12,	2,	4,	3,	46,	uso_300ms_35.wav,	8,	407,	11.67,	1.4593191146850586,	15,	0.3
12,	2,	4,	3,	47,	uso_300ms_28.wav,	7,	384,	10.9,	1.0490038394927979,	15,	0.3
12,	2,	4,	3,	48,	uso_300ms_9.wav,	6,	362,	10.17,	1.177461862564087,	15,	0.3
12,	2,	4,	3,	49,	uso_300ms_19.wav,	5,	336,	9.3,	1.0296390056610107,	15,	0.3
12,	2,	4,	3,	50,	uso_300ms_65.wav,	9,	360,	10.1,	1.0508203506469727,	15,	0.3
12,	2,	4,	3,	51,	uso_300ms_19.wav,	7,	339,	9.4,	1.1171538829803467,	15,	0.3
12,	2,	4,	3,	52,	uso_300ms_10.wav,	5,	311,	8.47,	1.2635278701782227,	15,	0.3
12,	2,	4,	3,	53,	uso_300ms_75.wav,	9,	281,	7.47,	1.8839571475982666,	15,	0.3
12,	2,	4,	3,	54,	uso_300ms_67.wav,	8,	308,	8.37,	1.360339641571045,	15,	0.3
12,	2,	4,	3,	55,	uso_300ms_12.wav,	6,	287,	7.67,	1.5919294357299805,	15,	0.3
12,	2,	4,	3,	56,	uso_300ms_97.wav,	9,	355,	9.93,	1.4379889965057373,	15,	0.3
12,	2,	4,	3,	57,	uso_300ms_63.wav,	7,	389,	11.07,	1.559967041015625,	15,	0.3
12,	2,	4,	3,	58,	uso_300ms_44.wav,	8,	415,	11.93,	1.3791208267211914,	15,	0.3
12,	2,	4,	3,	59,	uso_300ms_72.wav,	5,	393,	11.2,	1.1075713634490967,	15,	0.3
12,	2,	4,	3,	60,	uso_300ms_100.wav,	6,	372,	10.5,	0.9744224548339844,	15,	0.3
12,	2,	4,	3,	61,	uso_300ms_3.wav,	5,	399,	11.4,	0.8393290042877197,	15,	0.3
12,	2,	4,	3,	62,	uso_300ms_14.wav,	9,	374,	10.57,	1.4045145511627197,	15,	0.3
12,	2,	4,	3,	63,	uso_300ms_33.wav,	8,	390,	11.1,	1.7932934761047363,	15,	0.3
12,	2,	4,	3,	64,	uso_300ms_63.wav,	7,	392,	11.17,	1.1436214447021484,	15,	0.3
12,	2,	4,	3,	65,	uso_300ms_41.wav,	6,	357,	10.0,	1.212566614151001,	15,	0.3
12,	2,	4,	3,	66,	uso_300ms_49.wav,	7,	385,	10.93,	1.0035388469696045,	15,	0.3
12,	2,	4,	3,	67,	uso_300ms_46.wav,	9,	412,	11.83,	2.2325785160064697,	15,	0.3
12,	2,	4,	3,	68,	uso_300ms_36.wav,	6,	384,	10.9,	1.1763648986816406,	15,	0.3
12,	2,	4,	3,	69,	uso_300ms_70.wav,	5,	327,	9.0,	1.4912362098693848,	15,	0.3
12,	2,	4,	3,	70,	uso_300ms_39.wav,	8,	348,	9.7,	1.2327773571014404,	15,	0.3
12,	2,	4,	3,	71,	uso_300ms_47.wav,	6,	320,	8.77,	1.1726806163787842,	15,	0.3
12,	2,	4,	3,	72,	uso_300ms_78.wav,	7,	343,	9.53,	0.9933478832244873,	15,	0.3
12,	2,	4,	3,	73,	uso_300ms_8.wav,	8,	322,	8.83,	1.3520827293395996,	15,	0.3
12,	2,	4,	3,	74,	uso_300ms_32.wav,	9,	373,	10.53,	1.466691255569458,	15,	0.3
12,	2,	4,	3,	75,	uso_300ms_88.wav,	5,	351,	9.8,	1.427053689956665,	15,	0.3
