sub_id,cond_id,block_id,task_id,event_id,stim_id,speaker_id,led_id,led_distance,response_time,n_reps,isi
12,	2,	4,	3,	1,	uso_300ms_73.wav,	9,	90,	1.1,	0.20052695274353027,	15,	0.3
12,	2,	4,	3,	2,	uso_300ms_79.wav,	5,	196,	4.63,	1.8034687042236328,	15,	0.3
12,	2,	4,	3,	3,	uso_300ms_72.wav,	6,	249,	6.4,	1.771460771560669,	15,	0.3
12,	2,	4,	3,	4,	uso_300ms_45.wav,	8,	249,	6.4,	1.2744548320770264,	15,	0.3
12,	2,	4,	3,	5,	uso_300ms_27.wav,	7,	281,	7.47,	1.4140753746032715,	15,	0.3
12,	2,	4,	3,	6,	uso_300ms_34.wav,	5,	254,	6.57,	1.5083975791931152,	15,	0.3
12,	2,	4,	3,	7,	uso_300ms_52.wav,	8,	288,	7.7,	1.182440996170044,	15,	0.3
12,	2,	4,	3,	8,	uso_300ms_69.wav,	9,	332,	9.17,	1.823697566986084,	15,	0.3
12,	2,	4,	3,	9,	uso_300ms_38.wav,	6,	349,	9.73,	1.5434565544128418,	15,	0.3
12,	2,	4,	3,	10,	uso_300ms_3.wav,	7,	402,	11.5,	1.4523036479949951,	15,	0.3
12,	2,	4,	3,	11,	uso_300ms_85.wav,	6,	374,	10.57,	1.0066208839416504,	15,	0.3
12,	2,	4,	3,	12,	uso_300ms_76.wav,	9,	400,	11.43,	1.1015527248382568,	15,	0.3
12,	2,	4,	3,	13,	uso_300ms_70.wav,	8,	310,	8.43,	1.7223994731903076,	15,	0.3
12,	2,	4,	3,	14,	uso_300ms_19.wav,	7,	329,	9.07,	1.5209112167358398,	15,	0.3
12,	2,	4,	3,	15,	uso_300ms_84.wav,	5,	271,	7.13,	1.5745837688446045,	15,	0.3
12,	2,	4,	3,	16,	uso_300ms_91.wav,	7,	322,	8.83,	1.4707951545715332,	15,	0.3
12,	2,	4,	3,	17,	uso_300ms_5.wav,	6,	287,	7.67,	1.433915376663208,	15,	0.3
12,	2,	4,	3,	18,	uso_300ms_54.wav,	9,	349,	9.73,	1.615527868270874,	15,	0.3
12,	2,	4,	3,	19,	uso_300ms_37.wav,	5,	321,	8.8,	1.3768019676208496,	15,	0.3
12,	2,	4,	3,	20,	uso_300ms_69.wav,	8,	380,	10.77,	1.5634434223175049,	15,	0.3
12,	2,	4,	3,	21,	uso_300ms_86.wav,	5,	347,	9.67,	2.0279741287231445,	15,	0.3
12,	2,	4,	3,	22,	uso_300ms_32.wav,	9,	388,	11.03,	1.4186525344848633,	15,	0.3
12,	2,	4,	3,	23,	uso_300ms_39.wav,	8,	419,	12.07,	2.0571110248565674,	15,	0.3
12,	2,	4,	3,	24,	uso_300ms_62.wav,	7,	419,	12.07,	1.5067384243011475,	15,	0.3
12,	2,	4,	3,	25,	uso_300ms_89.wav,	6,	384,	10.9,	1.2308917045593262,	15,	0.3
12,	2,	4,	3,	26,	uso_300ms_26.wav,	5,	349,	9.73,	1.2928695678710938,	15,	0.3
12,	2,	4,	3,	27,	uso_300ms_70.wav,	9,	388,	11.03,	1.8327598571777344,	15,	0.3
12,	2,	4,	3,	28,	uso_300ms_23.wav,	6,	353,	9.87,	1.3154127597808838,	15,	0.3
12,	2,	4,	3,	29,	uso_300ms_24.wav,	7,	352,	9.83,	1.808182954788208,	15,	0.3
12,	2,	4,	3,	30,	uso_300ms_34.wav,	8,	402,	11.5,	1.6188383102416992,	15,	0.3
12,	2,	4,	3,	31,	uso_300ms_48.wav,	9,	424,	12.23,	1.344115972518921,	15,	0.3
12,	2,	4,	3,	32,	uso_300ms_18.wav,	8,	395,	11.27,	2.077921152114868,	15,	0.3
12,	2,	4,	3,	33,	uso_300ms_100.wav,	5,	423,	12.2,	2.215299129486084,	15,	0.3
12,	2,	4,	3,	34,	uso_300ms_93.wav,	6,	358,	10.03,	2.306121826171875,	15,	0.3
12,	2,	4,	3,	35,	uso_300ms_95.wav,	7,	358,	10.03,	1.5003445148468018,	15,	0.3
12,	2,	4,	3,	36,	uso_300ms_62.wav,	6,	368,	10.37,	1.3298542499542236,	15,	0.3
12,	2,	4,	3,	37,	uso_300ms_3.wav,	7,	374,	10.57,	1.2661354541778564,	15,	0.3
12,	2,	4,	3,	38,	uso_300ms_32.wav,	8,	332,	9.17,	2.7973432540893555,	15,	0.3
12,	2,	4,	3,	39,	uso_300ms_89.wav,	5,	335,	9.27,	2.651564836502075,	15,	0.3
12,	2,	4,	3,	40,	uso_300ms_40.wav,	9,	299,	8.07,	1.5646753311157227,	15,	0.3
12,	2,	4,	3,	41,	uso_300ms_40.wav,	7,	347,	9.67,	1.676680326461792,	15,	0.3
12,	2,	4,	3,	42,	uso_300ms_36.wav,	9,	376,	10.63,	1.8779487609863281,	15,	0.3
12,	2,	4,	3,	43,	uso_300ms_70.wav,	8,	376,	10.63,	1.5802271366119385,	15,	0.3
12,	2,	4,	3,	44,	uso_300ms_61.wav,	6,	376,	10.63,	1.3247418403625488,	15,	0.3
12,	2,	4,	3,	45,	uso_300ms_90.wav,	5,	376,	10.63,	1.359950065612793,	15,	0.3
12,	2,	4,	3,	46,	uso_300ms_51.wav,	8,	345,	9.6,	1.3372809886932373,	15,	0.3
12,	2,	4,	3,	47,	uso_300ms_89.wav,	9,	380,	10.77,	1.29331636428833,	15,	0.3
12,	2,	4,	3,	48,	uso_300ms_28.wav,	7,	380,	10.77,	1.1235194206237793,	15,	0.3
12,	2,	4,	3,	49,	uso_300ms_44.wav,	5,	351,	9.8,	1.2634570598602295,	15,	0.3
12,	2,	4,	3,	50,	uso_300ms_87.wav,	6,	351,	9.8,	1.6270084381103516,	15,	0.3
12,	2,	4,	3,	51,	uso_300ms_34.wav,	7,	382,	10.83,	1.240391492843628,	15,	0.3
12,	2,	4,	3,	52,	uso_300ms_7.wav,	8,	359,	10.07,	1.4050407409667969,	15,	0.3
12,	2,	4,	3,	53,	uso_300ms_7.wav,	5,	359,	10.07,	0.8925876617431641,	15,	0.3
12,	2,	4,	3,	54,	uso_300ms_99.wav,	9,	385,	10.93,	1.297969102859497,	15,	0.3
12,	2,	4,	3,	55,	uso_300ms_55.wav,	6,	385,	10.93,	0.9548859596252441,	15,	0.3
12,	2,	4,	3,	56,	uso_300ms_4.wav,	5,	322,	8.83,	1.7674901485443115,	15,	0.3
12,	2,	4,	3,	57,	uso_300ms_18.wav,	7,	356,	9.97,	1.6998908519744873,	15,	0.3
12,	2,	4,	3,	58,	uso_300ms_8.wav,	6,	380,	10.77,	2.4989912509918213,	15,	0.3
12,	2,	4,	3,	59,	uso_300ms_20.wav,	8,	380,	10.77,	1.9056341648101807,	15,	0.3
12,	2,	4,	3,	60,	uso_300ms_81.wav,	9,	380,	10.77,	1.6142816543579102,	15,	0.3
12,	2,	4,	3,	61,	uso_300ms_50.wav,	7,	355,	9.93,	1.287834882736206,	15,	0.3
12,	2,	4,	3,	62,	uso_300ms_11.wav,	6,	333,	9.2,	1.150705099105835,	15,	0.3
12,	2,	4,	3,	63,	uso_300ms_23.wav,	5,	305,	8.27,	1.1963744163513184,	15,	0.3
12,	2,	4,	3,	64,	uso_300ms_85.wav,	8,	326,	8.97,	1.0102488994598389,	15,	0.3
12,	2,	4,	3,	65,	uso_300ms_41.wav,	9,	341,	9.47,	1.4049479961395264,	15,	0.3
12,	2,	4,	3,	66,	uso_300ms_60.wav,	5,	368,	10.37,	1.4390614032745361,	15,	0.3
12,	2,	4,	3,	67,	uso_300ms_20.wav,	8,	368,	10.37,	1.0684700012207031,	15,	0.3
12,	2,	4,	3,	68,	uso_300ms_83.wav,	9,	368,	10.37,	1.9709196090698242,	15,	0.3
12,	2,	4,	3,	69,	uso_300ms_36.wav,	6,	339,	9.4,	1.314866304397583,	15,	0.3
12,	2,	4,	3,	70,	uso_300ms_21.wav,	7,	310,	8.43,	2.153956651687622,	15,	0.3
12,	2,	4,	3,	71,	uso_300ms_97.wav,	9,	310,	8.43,	1.2412126064300537,	15,	0.3
12,	2,	4,	3,	72,	uso_300ms_92.wav,	8,	328,	9.03,	1.4176101684570312,	15,	0.3
12,	2,	4,	3,	73,	uso_300ms_64.wav,	7,	328,	9.03,	1.6497678756713867,	15,	0.3
12,	2,	4,	3,	74,	uso_300ms_40.wav,	5,	358,	10.03,	1.0718255043029785,	15,	0.3
12,	2,	4,	3,	75,	uso_300ms_5.wav,	6,	358,	10.03,	0.9977107048034668,	15,	0.3
