sub_id,cond_id,block_id,task_id,event_id,stim_id,speaker_id,led_id,led_distance,response_time,n_reps,isi
14,	2,	5,	3,	1,	uso_300ms_89.wav,	5,	175.49604700000003,	3.95,	nan,	90,	2
14,	2,	5,	3,	2,	uso_300ms_17.wav,	5,	256.23494300000004,	6.64,	nan,	90,	2
14,	2,	5,	3,	3,	uso_300ms_39.wav,	5,	256.23494300000004,	6.64,	nan,	90,	2
14,	2,	5,	3,	4,	uso_300ms_44.wav,	5,	194.14511100000004,	4.57,	nan,	90,	2
14,	2,	5,	3,	5,	uso_300ms_5.wav,	5,	194.14511100000004,	4.57,	nan,	90,	2
14,	2,	5,	3,	6,	uso_300ms_85.wav,	5,	219.82407200000006,	5.43,	nan,	90,	2
14,	2,	5,	3,	7,	uso_300ms_39.wav,	5,	266.86867800000016,	7.0,	nan,	90,	2
14,	2,	5,	3,	8,	uso_300ms_74.wav,	5,	266.86867800000016,	7.0,	nan,	90,	2
14,	2,	5,	3,	9,	uso_300ms_32.wav,	7,	331.4834520000002,	9.15,	nan,	90,	2
14,	2,	5,	3,	10,	uso_300ms_83.wav,	7,	331.4834520000002,	9.15,	nan,	90,	2
14,	2,	5,	3,	11,	uso_300ms_32.wav,	9,	401.9311160000002,	11.5,	nan,	90,	2
14,	2,	5,	3,	12,	uso_300ms_34.wav,	9,	424.7490930000002,	12.26,	nan,	90,	2
14,	2,	5,	3,	13,	uso_300ms_52.wav,	9,	431.6981120000003,	12.49,	nan,	90,	2
14,	2,	5,	3,	14,	uso_300ms_71.wav,	9,	431.6981120000003,	12.49,	nan,	90,	2
14,	2,	5,	3,	15,	uso_300ms_95.wav,	9,	373.6713320000003,	10.56,	nan,	90,	2
14,	2,	5,	3,	16,	uso_300ms_50.wav,	9,	373.6713320000003,	10.56,	nan,	90,	2
14,	2,	5,	3,	17,	uso_300ms_83.wav,	9,	373.6962240000003,	10.56,	nan,	90,	2
14,	2,	5,	3,	18,	uso_300ms_82.wav,	9,	373.6962240000003,	10.56,	nan,	90,	2
14,	2,	5,	3,	19,	uso_300ms_12.wav,	9,	373.6962240000003,	10.56,	nan,	90,	2
14,	2,	5,	3,	20,	uso_300ms_77.wav,	9,	427.60377000000034,	12.35,	nan,	90,	2
14,	2,	5,	3,	21,	uso_300ms_45.wav,	9,	427.60377000000034,	12.35,	nan,	90,	2
14,	2,	5,	3,	22,	uso_300ms_98.wav,	9,	427.60377000000034,	12.35,	nan,	90,	2
14,	2,	5,	3,	23,	uso_300ms_44.wav,	9,	438.3619230000003,	12.71,	nan,	90,	2
14,	2,	5,	3,	24,	uso_300ms_25.wav,	9,	445.21853500000054,	12.94,	nan,	90,	2
14,	2,	5,	3,	25,	uso_300ms_62.wav,	9,	445.2818500000006,	12.94,	nan,	90,	2
14,	2,	5,	3,	26,	uso_300ms_94.wav,	9,	445.2818500000006,	12.94,	nan,	90,	2
14,	2,	5,	3,	27,	uso_300ms_99.wav,	9,	445.2818500000006,	12.94,	nan,	90,	2
14,	2,	5,	3,	28,	uso_300ms_86.wav,	8,	354.8016700000005,	9.93,	nan,	90,	2
14,	2,	5,	3,	29,	uso_300ms_4.wav,	8,	354.8016700000005,	9.93,	nan,	90,	2
14,	2,	5,	3,	30,	uso_300ms_49.wav,	8,	354.8016700000005,	9.93,	nan,	90,	2
14,	2,	5,	3,	31,	uso_300ms_74.wav,	8,	354.8016700000005,	9.93,	nan,	90,	2
14,	2,	5,	3,	32,	uso_300ms_16.wav,	8,	354.8016700000005,	9.93,	nan,	90,	2
14,	2,	5,	3,	33,	uso_300ms_55.wav,	6,	282.2334400000004,	7.51,	nan,	90,	2
14,	2,	5,	3,	34,	uso_300ms_10.wav,	6,	282.2334400000004,	7.51,	nan,	90,	2
14,	2,	5,	3,	35,	uso_300ms_12.wav,	6,	282.2334400000004,	7.51,	nan,	90,	2
14,	2,	5,	3,	36,	uso_300ms_12.wav,	6,	282.2334400000004,	7.51,	nan,	90,	2
14,	2,	5,	3,	37,	uso_300ms_64.wav,	9,	414.19368100000025,	11.91,	nan,	90,	2
14,	2,	5,	3,	38,	uso_300ms_54.wav,	9,	414.19368100000025,	11.91,	nan,	90,	2
14,	2,	5,	3,	39,	uso_300ms_81.wav,	9,	414.19368100000025,	11.91,	nan,	90,	2
14,	2,	5,	3,	40,	uso_300ms_5.wav,	6,	303.2901750000002,	8.21,	nan,	90,	2
14,	2,	5,	3,	41,	uso_300ms_97.wav,	5,	259.5793540000002,	6.75,	nan,	90,	2
14,	2,	5,	3,	42,	uso_300ms_11.wav,	5,	259.5793540000002,	6.75,	nan,	90,	2
14,	2,	5,	3,	43,	uso_300ms_19.wav,	5,	259.5793540000002,	6.75,	nan,	90,	2
14,	2,	5,	3,	44,	uso_300ms_49.wav,	5,	200.36001900000016,	4.78,	nan,	90,	2
14,	2,	5,	3,	45,	uso_300ms_73.wav,	5,	195.07696500000014,	4.6,	nan,	90,	2
14,	2,	5,	3,	46,	uso_300ms_36.wav,	5,	174.56723100000016,	3.92,	nan,	90,	2
14,	2,	5,	3,	47,	uso_300ms_37.wav,	5,	249.59676600000012,	6.42,	nan,	90,	2
14,	2,	5,	3,	48,	uso_300ms_71.wav,	5,	249.59676600000012,	6.42,	nan,	90,	2
14,	2,	5,	3,	49,	uso_300ms_31.wav,	7,	329.4666750000002,	9.08,	nan,	90,	2
14,	2,	5,	3,	50,	uso_300ms_1.wav,	7,	329.4666750000002,	9.08,	nan,	90,	2
14,	2,	5,	3,	51,	uso_300ms_76.wav,	7,	329.4666750000002,	9.08,	nan,	90,	2
14,	2,	5,	3,	52,	uso_300ms_80.wav,	9,	375.85204900000014,	10.63,	nan,	90,	2
14,	2,	5,	3,	53,	uso_300ms_3.wav,	7,	326.55624300000005,	8.99,	nan,	90,	2
14,	2,	5,	3,	54,	uso_300ms_78.wav,	7,	326.55624300000005,	8.99,	nan,	90,	2
14,	2,	5,	3,	55,	uso_300ms_5.wav,	7,	326.55624300000005,	8.99,	nan,	90,	2
14,	2,	5,	3,	56,	uso_300ms_43.wav,	9,	387.03653700000007,	11.0,	nan,	90,	2
14,	2,	5,	3,	57,	uso_300ms_92.wav,	9,	387.0513000000001,	11.0,	nan,	90,	2
14,	2,	5,	3,	58,	uso_300ms_80.wav,	9,	387.0513000000001,	11.0,	nan,	90,	2
14,	2,	5,	3,	59,	uso_300ms_43.wav,	7,	330.00576600000005,	9.1,	nan,	90,	2
14,	2,	5,	3,	60,	uso_300ms_2.wav,	7,	330.00576600000005,	9.1,	nan,	90,	2
14,	2,	5,	3,	61,	uso_300ms_3.wav,	7,	330.00576600000005,	9.1,	nan,	90,	2
14,	2,	5,	3,	62,	uso_300ms_81.wav,	8,	360.619356,	10.12,	nan,	90,	2
14,	2,	5,	3,	63,	uso_300ms_33.wav,	8,	360.619356,	10.12,	nan,	90,	2
14,	2,	5,	3,	64,	uso_300ms_23.wav,	9,	437.628841,	12.69,	nan,	90,	2
14,	2,	5,	3,	65,	uso_300ms_91.wav,	9,	437.628841,	12.69,	nan,	90,	2
14,	2,	5,	3,	66,	uso_300ms_12.wav,	9,	437.628841,	12.69,	nan,	90,	2
14,	2,	5,	3,	67,	uso_300ms_81.wav,	9,	437.628841,	12.69,	nan,	90,	2
14,	2,	5,	3,	68,	uso_300ms_51.wav,	9,	374.200742,	10.57,	nan,	90,	2
14,	2,	5,	3,	69,	uso_300ms_10.wav,	7,	340.399219,	9.45,	nan,	90,	2
14,	2,	5,	3,	70,	uso_300ms_30.wav,	7,	331.5636859999999,	9.15,	nan,	90,	2
14,	2,	5,	3,	71,	uso_300ms_19.wav,	6,	291.9033869999999,	7.83,	nan,	90,	2
14,	2,	5,	3,	72,	uso_300ms_55.wav,	6,	291.8988509999999,	7.83,	nan,	90,	2
14,	2,	5,	3,	73,	uso_300ms_5.wav,	5,	213.0289549999999,	5.2,	nan,	90,	2
14,	2,	5,	3,	74,	uso_300ms_10.wav,	5,	213.0289549999999,	5.2,	nan,	90,	2
14,	2,	5,	3,	75,	uso_300ms_60.wav,	7,	325.89929999999987,	8.96,	nan,	90,	2
14,	2,	5,	3,	76,	uso_300ms_32.wav,	7,	325.89929999999987,	8.96,	nan,	90,	2
14,	2,	5,	3,	77,	uso_300ms_94.wav,	5,	255.5748569999999,	6.62,	nan,	90,	2
14,	2,	5,	3,	78,	uso_300ms_51.wav,	5,	255.5748569999999,	6.62,	nan,	90,	2
14,	2,	5,	3,	79,	uso_300ms_81.wav,	5,	255.5748569999999,	6.62,	nan,	90,	2
14,	2,	5,	3,	80,	uso_300ms_94.wav,	6,	311.66657799999996,	8.49,	nan,	90,	2
14,	2,	5,	3,	81,	uso_300ms_83.wav,	6,	311.66657799999996,	8.49,	nan,	90,	2
14,	2,	5,	3,	82,	uso_300ms_37.wav,	6,	311.66657799999996,	8.49,	nan,	90,	2
14,	2,	5,	3,	83,	uso_300ms_39.wav,	7,	337.47469599999994,	9.35,	nan,	90,	2
14,	2,	5,	3,	84,	uso_300ms_48.wav,	8,	365.87818999999996,	10.3,	nan,	90,	2
14,	2,	5,	3,	85,	uso_300ms_76.wav,	8,	365.87818999999996,	10.3,	nan,	90,	2
14,	2,	5,	3,	86,	uso_300ms_67.wav,	8,	365.87818999999996,	10.3,	nan,	90,	2
14,	2,	5,	3,	87,	uso_300ms_57.wav,	8,	365.87818999999996,	10.3,	nan,	90,	2
14,	2,	5,	3,	88,	uso_300ms_39.wav,	9,	424.22256,	12.24,	nan,	90,	2
14,	2,	5,	3,	89,	uso_300ms_51.wav,	9,	439.90333000000004,	12.76,	nan,	90,	2
14,	2,	5,	3,	90,	uso_300ms_7.wav,	9,	439.90333000000004,	12.76,	nan,	90,	2
