sub_id,cond_id,block_id,task_id,event_id,stim_id,speaker_id,led_id,led_distance,response_time,n_reps,isi
14,	2,	4,	3,	1,	uso_300ms_80.wav,	8,	327,	9.0,	4.533450603485107,	15,	0.3
14,	2,	4,	3,	2,	uso_300ms_35.wav,	9,	317,	8.67,	4.424072980880737,	15,	0.3
14,	2,	4,	3,	3,	uso_300ms_44.wav,	7,	246,	6.3,	3.018596887588501,	15,	0.3
14,	2,	4,	3,	4,	uso_300ms_38.wav,	6,	305,	8.27,	3.5293684005737305,	15,	0.3
14,	2,	4,	3,	5,	uso_300ms_74.wav,	5,	286,	7.63,	3.477039098739624,	15,	0.3
14,	2,	4,	3,	6,	uso_300ms_98.wav,	9,	273,	7.2,	3.9987659454345703,	15,	0.3
14,	2,	4,	3,	7,	uso_300ms_100.wav,	5,	211,	5.13,	3.165835380554199,	15,	0.3
14,	2,	4,	3,	8,	uso_300ms_63.wav,	8,	356,	9.97,	3.925534725189209,	15,	0.3
14,	2,	4,	3,	9,	uso_300ms_27.wav,	7,	265,	6.93,	2.7110283374786377,	15,	0.3
14,	2,	4,	3,	10,	uso_300ms_97.wav,	6,	262,	6.83,	2.6951053142547607,	15,	0.3
14,	2,	4,	3,	11,	uso_300ms_36.wav,	8,	290,	7.77,	1.9160821437835693,	15,	0.3
14,	2,	4,	3,	12,	uso_300ms_99.wav,	5,	243,	6.2,	2.544055938720703,	15,	0.3
14,	2,	4,	3,	13,	uso_300ms_65.wav,	7,	325,	8.93,	2.1873490810394287,	15,	0.3
14,	2,	4,	3,	14,	uso_300ms_98.wav,	9,	364,	10.23,	1.9668750762939453,	15,	0.3
14,	2,	4,	3,	15,	uso_300ms_23.wav,	6,	282,	7.5,	2.37580943107605,	15,	0.3
14,	2,	4,	3,	16,	uso_300ms_98.wav,	7,	282,	7.5,	2.122684955596924,	15,	0.3
14,	2,	4,	3,	17,	uso_300ms_51.wav,	6,	352,	9.83,	2.568007707595825,	15,	0.3
14,	2,	4,	3,	18,	uso_300ms_16.wav,	8,	385,	10.93,	2.80499529838562,	15,	0.3
14,	2,	4,	3,	19,	uso_300ms_29.wav,	9,	426,	12.3,	1.7812440395355225,	15,	0.3
14,	2,	4,	3,	20,	uso_300ms_69.wav,	5,	425,	12.27,	1.7749345302581787,	15,	0.3
14,	2,	4,	3,	21,	uso_300ms_19.wav,	9,	429,	12.4,	2.088435173034668,	15,	0.3
14,	2,	4,	3,	22,	uso_300ms_27.wav,	6,	384,	10.9,	1.9482405185699463,	15,	0.3
14,	2,	4,	3,	23,	uso_300ms_36.wav,	8,	313,	8.53,	3.730536937713623,	15,	0.3
14,	2,	4,	3,	24,	uso_300ms_62.wav,	5,	204,	4.9,	2.7342758178710938,	15,	0.3
14,	2,	4,	3,	25,	uso_300ms_70.wav,	7,	304,	8.23,	3.9364523887634277,	15,	0.3
14,	2,	4,	3,	26,	uso_300ms_70.wav,	5,	276,	7.3,	2.5334980487823486,	15,	0.3
14,	2,	4,	3,	27,	uso_300ms_40.wav,	8,	336,	9.3,	3.624191999435425,	15,	0.3
14,	2,	4,	3,	28,	uso_300ms_25.wav,	9,	319,	8.73,	3.9382224082946777,	15,	0.3
14,	2,	4,	3,	29,	uso_300ms_47.wav,	7,	350,	9.77,	2.228670358657837,	15,	0.3
14,	2,	4,	3,	30,	uso_300ms_15.wav,	6,	377,	10.67,	1.7852253913879395,	15,	0.3
14,	2,	4,	3,	31,	uso_300ms_9.wav,	9,	343,	9.53,	2.2542624473571777,	15,	0.3
14,	2,	4,	3,	32,	uso_300ms_1.wav,	6,	393,	11.2,	2.6105995178222656,	15,	0.3
14,	2,	4,	3,	33,	uso_300ms_80.wav,	5,	316,	8.63,	3.638763427734375,	15,	0.3
14,	2,	4,	3,	34,	uso_300ms_67.wav,	8,	429,	12.4,	2.7847671508789062,	15,	0.3
14,	2,	4,	3,	35,	uso_300ms_60.wav,	7,	404,	11.57,	3.232686758041382,	15,	0.3
14,	2,	4,	3,	36,	uso_300ms_69.wav,	6,	429,	12.4,	2.054156541824341,	15,	0.3
14,	2,	4,	3,	37,	uso_300ms_10.wav,	9,	433,	12.53,	2.7393720149993896,	15,	0.3
14,	2,	4,	3,	38,	uso_300ms_75.wav,	5,	390,	11.1,	3.392585515975952,	15,	0.3
14,	2,	4,	3,	39,	uso_300ms_23.wav,	8,	310,	8.43,	2.7069597244262695,	15,	0.3
14,	2,	4,	3,	40,	uso_300ms_13.wav,	7,	350,	9.77,	4.969295024871826,	15,	0.3
14,	2,	4,	3,	41,	uso_300ms_42.wav,	9,	402,	11.5,	2.4021658897399902,	15,	0.3
14,	2,	4,	3,	42,	uso_300ms_25.wav,	8,	318,	8.7,	1.9487698078155518,	15,	0.3
14,	2,	4,	3,	43,	uso_300ms_73.wav,	6,	440,	12.77,	3.8211331367492676,	15,	0.3
14,	2,	4,	3,	44,	uso_300ms_82.wav,	5,	431,	12.47,	2.4971578121185303,	15,	0.3
14,	2,	4,	3,	45,	uso_300ms_76.wav,	7,	419,	12.07,	3.0625698566436768,	15,	0.3
14,	2,	4,	3,	46,	uso_300ms_83.wav,	9,	409,	11.73,	2.2591989040374756,	15,	0.3
14,	2,	4,	3,	47,	uso_300ms_77.wav,	8,	372,	10.5,	1.9838612079620361,	15,	0.3
14,	2,	4,	3,	48,	uso_300ms_68.wav,	7,	404,	11.57,	2.2810263633728027,	15,	0.3
14,	2,	4,	3,	49,	uso_300ms_26.wav,	5,	320,	8.77,	3.2351303100585938,	15,	0.3
14,	2,	4,	3,	50,	uso_300ms_26.wav,	6,	275,	7.27,	2.4619314670562744,	15,	0.3
14,	2,	4,	3,	51,	uso_300ms_93.wav,	5,	221,	5.47,	4.13516640663147,	15,	0.3
14,	2,	4,	3,	52,	uso_300ms_54.wav,	9,	417,	12.0,	3.3515408039093018,	15,	0.3
14,	2,	4,	3,	53,	uso_300ms_80.wav,	8,	371,	10.47,	2.128038167953491,	15,	0.3
14,	2,	4,	3,	54,	uso_300ms_92.wav,	7,	412,	11.83,	1.9756548404693604,	15,	0.3
14,	2,	4,	3,	55,	uso_300ms_41.wav,	6,	317,	8.67,	3.2066829204559326,	15,	0.3
14,	2,	4,	3,	56,	uso_300ms_7.wav,	9,	404,	11.57,	2.486367702484131,	15,	0.3
14,	2,	4,	3,	57,	uso_300ms_23.wav,	7,	334,	9.23,	2.006364345550537,	15,	0.3
14,	2,	4,	3,	58,	uso_300ms_87.wav,	5,	233,	5.87,	2.581289052963257,	15,	0.3
14,	2,	4,	3,	59,	uso_300ms_49.wav,	8,	287,	7.67,	3.5426714420318604,	15,	0.3
14,	2,	4,	3,	60,	uso_300ms_60.wav,	6,	220,	5.43,	2.0580825805664062,	15,	0.3
14,	2,	4,	3,	61,	uso_300ms_17.wav,	7,	280,	7.43,	4.016718626022339,	15,	0.3
14,	2,	4,	3,	62,	uso_300ms_47.wav,	9,	385,	10.93,	2.9249889850616455,	15,	0.3
14,	2,	4,	3,	63,	uso_300ms_2.wav,	5,	266,	6.97,	2.2165257930755615,	15,	0.3
14,	2,	4,	3,	64,	uso_300ms_36.wav,	8,	350,	9.77,	2.103447198867798,	15,	0.3
14,	2,	4,	3,	65,	uso_300ms_4.wav,	6,	379,	10.73,	1.8797926902770996,	15,	0.3
14,	2,	4,	3,	66,	uso_300ms_30.wav,	7,	316,	8.63,	2.059499502182007,	15,	0.3
14,	2,	4,	3,	67,	uso_300ms_31.wav,	6,	245,	6.27,	2.1181249618530273,	15,	0.3
14,	2,	4,	3,	68,	uso_300ms_99.wav,	5,	250,	6.43,	2.884460926055908,	15,	0.3
14,	2,	4,	3,	69,	uso_300ms_3.wav,	8,	353,	9.87,	3.111419677734375,	15,	0.3
14,	2,	4,	3,	70,	uso_300ms_66.wav,	9,	392,	11.17,	1.8842313289642334,	15,	0.3
14,	2,	4,	3,	71,	uso_300ms_68.wav,	6,	400,	11.43,	3.5364925861358643,	15,	0.3
14,	2,	4,	3,	72,	uso_300ms_83.wav,	9,	386,	10.97,	4.13611102104187,	15,	0.3
14,	2,	4,	3,	73,	uso_300ms_19.wav,	5,	362,	10.17,	2.3393442630767822,	15,	0.3
14,	2,	4,	3,	74,	uso_300ms_84.wav,	7,	399,	11.4,	2.0999808311462402,	15,	0.3
14,	2,	4,	3,	75,	uso_300ms_81.wav,	8,	412,	11.83,	2.1556921005249023,	15,	0.3
