sub_id,cond_id,block_id,task_id,event_id,stim_id,speaker_id,led_id,led_distance,response_time,n_reps,isi
14,	2,	6,	1,	1,	uso_300ms_14.wav,	3,	212,	5.17,	3.6457571983337402,	15,	0.3
14,	2,	6,	1,	2,	uso_300ms_2.wav,	2,	238,	6.03,	2.228304624557495,	15,	0.3
14,	2,	6,	1,	3,	uso_300ms_88.wav,	1,	211,	5.13,	2.9178881645202637,	15,	0.3
14,	2,	6,	1,	4,	uso_300ms_18.wav,	5,	249,	6.4,	1.9773571491241455,	15,	0.3
14,	2,	6,	1,	5,	uso_300ms_86.wav,	4,	245,	6.27,	3.420943260192871,	15,	0.3
14,	2,	6,	1,	6,	uso_300ms_81.wav,	8,	331,	9.13,	2.8381989002227783,	15,	0.3
14,	2,	6,	1,	7,	uso_300ms_72.wav,	9,	355,	9.93,	3.4084203243255615,	15,	0.3
14,	2,	6,	1,	8,	uso_300ms_30.wav,	0,	149,	3.07,	3.6172337532043457,	15,	0.3
14,	2,	6,	1,	9,	uso_300ms_93.wav,	6,	292,	7.83,	2.91483473777771,	15,	0.3
14,	2,	6,	1,	10,	uso_300ms_6.wav,	7,	278,	7.37,	3.0979294776916504,	15,	0.3
14,	2,	6,	1,	11,	uso_300ms_29.wav,	10,	366,	10.3,	2.44580340385437,	15,	0.3
14,	2,	6,	1,	12,	uso_300ms_57.wav,	9,	356,	9.97,	4.761514186859131,	15,	0.3
14,	2,	6,	1,	13,	uso_300ms_83.wav,	1,	159,	3.4,	3.314615488052368,	15,	0.3
14,	2,	6,	1,	14,	uso_300ms_68.wav,	4,	236,	5.97,	2.9961140155792236,	15,	0.3
14,	2,	6,	1,	15,	uso_300ms_70.wav,	5,	279,	7.4,	3.406080484390259,	15,	0.3
14,	2,	6,	1,	16,	uso_300ms_87.wav,	7,	308,	8.37,	1.5261719226837158,	15,	0.3
14,	2,	6,	1,	17,	uso_300ms_36.wav,	2,	204,	4.9,	2.4232616424560547,	15,	0.3
14,	2,	6,	1,	18,	uso_300ms_15.wav,	6,	265,	6.93,	3.2948319911956787,	15,	0.3
14,	2,	6,	1,	19,	uso_300ms_91.wav,	10,	365,	10.27,	2.3834362030029297,	15,	0.3
14,	2,	6,	1,	20,	uso_300ms_35.wav,	8,	407,	11.67,	2.131377696990967,	15,	0.3
14,	2,	6,	1,	21,	uso_300ms_55.wav,	0,	164,	3.57,	2.9781782627105713,	15,	0.3
14,	2,	6,	1,	22,	uso_300ms_56.wav,	3,	224,	5.57,	2.214493751525879,	15,	0.3
14,	2,	6,	1,	23,	uso_300ms_20.wav,	10,	367,	10.33,	3.040048122406006,	15,	0.3
14,	2,	6,	1,	24,	uso_300ms_42.wav,	6,	274,	7.23,	2.9334793090820312,	15,	0.3
14,	2,	6,	1,	25,	uso_300ms_90.wav,	3,	229,	5.73,	1.4188497066497803,	15,	0.3
14,	2,	6,	1,	26,	uso_300ms_11.wav,	9,	279,	7.4,	1.791001558303833,	15,	0.3
14,	2,	6,	1,	27,	uso_300ms_68.wav,	0,	139,	2.73,	3.0396251678466797,	15,	0.3
14,	2,	6,	1,	28,	uso_300ms_53.wav,	4,	232,	5.83,	2.1879842281341553,	15,	0.3
14,	2,	6,	1,	29,	uso_300ms_46.wav,	1,	194,	4.57,	1.5581603050231934,	15,	0.3
14,	2,	6,	1,	30,	uso_300ms_78.wav,	8,	281,	7.47,	1.8576011657714844,	15,	0.3
14,	2,	6,	1,	31,	uso_300ms_93.wav,	5,	268,	7.03,	1.9572954177856445,	15,	0.3
14,	2,	6,	1,	32,	uso_300ms_12.wav,	7,	298,	8.03,	1.9247992038726807,	15,	0.3
14,	2,	6,	1,	33,	uso_300ms_4.wav,	2,	254,	6.57,	2.902552604675293,	15,	0.3
14,	2,	6,	1,	34,	uso_300ms_45.wav,	6,	292,	7.83,	2.5373196601867676,	15,	0.3
14,	2,	6,	1,	35,	uso_300ms_98.wav,	3,	244,	6.23,	1.7168562412261963,	15,	0.3
14,	2,	6,	1,	36,	uso_300ms_60.wav,	9,	344,	9.57,	2.3493924140930176,	15,	0.3
14,	2,	6,	1,	37,	uso_300ms_99.wav,	8,	386,	10.97,	2.187019109725952,	15,	0.3
14,	2,	6,	1,	38,	uso_300ms_51.wav,	0,	165,	3.6,	4.044504404067993,	15,	0.3
14,	2,	6,	1,	39,	uso_300ms_68.wav,	10,	365,	10.27,	3.306143045425415,	15,	0.3
14,	2,	6,	1,	40,	uso_300ms_49.wav,	5,	241,	6.13,	2.52394962310791,	15,	0.3
14,	2,	6,	1,	41,	uso_300ms_33.wav,	7,	282,	7.5,	1.8430671691894531,	15,	0.3
14,	2,	6,	1,	42,	uso_300ms_2.wav,	4,	237,	6.0,	1.9496181011199951,	15,	0.3
14,	2,	6,	1,	43,	uso_300ms_79.wav,	2,	242,	6.17,	4.833548069000244,	15,	0.3
14,	2,	6,	1,	44,	uso_300ms_69.wav,	1,	151,	3.13,	4.294659852981567,	15,	0.3
14,	2,	6,	1,	45,	uso_300ms_55.wav,	2,	202,	4.83,	2.4045262336730957,	15,	0.3
14,	2,	6,	1,	46,	uso_300ms_43.wav,	5,	310,	8.43,	3.1287550926208496,	15,	0.3
14,	2,	6,	1,	47,	uso_300ms_86.wav,	8,	352,	9.83,	1.445284128189087,	15,	0.3
14,	2,	6,	1,	48,	uso_300ms_52.wav,	0,	135,	2.6,	3.9472084045410156,	15,	0.3
14,	2,	6,	1,	49,	uso_300ms_64.wav,	9,	364,	10.23,	5.879974842071533,	15,	0.3
14,	2,	6,	1,	50,	uso_300ms_34.wav,	10,	379,	10.73,	2.6601574420928955,	15,	0.3
14,	2,	6,	1,	51,	uso_300ms_5.wav,	3,	237,	6.0,	3.7905983924865723,	15,	0.3
14,	2,	6,	1,	52,	uso_300ms_50.wav,	6,	277,	7.33,	2.1590075492858887,	15,	0.3
14,	2,	6,	1,	53,	uso_300ms_18.wav,	7,	277,	7.33,	1.633246898651123,	15,	0.3
14,	2,	6,	1,	54,	uso_300ms_43.wav,	4,	243,	6.2,	1.4956660270690918,	15,	0.3
14,	2,	6,	1,	55,	uso_300ms_21.wav,	1,	194,	4.57,	2.1445188522338867,	15,	0.3
14,	2,	6,	1,	56,	uso_300ms_70.wav,	10,	344,	9.57,	2.413447141647339,	15,	0.3
14,	2,	6,	1,	57,	uso_300ms_57.wav,	3,	270,	7.1,	2.1417665481567383,	15,	0.3
14,	2,	6,	1,	58,	uso_300ms_28.wav,	7,	305,	8.27,	1.7739129066467285,	15,	0.3
14,	2,	6,	1,	59,	uso_300ms_29.wav,	1,	197,	4.67,	2.017127513885498,	15,	0.3
14,	2,	6,	1,	60,	uso_300ms_29.wav,	8,	357,	10.0,	2.231508493423462,	15,	0.3
14,	2,	6,	1,	61,	uso_300ms_21.wav,	9,	384,	10.9,	2.8547065258026123,	15,	0.3
14,	2,	6,	1,	62,	uso_300ms_96.wav,	5,	267,	7.0,	2.8961119651794434,	15,	0.3
14,	2,	6,	1,	63,	uso_300ms_80.wav,	0,	148,	3.03,	4.368699073791504,	15,	0.3
14,	2,	6,	1,	64,	uso_300ms_12.wav,	4,	236,	5.97,	2.9777519702911377,	15,	0.3
14,	2,	6,	1,	65,	uso_300ms_71.wav,	2,	309,	8.4,	2.8664894104003906,	15,	0.3
14,	2,	6,	1,	66,	uso_300ms_54.wav,	6,	331,	9.13,	3.3095526695251465,	15,	0.3
14,	2,	6,	1,	67,	uso_300ms_42.wav,	9,	295,	7.93,	3.2427256107330322,	15,	0.3
14,	2,	6,	1,	68,	uso_300ms_39.wav,	4,	266,	6.97,	1.8066987991333008,	15,	0.3
14,	2,	6,	1,	69,	uso_300ms_89.wav,	7,	298,	8.03,	2.9737675189971924,	15,	0.3
14,	2,	6,	1,	70,	uso_300ms_86.wav,	8,	367,	10.33,	2.2961459159851074,	15,	0.3
14,	2,	6,	1,	71,	uso_300ms_56.wav,	6,	391,	11.13,	2.736990213394165,	15,	0.3
14,	2,	6,	1,	72,	uso_300ms_23.wav,	1,	196,	4.63,	3.1344432830810547,	15,	0.3
14,	2,	6,	1,	73,	uso_300ms_80.wav,	5,	257,	6.67,	2.7127931118011475,	15,	0.3
14,	2,	6,	1,	74,	uso_300ms_88.wav,	0,	135,	2.6,	3.446176052093506,	15,	0.3
14,	2,	6,	1,	75,	uso_300ms_75.wav,	3,	220,	5.43,	2.458313226699829,	15,	0.3
14,	2,	6,	1,	76,	uso_300ms_93.wav,	10,	353,	9.87,	2.5306644439697266,	15,	0.3
14,	2,	6,	1,	77,	uso_300ms_58.wav,	2,	203,	4.87,	3.1332874298095703,	15,	0.3
14,	2,	6,	1,	78,	uso_300ms_61.wav,	7,	303,	8.2,	3.0611560344696045,	15,	0.3
14,	2,	6,	1,	79,	uso_300ms_98.wav,	1,	191,	4.47,	2.414865493774414,	15,	0.3
14,	2,	6,	1,	80,	uso_300ms_13.wav,	10,	395,	11.27,	3.1509382724761963,	15,	0.3
14,	2,	6,	1,	81,	uso_300ms_53.wav,	0,	197,	4.67,	2.5951919555664062,	15,	0.3
14,	2,	6,	1,	82,	uso_300ms_50.wav,	5,	281,	7.47,	2.0271942615509033,	15,	0.3
14,	2,	6,	1,	83,	uso_300ms_19.wav,	3,	357,	10.0,	3.1542086601257324,	15,	0.3
14,	2,	6,	1,	84,	uso_300ms_12.wav,	2,	307,	8.33,	3.0322601795196533,	15,	0.3
14,	2,	6,	1,	85,	uso_300ms_15.wav,	4,	310,	8.43,	3.1115260124206543,	15,	0.3
14,	2,	6,	1,	86,	uso_300ms_64.wav,	6,	366,	10.3,	2.1226019859313965,	15,	0.3
14,	2,	6,	1,	87,	uso_300ms_70.wav,	8,	397,	11.33,	2.2106781005859375,	15,	0.3
14,	2,	6,	1,	88,	uso_300ms_74.wav,	9,	425,	12.27,	2.4079837799072266,	15,	0.3
14,	2,	6,	1,	89,	uso_300ms_24.wav,	6,	267,	7.0,	4.115585088729858,	15,	0.3
14,	2,	6,	1,	90,	uso_300ms_3.wav,	2,	320,	8.77,	4.464038610458374,	15,	0.3
14,	2,	6,	1,	91,	uso_300ms_30.wav,	7,	276,	7.3,	2.07645583152771,	15,	0.3
14,	2,	6,	1,	92,	uso_300ms_77.wav,	9,	359,	10.07,	2.4588191509246826,	15,	0.3
14,	2,	6,	1,	93,	uso_300ms_70.wav,	8,	390,	11.1,	1.5655241012573242,	15,	0.3
14,	2,	6,	1,	94,	uso_300ms_69.wav,	1,	213,	5.2,	3.549328327178955,	15,	0.3
14,	2,	6,	1,	95,	uso_300ms_43.wav,	0,	141,	2.8,	3.361783981323242,	15,	0.3
14,	2,	6,	1,	96,	uso_300ms_18.wav,	4,	195,	4.6,	2.106252908706665,	15,	0.3
14,	2,	6,	1,	97,	uso_300ms_87.wav,	10,	362,	10.17,	3.565727949142456,	15,	0.3
14,	2,	6,	1,	98,	uso_300ms_90.wav,	5,	281,	7.47,	2.9517951011657715,	15,	0.3
14,	2,	6,	1,	99,	uso_300ms_92.wav,	3,	237,	6.0,	2.1689274311065674,	15,	0.3
14,	2,	6,	1,	100,	uso_300ms_84.wav,	2,	237,	6.0,	1.5112593173980713,	15,	0.3
14,	2,	6,	1,	101,	uso_300ms_25.wav,	6,	257,	6.67,	3.111464738845825,	15,	0.3
14,	2,	6,	1,	102,	uso_300ms_75.wav,	1,	188,	4.37,	2.037034034729004,	15,	0.3
14,	2,	6,	1,	103,	uso_300ms_36.wav,	3,	232,	5.83,	2.054088830947876,	15,	0.3
14,	2,	6,	1,	104,	uso_300ms_26.wav,	10,	288,	7.7,	1.794644832611084,	15,	0.3
14,	2,	6,	1,	105,	uso_300ms_74.wav,	5,	276,	7.3,	1.7532896995544434,	15,	0.3
14,	2,	6,	1,	106,	uso_300ms_15.wav,	8,	368,	10.37,	2.611538887023926,	15,	0.3
14,	2,	6,	1,	107,	uso_300ms_97.wav,	9,	395,	11.27,	1.7344324588775635,	15,	0.3
14,	2,	6,	1,	108,	uso_300ms_74.wav,	7,	405,	11.6,	1.6818218231201172,	15,	0.3
14,	2,	6,	1,	109,	uso_300ms_94.wav,	4,	394,	11.23,	2.0991196632385254,	15,	0.3
14,	2,	6,	1,	110,	uso_300ms_48.wav,	0,	154,	3.23,	3.840949296951294,	15,	0.3
14,	2,	6,	1,	111,	uso_300ms_13.wav,	8,	398,	11.37,	3.210470676422119,	15,	0.3
14,	2,	6,	1,	112,	uso_300ms_43.wav,	10,	413,	11.87,	2.074676513671875,	15,	0.3
14,	2,	6,	1,	113,	uso_300ms_36.wav,	6,	382,	10.83,	2.302793502807617,	15,	0.3
14,	2,	6,	1,	114,	uso_300ms_95.wav,	7,	403,	11.53,	3.7600595951080322,	15,	0.3
14,	2,	6,	1,	115,	uso_300ms_18.wav,	3,	187,	4.33,	2.705170154571533,	15,	0.3
14,	2,	6,	1,	116,	uso_300ms_8.wav,	9,	274,	7.23,	2.4371509552001953,	15,	0.3
14,	2,	6,	1,	117,	uso_300ms_7.wav,	2,	224,	5.57,	1.9427647590637207,	15,	0.3
14,	2,	6,	1,	118,	uso_300ms_10.wav,	1,	195,	4.6,	1.7982633113861084,	15,	0.3
14,	2,	6,	1,	119,	uso_300ms_100.wav,	0,	139,	2.73,	2.092695713043213,	15,	0.3
14,	2,	6,	1,	120,	uso_300ms_70.wav,	5,	222,	5.5,	2.2401821613311768,	15,	0.3
14,	2,	6,	1,	121,	uso_300ms_90.wav,	4,	256,	6.63,	1.926234483718872,	15,	0.3
14,	2,	6,	1,	122,	uso_300ms_47.wav,	8,	300,	8.1,	2.8457744121551514,	15,	0.3
14,	2,	6,	1,	123,	uso_300ms_27.wav,	5,	256,	6.63,	2.6817286014556885,	15,	0.3
14,	2,	6,	1,	124,	uso_300ms_30.wav,	10,	352,	9.83,	2.4843692779541016,	15,	0.3
14,	2,	6,	1,	125,	uso_300ms_62.wav,	3,	380,	10.77,	2.579622507095337,	15,	0.3
14,	2,	6,	1,	126,	uso_300ms_72.wav,	1,	221,	5.47,	2.428170680999756,	15,	0.3
14,	2,	6,	1,	127,	uso_300ms_89.wav,	4,	275,	7.27,	1.7397286891937256,	15,	0.3
14,	2,	6,	1,	128,	uso_300ms_11.wav,	7,	326,	8.97,	1.890798807144165,	15,	0.3
14,	2,	6,	1,	129,	uso_300ms_20.wav,	9,	398,	11.37,	2.3093364238739014,	15,	0.3
14,	2,	6,	1,	130,	uso_300ms_95.wav,	2,	234,	5.9,	2.281081438064575,	15,	0.3
14,	2,	6,	1,	131,	uso_300ms_93.wav,	0,	174,	3.9,	1.898681402206421,	15,	0.3
14,	2,	6,	1,	132,	uso_300ms_77.wav,	6,	287,	7.67,	3.2078397274017334,	15,	0.3
14,	2,	6,	1,	133,	uso_300ms_50.wav,	3,	265,	6.93,	2.9563286304473877,	15,	0.3
14,	2,	6,	1,	134,	uso_300ms_97.wav,	4,	266,	6.97,	2.6969430446624756,	15,	0.3
14,	2,	6,	1,	135,	uso_300ms_77.wav,	7,	326,	8.97,	1.707632064819336,	15,	0.3
14,	2,	6,	1,	136,	uso_300ms_34.wav,	0,	162,	3.5,	3.3196914196014404,	15,	0.3
14,	2,	6,	1,	137,	uso_300ms_23.wav,	1,	204,	4.9,	1.702131986618042,	15,	0.3
14,	2,	6,	1,	138,	uso_300ms_79.wav,	6,	319,	8.73,	2.1049249172210693,	15,	0.3
14,	2,	6,	1,	139,	uso_300ms_28.wav,	8,	380,	10.77,	2.17883563041687,	15,	0.3
14,	2,	6,	1,	140,	uso_300ms_49.wav,	2,	349,	9.73,	3.722134828567505,	15,	0.3
14,	2,	6,	1,	141,	uso_300ms_75.wav,	5,	315,	8.6,	2.419981002807617,	15,	0.3
14,	2,	6,	1,	142,	uso_300ms_62.wav,	9,	383,	10.87,	1.8753867149353027,	15,	0.3
14,	2,	6,	1,	143,	uso_300ms_6.wav,	10,	394,	11.23,	1.8597321510314941,	15,	0.3
14,	2,	6,	1,	144,	uso_300ms_28.wav,	7,	376,	10.63,	3.1679587364196777,	15,	0.3
14,	2,	6,	1,	145,	uso_300ms_28.wav,	0,	189,	4.4,	2.2468855381011963,	15,	0.3
14,	2,	6,	1,	146,	uso_300ms_57.wav,	6,	332,	9.17,	2.950284719467163,	15,	0.3
14,	2,	6,	1,	147,	uso_300ms_92.wav,	8,	370,	10.43,	1.8049356937408447,	15,	0.3
14,	2,	6,	1,	148,	uso_300ms_17.wav,	5,	361,	10.13,	3.2461256980895996,	15,	0.3
14,	2,	6,	1,	149,	uso_300ms_30.wav,	9,	406,	11.63,	2.2079594135284424,	15,	0.3
14,	2,	6,	1,	150,	uso_300ms_55.wav,	1,	171,	3.8,	2.9527435302734375,	15,	0.3
14,	2,	6,	1,	151,	uso_300ms_90.wav,	2,	231,	5.8,	3.027604103088379,	15,	0.3
14,	2,	6,	1,	152,	uso_300ms_2.wav,	10,	396,	11.3,	2.521775245666504,	15,	0.3
14,	2,	6,	1,	153,	uso_300ms_38.wav,	3,	282,	7.5,	2.425114631652832,	15,	0.3
14,	2,	6,	1,	154,	uso_300ms_8.wav,	4,	268,	7.03,	2.6402523517608643,	15,	0.3
14,	2,	6,	1,	155,	uso_300ms_87.wav,	6,	333,	9.2,	1.8947381973266602,	15,	0.3
14,	2,	6,	1,	156,	uso_300ms_35.wav,	10,	389,	11.07,	2.1505374908447266,	15,	0.3
14,	2,	6,	1,	157,	uso_300ms_83.wav,	4,	332,	9.17,	1.8873233795166016,	15,	0.3
14,	2,	6,	1,	158,	uso_300ms_47.wav,	7,	388,	11.03,	2.1436829566955566,	15,	0.3
14,	2,	6,	1,	159,	uso_300ms_20.wav,	1,	209,	5.07,	2.168332815170288,	15,	0.3
14,	2,	6,	1,	160,	uso_300ms_79.wav,	3,	253,	6.53,	2.2241687774658203,	15,	0.3
14,	2,	6,	1,	161,	uso_300ms_88.wav,	5,	291,	7.8,	1.4110910892486572,	15,	0.3
14,	2,	6,	1,	162,	uso_300ms_29.wav,	9,	415,	11.93,	1.9460556507110596,	15,	0.3
14,	2,	6,	1,	163,	uso_300ms_47.wav,	0,	148,	3.03,	2.6237540245056152,	15,	0.3
14,	2,	6,	1,	164,	uso_300ms_59.wav,	8,	292,	7.83,	5.002566814422607,	15,	0.3
14,	2,	6,	1,	165,	uso_300ms_16.wav,	2,	201,	4.8,	2.7782368659973145,	15,	0.3
