sub_id,cond_id,block_id,task_id,event_id,stim_id,speaker_id,led_id,led_distance,response_time,n_reps,isi
14,	2,	1,	3,	1,	uso_300ms_65.wav,	9,	287,	7.67,	5.979565143585205,	15,	0.3
14,	2,	1,	3,	2,	uso_300ms_30.wav,	5,	267,	7.0,	5.6140196323394775,	15,	0.3
14,	2,	1,	3,	3,	uso_300ms_48.wav,	7,	338,	9.37,	5.470217943191528,	15,	0.3
14,	2,	1,	3,	4,	uso_300ms_36.wav,	6,	316,	8.63,	6.433618545532227,	15,	0.3
14,	2,	1,	3,	5,	uso_300ms_87.wav,	8,	287,	7.67,	9.78298830986023,	15,	0.3
14,	2,	1,	3,	6,	uso_300ms_59.wav,	7,	271,	7.13,	10.461024045944214,	15,	0.3
14,	2,	1,	3,	7,	uso_300ms_50.wav,	5,	219,	5.4,	6.269242525100708,	15,	0.3
14,	2,	1,	3,	8,	uso_300ms_38.wav,	8,	275,	7.27,	9.61519169807434,	15,	0.3
14,	2,	1,	3,	9,	uso_300ms_71.wav,	6,	325,	8.93,	4.316599130630493,	15,	0.3
14,	2,	1,	3,	10,	uso_300ms_41.wav,	9,	363,	10.2,	4.827376127243042,	15,	0.3
14,	2,	1,	3,	11,	uso_300ms_54.wav,	8,	383,	10.87,	3.6216542720794678,	15,	0.3
14,	2,	1,	3,	12,	uso_300ms_59.wav,	5,	193,	4.53,	8.707911491394043,	15,	0.3
14,	2,	1,	3,	13,	uso_300ms_97.wav,	7,	220,	5.43,	7.475571632385254,	15,	0.3
14,	2,	1,	3,	14,	uso_300ms_45.wav,	6,	184,	4.23,	7.620432615280151,	15,	0.3
14,	2,	1,	3,	15,	uso_300ms_66.wav,	9,	277,	7.33,	7.519804000854492,	15,	0.3
14,	2,	1,	3,	16,	uso_300ms_49.wav,	7,	207,	5.0,	3.663381338119507,	15,	0.3
14,	2,	1,	3,	17,	uso_300ms_2.wav,	8,	243,	6.2,	10.081584453582764,	15,	0.3
14,	2,	1,	3,	18,	uso_300ms_35.wav,	5,	284,	7.57,	3.513727903366089,	15,	0.3
14,	2,	1,	3,	19,	uso_300ms_68.wav,	9,	343,	9.53,	3.461301326751709,	15,	0.3
14,	2,	1,	3,	20,	uso_300ms_100.wav,	6,	315,	8.6,	5.662060737609863,	15,	0.3
14,	2,	1,	3,	21,	uso_300ms_66.wav,	8,	353,	9.87,	3.0775203704833984,	15,	0.3
14,	2,	1,	3,	22,	uso_300ms_12.wav,	7,	331,	9.13,	4.07257866859436,	15,	0.3
14,	2,	1,	3,	23,	uso_300ms_90.wav,	6,	391,	11.13,	5.6886162757873535,	15,	0.3
14,	2,	1,	3,	24,	uso_300ms_54.wav,	9,	348,	9.7,	7.728835582733154,	15,	0.3
14,	2,	1,	3,	25,	uso_300ms_91.wav,	5,	263,	6.87,	2.9518096446990967,	15,	0.3
14,	2,	1,	3,	26,	uso_300ms_54.wav,	8,	402,	11.5,	3.5512142181396484,	15,	0.3
14,	2,	1,	3,	27,	uso_300ms_99.wav,	6,	287,	7.67,	4.210816860198975,	15,	0.3
14,	2,	1,	3,	28,	uso_300ms_30.wav,	9,	176,	3.97,	5.046370506286621,	15,	0.3
14,	2,	1,	3,	29,	uso_300ms_71.wav,	7,	274,	7.23,	4.1269004344940186,	15,	0.3
14,	2,	1,	3,	30,	uso_300ms_66.wav,	5,	238,	6.03,	4.874340534210205,	15,	0.3
14,	2,	1,	3,	31,	uso_300ms_95.wav,	6,	199,	4.73,	4.603400468826294,	15,	0.3
14,	2,	1,	3,	32,	uso_300ms_19.wav,	8,	376,	10.63,	7.009922742843628,	15,	0.3
14,	2,	1,	3,	33,	uso_300ms_78.wav,	7,	268,	7.03,	6.354525089263916,	15,	0.3
14,	2,	1,	3,	34,	uso_300ms_73.wav,	9,	366,	10.3,	3.856600284576416,	15,	0.3
14,	2,	1,	3,	35,	uso_300ms_1.wav,	5,	397,	11.33,	2.631991386413574,	15,	0.3
14,	2,	1,	3,	36,	uso_300ms_21.wav,	6,	261,	6.8,	5.5983662605285645,	15,	0.3
14,	2,	1,	3,	37,	uso_300ms_44.wav,	5,	220,	5.43,	2.907170295715332,	15,	0.3
14,	2,	1,	3,	38,	uso_300ms_23.wav,	8,	195,	4.6,	3.224388837814331,	15,	0.3
14,	2,	1,	3,	39,	uso_300ms_66.wav,	7,	374,	10.57,	5.95817232131958,	15,	0.3
14,	2,	1,	3,	40,	uso_300ms_52.wav,	9,	252,	6.5,	5.359112977981567,	15,	0.3
14,	2,	1,	3,	41,	uso_300ms_95.wav,	6,	212,	5.17,	3.4363956451416016,	15,	0.3
14,	2,	1,	3,	42,	uso_300ms_58.wav,	9,	239,	6.07,	4.43449330329895,	15,	0.3
14,	2,	1,	3,	43,	uso_300ms_36.wav,	8,	278,	7.37,	4.333504676818848,	15,	0.3
14,	2,	1,	3,	44,	uso_300ms_72.wav,	7,	242,	6.17,	4.917586326599121,	15,	0.3
14,	2,	1,	3,	45,	uso_300ms_22.wav,	5,	189,	4.4,	3.806006669998169,	15,	0.3
14,	2,	1,	3,	46,	uso_300ms_93.wav,	6,	192,	4.5,	6.174927711486816,	15,	0.3
14,	2,	1,	3,	47,	uso_300ms_85.wav,	9,	278,	7.37,	3.792524576187134,	15,	0.3
14,	2,	1,	3,	48,	uso_300ms_53.wav,	8,	383,	10.87,	3.0977892875671387,	15,	0.3
14,	2,	1,	3,	49,	uso_300ms_93.wav,	7,	205,	4.93,	3.7027008533477783,	15,	0.3
14,	2,	1,	3,	50,	uso_300ms_98.wav,	5,	185,	4.27,	2.5501461029052734,	15,	0.3
14,	2,	1,	3,	51,	uso_300ms_39.wav,	7,	271,	7.13,	6.601678848266602,	15,	0.3
14,	2,	1,	3,	52,	uso_300ms_30.wav,	9,	241,	6.13,	3.0361907482147217,	15,	0.3
14,	2,	1,	3,	53,	uso_300ms_57.wav,	5,	212,	5.17,	2.088723659515381,	15,	0.3
14,	2,	1,	3,	54,	uso_300ms_76.wav,	8,	361,	10.13,	4.526797294616699,	15,	0.3
14,	2,	1,	3,	55,	uso_300ms_25.wav,	6,	330,	9.1,	4.018785238265991,	15,	0.3
14,	2,	1,	3,	56,	uso_300ms_98.wav,	8,	373,	10.53,	3.176964521408081,	15,	0.3
14,	2,	1,	3,	57,	uso_300ms_83.wav,	6,	190,	4.43,	5.43172025680542,	15,	0.3
14,	2,	1,	3,	58,	uso_300ms_5.wav,	7,	157,	3.33,	5.215804576873779,	15,	0.3
14,	2,	1,	3,	59,	uso_300ms_29.wav,	5,	270,	7.1,	3.1092569828033447,	15,	0.3
14,	2,	1,	3,	60,	uso_300ms_71.wav,	9,	412,	11.83,	4.079291105270386,	15,	0.3
14,	2,	1,	3,	61,	uso_300ms_87.wav,	7,	240,	6.1,	3.444732189178467,	15,	0.3
14,	2,	1,	3,	62,	uso_300ms_97.wav,	5,	161,	3.47,	2.8387248516082764,	15,	0.3
14,	2,	1,	3,	63,	uso_300ms_55.wav,	8,	399,	11.4,	3.703611135482788,	15,	0.3
14,	2,	1,	3,	64,	uso_300ms_67.wav,	6,	322,	8.83,	2.972527027130127,	15,	0.3
14,	2,	1,	3,	65,	uso_300ms_90.wav,	9,	364,	10.23,	2.356335401535034,	15,	0.3
14,	2,	1,	3,	66,	uso_300ms_46.wav,	7,	256,	6.63,	3.74861216545105,	15,	0.3
14,	2,	1,	3,	67,	uso_300ms_43.wav,	6,	194,	4.57,	2.2207748889923096,	15,	0.3
14,	2,	1,	3,	68,	uso_300ms_78.wav,	5,	249,	6.4,	5.276476621627808,	15,	0.3
14,	2,	1,	3,	69,	uso_300ms_3.wav,	8,	355,	9.93,	3.7493739128112793,	15,	0.3
14,	2,	1,	3,	70,	uso_300ms_2.wav,	9,	393,	11.2,	2.5671050548553467,	15,	0.3
14,	2,	1,	3,	71,	uso_300ms_64.wav,	7,	411,	11.8,	2.205353021621704,	15,	0.3
14,	2,	1,	3,	72,	uso_300ms_78.wav,	6,	346,	9.63,	3.7857205867767334,	15,	0.3
14,	2,	1,	3,	73,	uso_300ms_60.wav,	8,	314,	8.57,	2.9612255096435547,	15,	0.3
14,	2,	1,	3,	74,	uso_300ms_4.wav,	5,	314,	8.57,	2.1680212020874023,	15,	0.3
14,	2,	1,	3,	75,	uso_300ms_52.wav,	9,	381,	10.8,	2.8425087928771973,	15,	0.3
