sub_id,cond_id,block_id,task_id,event_id,stim_id,speaker_id,led_id,led_distance,response_time,n_reps,isi
14,	2,	2,	3,	1,	uso_300ms_3.wav,	7,	263,	6.87,	4.90451455116272,	15,	0.3
14,	2,	2,	3,	2,	uso_300ms_64.wav,	6,	292,	7.83,	4.332730770111084,	15,	0.3
14,	2,	2,	3,	3,	uso_300ms_27.wav,	9,	360,	10.1,	4.908109664916992,	15,	0.3
14,	2,	2,	3,	4,	uso_300ms_59.wav,	5,	199,	4.73,	3.427349090576172,	15,	0.3
14,	2,	2,	3,	5,	uso_300ms_3.wav,	8,	376,	10.63,	4.408293008804321,	15,	0.3
14,	2,	2,	3,	6,	uso_300ms_39.wav,	5,	205,	4.93,	3.896394968032837,	15,	0.3
14,	2,	2,	3,	7,	uso_300ms_41.wav,	6,	228,	5.7,	3.857386827468872,	15,	0.3
14,	2,	2,	3,	8,	uso_300ms_3.wav,	8,	337,	9.33,	4.4822611808776855,	15,	0.3
14,	2,	2,	3,	9,	uso_300ms_10.wav,	9,	392,	11.17,	5.093169927597046,	15,	0.3
14,	2,	2,	3,	10,	uso_300ms_100.wav,	7,	273,	7.2,	3.8375399112701416,	15,	0.3
14,	2,	2,	3,	11,	uso_300ms_50.wav,	5,	183,	4.2,	3.1644952297210693,	15,	0.3
14,	2,	2,	3,	12,	uso_300ms_21.wav,	8,	298,	8.03,	3.353729248046875,	15,	0.3
14,	2,	2,	3,	13,	uso_300ms_74.wav,	9,	397,	11.33,	3.5255281925201416,	15,	0.3
14,	2,	2,	3,	14,	uso_300ms_4.wav,	6,	330,	9.1,	5.313467264175415,	15,	0.3
14,	2,	2,	3,	15,	uso_300ms_7.wav,	7,	232,	5.83,	3.1215391159057617,	15,	0.3
14,	2,	2,	3,	16,	uso_300ms_22.wav,	6,	260,	6.77,	4.434175729751587,	15,	0.3
14,	2,	2,	3,	17,	uso_300ms_28.wav,	8,	325,	8.93,	6.023797988891602,	15,	0.3
14,	2,	2,	3,	18,	uso_300ms_53.wav,	5,	264,	6.9,	2.972195863723755,	15,	0.3
14,	2,	2,	3,	19,	uso_300ms_44.wav,	9,	350,	9.77,	3.7251663208007812,	15,	0.3
14,	2,	2,	3,	20,	uso_300ms_45.wav,	7,	323,	8.87,	2.7028112411499023,	15,	0.3
14,	2,	2,	3,	21,	uso_300ms_38.wav,	9,	276,	7.3,	2.844095468521118,	15,	0.3
14,	2,	2,	3,	22,	uso_300ms_99.wav,	7,	322,	8.83,	3.0881659984588623,	15,	0.3
14,	2,	2,	3,	23,	uso_300ms_54.wav,	6,	223,	5.53,	4.3588645458221436,	15,	0.3
14,	2,	2,	3,	24,	uso_300ms_76.wav,	5,	246,	6.3,	3.7543182373046875,	15,	0.3
14,	2,	2,	3,	25,	uso_300ms_65.wav,	8,	333,	9.2,	3.9293460845947266,	15,	0.3
14,	2,	2,	3,	26,	uso_300ms_24.wav,	5,	158,	3.37,	3.9266598224639893,	15,	0.3
14,	2,	2,	3,	27,	uso_300ms_22.wav,	6,	189,	4.4,	2.9911062717437744,	15,	0.3
14,	2,	2,	3,	28,	uso_300ms_86.wav,	8,	257,	6.67,	3.3528451919555664,	15,	0.3
14,	2,	2,	3,	29,	uso_300ms_58.wav,	7,	164,	3.57,	2.702547550201416,	15,	0.3
14,	2,	2,	3,	30,	uso_300ms_47.wav,	9,	312,	8.5,	5.081958770751953,	15,	0.3
14,	2,	2,	3,	31,	uso_300ms_91.wav,	8,	255,	6.6,	3.4536266326904297,	15,	0.3
14,	2,	2,	3,	32,	uso_300ms_41.wav,	7,	290,	7.77,	4.06562876701355,	15,	0.3
14,	2,	2,	3,	33,	uso_300ms_13.wav,	5,	201,	4.8,	3.2666561603546143,	15,	0.3
14,	2,	2,	3,	34,	uso_300ms_100.wav,	6,	217,	5.33,	2.802582263946533,	15,	0.3
14,	2,	2,	3,	35,	uso_300ms_12.wav,	9,	263,	6.87,	2.9652929306030273,	15,	0.3
14,	2,	2,	3,	36,	uso_300ms_51.wav,	8,	341,	9.47,	3.1058290004730225,	15,	0.3
14,	2,	2,	3,	37,	uso_300ms_31.wav,	9,	313,	8.53,	2.814222812652588,	15,	0.3
14,	2,	2,	3,	38,	uso_300ms_85.wav,	5,	222,	5.5,	2.8277387619018555,	15,	0.3
14,	2,	2,	3,	39,	uso_300ms_99.wav,	7,	279,	7.4,	2.8045196533203125,	15,	0.3
14,	2,	2,	3,	40,	uso_300ms_83.wav,	6,	243,	6.2,	4.8384034633636475,	15,	0.3
14,	2,	2,	3,	41,	uso_300ms_30.wav,	8,	210,	5.1,	1.981238842010498,	15,	0.3
14,	2,	2,	3,	42,	uso_300ms_73.wav,	7,	325,	8.93,	4.376563787460327,	15,	0.3
14,	2,	2,	3,	43,	uso_300ms_76.wav,	6,	270,	7.1,	3.381289482116699,	15,	0.3
14,	2,	2,	3,	44,	uso_300ms_10.wav,	5,	235,	5.93,	3.594663381576538,	15,	0.3
14,	2,	2,	3,	45,	uso_300ms_48.wav,	9,	358,	10.03,	2.766622543334961,	15,	0.3
14,	2,	2,	3,	46,	uso_300ms_47.wav,	7,	392,	11.17,	4.716076135635376,	15,	0.3
14,	2,	2,	3,	47,	uso_300ms_5.wav,	6,	351,	9.8,	6.241296768188477,	15,	0.3
14,	2,	2,	3,	48,	uso_300ms_40.wav,	5,	276,	7.3,	3.0168232917785645,	15,	0.3
14,	2,	2,	3,	49,	uso_300ms_72.wav,	9,	340,	9.43,	4.167446613311768,	15,	0.3
14,	2,	2,	3,	50,	uso_300ms_7.wav,	8,	377,	10.67,	2.875215768814087,	15,	0.3
14,	2,	2,	3,	51,	uso_300ms_10.wav,	7,	267,	7.0,	3.7313520908355713,	15,	0.3
14,	2,	2,	3,	52,	uso_300ms_62.wav,	8,	168,	3.7,	4.188194036483765,	15,	0.3
14,	2,	2,	3,	53,	uso_300ms_82.wav,	6,	276,	7.3,	3.7712879180908203,	15,	0.3
14,	2,	2,	3,	54,	uso_300ms_79.wav,	9,	319,	8.73,	2.4770216941833496,	15,	0.3
14,	2,	2,	3,	55,	uso_300ms_27.wav,	5,	181,	4.13,	3.670930862426758,	15,	0.3
14,	2,	2,	3,	56,	uso_300ms_29.wav,	7,	363,	10.2,	3.7139101028442383,	15,	0.3
14,	2,	2,	3,	57,	uso_300ms_17.wav,	5,	284,	7.57,	2.330429792404175,	15,	0.3
14,	2,	2,	3,	58,	uso_300ms_42.wav,	6,	219,	5.4,	3.705738067626953,	15,	0.3
14,	2,	2,	3,	59,	uso_300ms_40.wav,	8,	337,	9.33,	3.598836898803711,	15,	0.3
14,	2,	2,	3,	60,	uso_300ms_26.wav,	9,	377,	10.67,	2.781202554702759,	15,	0.3
14,	2,	2,	3,	61,	uso_300ms_88.wav,	6,	257,	6.67,	5.083897113800049,	15,	0.3
14,	2,	2,	3,	62,	uso_300ms_86.wav,	9,	338,	9.37,	5.26957893371582,	15,	0.3
14,	2,	2,	3,	63,	uso_300ms_57.wav,	7,	210,	5.1,	2.9110233783721924,	15,	0.3
14,	2,	2,	3,	64,	uso_300ms_76.wav,	8,	353,	9.87,	3.1889560222625732,	15,	0.3
14,	2,	2,	3,	65,	uso_300ms_47.wav,	5,	174,	3.9,	5.310132741928101,	15,	0.3
14,	2,	2,	3,	66,	uso_300ms_37.wav,	7,	318,	8.7,	4.635315418243408,	15,	0.3
14,	2,	2,	3,	67,	uso_300ms_10.wav,	9,	364,	10.23,	3.782818078994751,	15,	0.3
14,	2,	2,	3,	68,	uso_300ms_94.wav,	6,	234,	5.9,	5.374258756637573,	15,	0.3
14,	2,	2,	3,	69,	uso_300ms_3.wav,	8,	373,	10.53,	3.780759572982788,	15,	0.3
14,	2,	2,	3,	70,	uso_300ms_29.wav,	5,	324,	8.9,	6.860713958740234,	15,	0.3
14,	2,	2,	3,	71,	uso_300ms_1.wav,	9,	379,	10.73,	2.3781344890594482,	15,	0.3
14,	2,	2,	3,	72,	uso_300ms_52.wav,	5,	206,	4.97,	2.703784942626953,	15,	0.3
14,	2,	2,	3,	73,	uso_300ms_12.wav,	6,	234,	5.9,	3.115339994430542,	15,	0.3
14,	2,	2,	3,	74,	uso_300ms_17.wav,	7,	279,	7.4,	3.174185037612915,	15,	0.3
14,	2,	2,	3,	75,	uso_300ms_88.wav,	8,	273,	7.2,	6.314204216003418,	15,	0.3
