sub_id,cond_id,block_id,task_id,event_id,stim_id,speaker_id,led_id,led_distance,response_time,n_reps,isi
14,	2,	3,	3,	1,	uso_300ms_54.wav,	5,	90,	1.1,	nan,	90,	2
14,	2,	3,	3,	2,	uso_300ms_49.wav,	5,	108.82729800000004,	1.73,	nan,	90,	2
14,	2,	3,	3,	3,	uso_300ms_68.wav,	5,	201.3836570000001,	4.81,	nan,	90,	2
14,	2,	3,	3,	4,	uso_300ms_85.wav,	8,	353.90518000000014,	9.9,	nan,	90,	2
14,	2,	3,	3,	5,	uso_300ms_88.wav,	9,	393.1317030000002,	11.2,	nan,	90,	2
14,	2,	3,	3,	6,	uso_300ms_86.wav,	9,	451.44285100000025,	13.15,	nan,	90,	2
14,	2,	3,	3,	7,	uso_300ms_17.wav,	9,	438.03244000000024,	12.7,	nan,	90,	2
14,	2,	3,	3,	8,	uso_300ms_24.wav,	9,	435.5392010000002,	12.62,	nan,	90,	2
14,	2,	3,	3,	9,	uso_300ms_3.wav,	9,	435.5392010000002,	12.62,	nan,	90,	2
14,	2,	3,	3,	10,	uso_300ms_32.wav,	8,	367.79179400000015,	10.36,	nan,	90,	2
14,	2,	3,	3,	11,	uso_300ms_13.wav,	8,	367.79179400000015,	10.36,	nan,	90,	2
14,	2,	3,	3,	12,	uso_300ms_15.wav,	8,	367.79179400000015,	10.36,	nan,	90,	2
14,	2,	3,	3,	13,	uso_300ms_61.wav,	7,	321.7725970000001,	8.83,	nan,	90,	2
14,	2,	3,	3,	14,	uso_300ms_72.wav,	7,	321.7725970000001,	8.83,	nan,	90,	2
14,	2,	3,	3,	15,	uso_300ms_30.wav,	7,	321.7725970000001,	8.83,	nan,	90,	2
14,	2,	3,	3,	16,	uso_300ms_14.wav,	5,	256.1353470000001,	6.64,	nan,	90,	2
14,	2,	3,	3,	17,	uso_300ms_82.wav,	5,	256.1353470000001,	6.64,	nan,	90,	2
14,	2,	3,	3,	18,	uso_300ms_63.wav,	5,	257.089118,	6.67,	nan,	90,	2
14,	2,	3,	3,	19,	uso_300ms_24.wav,	5,	257.089118,	6.67,	nan,	90,	2
14,	2,	3,	3,	20,	uso_300ms_50.wav,	5,	192.96708099999998,	4.53,	nan,	90,	2
14,	2,	3,	3,	21,	uso_300ms_96.wav,	5,	192.96708099999998,	4.53,	nan,	90,	2
14,	2,	3,	3,	22,	uso_300ms_11.wav,	5,	187.92468699999992,	4.36,	nan,	90,	2
14,	2,	3,	3,	23,	uso_300ms_7.wav,	5,	163.2404819999999,	3.54,	nan,	90,	2
14,	2,	3,	3,	24,	uso_300ms_67.wav,	5,	146.37539599999994,	2.98,	nan,	90,	2
14,	2,	3,	3,	25,	uso_300ms_12.wav,	5,	96.25125199999995,	1.31,	nan,	90,	2
14,	2,	3,	3,	26,	uso_300ms_27.wav,	5,	130.1432149999999,	2.44,	nan,	90,	2
14,	2,	3,	3,	27,	uso_300ms_43.wav,	5,	258.15453899999994,	6.71,	nan,	90,	2
14,	2,	3,	3,	28,	uso_300ms_89.wav,	6,	303.522078,	8.22,	nan,	90,	2
14,	2,	3,	3,	29,	uso_300ms_56.wav,	8,	344.057132,	9.57,	nan,	90,	2
14,	2,	3,	3,	30,	uso_300ms_99.wav,	8,	344.0875470000001,	9.57,	nan,	90,	2
14,	2,	3,	3,	31,	uso_300ms_63.wav,	8,	344.07998700000013,	9.57,	nan,	90,	2
14,	2,	3,	3,	32,	uso_300ms_97.wav,	9,	421.6973520000003,	12.16,	nan,	90,	2
14,	2,	3,	3,	33,	uso_300ms_48.wav,	9,	417.14753400000035,	12.0,	nan,	90,	2
14,	2,	3,	3,	34,	uso_300ms_83.wav,	9,	417.14753400000035,	12.0,	nan,	90,	2
14,	2,	3,	3,	35,	uso_300ms_21.wav,	8,	371.6814000000002,	10.49,	nan,	90,	2
14,	2,	3,	3,	36,	uso_300ms_16.wav,	9,	422.69788300000016,	12.19,	nan,	90,	2
14,	2,	3,	3,	37,	uso_300ms_76.wav,	9,	422.37250199999994,	12.18,	nan,	90,	2
14,	2,	3,	3,	38,	uso_300ms_17.wav,	8,	358.46521099999984,	10.05,	nan,	90,	2
14,	2,	3,	3,	39,	uso_300ms_32.wav,	8,	358.46521099999984,	10.05,	nan,	90,	2
14,	2,	3,	3,	40,	uso_300ms_10.wav,	7,	313.21663699999965,	8.54,	nan,	90,	2
14,	2,	3,	3,	41,	uso_300ms_63.wav,	7,	313.16232399999944,	8.54,	nan,	90,	2
14,	2,	3,	3,	42,	uso_300ms_1.wav,	5,	262.9879549999994,	6.87,	nan,	90,	2
14,	2,	3,	3,	43,	uso_300ms_41.wav,	5,	262.9879549999994,	6.87,	nan,	90,	2
14,	2,	3,	3,	44,	uso_300ms_55.wav,	5,	262.9879549999994,	6.87,	nan,	90,	2
14,	2,	3,	3,	45,	uso_300ms_65.wav,	5,	194.82615499999943,	4.59,	nan,	90,	2
14,	2,	3,	3,	46,	uso_300ms_33.wav,	5,	155.27021199999936,	3.28,	nan,	90,	2
14,	2,	3,	3,	47,	uso_300ms_99.wav,	5,	110.73996399999938,	1.79,	nan,	90,	2
14,	2,	3,	3,	48,	uso_300ms_30.wav,	5,	197.62787699999936,	4.69,	nan,	90,	2
14,	2,	3,	3,	49,	uso_300ms_63.wav,	6,	289.5680539999993,	7.75,	nan,	90,	2
14,	2,	3,	3,	50,	uso_300ms_32.wav,	6,	307.98667799999936,	8.37,	nan,	90,	2
14,	2,	3,	3,	51,	uso_300ms_3.wav,	8,	367.7135059999993,	10.36,	nan,	90,	2
14,	2,	3,	3,	52,	uso_300ms_73.wav,	9,	403.11961799999926,	11.54,	nan,	90,	2
14,	2,	3,	3,	53,	uso_300ms_38.wav,	9,	403.11961799999926,	11.54,	nan,	90,	2
14,	2,	3,	3,	54,	uso_300ms_35.wav,	9,	403.11961799999926,	11.54,	nan,	90,	2
14,	2,	3,	3,	55,	uso_300ms_89.wav,	9,	403.11961799999926,	11.54,	nan,	90,	2
14,	2,	3,	3,	56,	uso_300ms_32.wav,	9,	415.00833399999925,	11.93,	nan,	90,	2
14,	2,	3,	3,	57,	uso_300ms_34.wav,	9,	443.21547099999935,	12.87,	nan,	90,	2
14,	2,	3,	3,	58,	uso_300ms_62.wav,	9,	443.21547099999935,	12.87,	nan,	90,	2
14,	2,	3,	3,	59,	uso_300ms_23.wav,	9,	443.21547099999935,	12.87,	nan,	90,	2
14,	2,	3,	3,	60,	uso_300ms_76.wav,	9,	407.7824019999992,	11.69,	nan,	90,	2
14,	2,	3,	3,	61,	uso_300ms_43.wav,	9,	407.7824019999992,	11.69,	nan,	90,	2
14,	2,	3,	3,	62,	uso_300ms_51.wav,	9,	407.7824019999992,	11.69,	nan,	90,	2
14,	2,	3,	3,	63,	uso_300ms_90.wav,	8,	360.3555119999991,	10.11,	nan,	90,	2
14,	2,	3,	3,	64,	uso_300ms_16.wav,	8,	360.3555119999991,	10.11,	nan,	90,	2
14,	2,	3,	3,	65,	uso_300ms_85.wav,	8,	360.3555119999991,	10.11,	nan,	90,	2
14,	2,	3,	3,	66,	uso_300ms_81.wav,	6,	298.87847399999913,	8.06,	nan,	90,	2
14,	2,	3,	3,	67,	uso_300ms_30.wav,	6,	298.87847399999913,	8.06,	nan,	90,	2
14,	2,	3,	3,	68,	uso_300ms_19.wav,	6,	298.87847399999913,	8.06,	nan,	90,	2
14,	2,	3,	3,	69,	uso_300ms_14.wav,	5,	213.270496999999,	5.21,	nan,	90,	2
14,	2,	3,	3,	70,	uso_300ms_62.wav,	5,	202.638063999999,	4.85,	nan,	90,	2
14,	2,	3,	3,	71,	uso_300ms_97.wav,	5,	202.638063999999,	4.85,	nan,	90,	2
14,	2,	3,	3,	72,	uso_300ms_41.wav,	5,	137.12389499999898,	2.67,	nan,	90,	2
14,	2,	3,	3,	73,	uso_300ms_48.wav,	5,	137.12389499999898,	2.67,	nan,	90,	2
14,	2,	3,	3,	74,	uso_300ms_22.wav,	5,	121.87576699999899,	2.16,	nan,	90,	2
14,	2,	3,	3,	75,	uso_300ms_97.wav,	5,	112.35600499999894,	1.85,	nan,	90,	2
14,	2,	3,	3,	76,	uso_300ms_1.wav,	5,	136.21731099999894,	2.64,	nan,	90,	2
14,	2,	3,	3,	77,	uso_300ms_2.wav,	5,	199.45864299999894,	4.75,	nan,	90,	2
14,	2,	3,	3,	78,	uso_300ms_93.wav,	5,	136.53718999999896,	2.65,	nan,	90,	2
14,	2,	3,	3,	79,	uso_300ms_32.wav,	5,	204.41266899999894,	4.91,	nan,	90,	2
14,	2,	3,	3,	80,	uso_300ms_30.wav,	5,	269.50576699999897,	7.08,	nan,	90,	2
14,	2,	3,	3,	81,	uso_300ms_41.wav,	7,	336.79629799999896,	9.33,	nan,	90,	2
14,	2,	3,	3,	82,	uso_300ms_50.wav,	7,	336.79629799999896,	9.33,	nan,	90,	2
14,	2,	3,	3,	83,	uso_300ms_62.wav,	5,	280.8952849999989,	7.46,	nan,	90,	2
14,	2,	3,	3,	84,	uso_300ms_4.wav,	5,	280.8841969999989,	7.46,	nan,	90,	2
14,	2,	3,	3,	85,	uso_300ms_91.wav,	5,	280.8841969999989,	7.46,	nan,	90,	2
14,	2,	3,	3,	86,	uso_300ms_27.wav,	5,	280.8841969999989,	7.46,	nan,	90,	2
14,	2,	3,	3,	87,	uso_300ms_55.wav,	7,	320.40784899999886,	8.78,	nan,	90,	2
14,	2,	3,	3,	88,	uso_300ms_13.wav,	7,	320.40784899999886,	8.78,	nan,	90,	2
14,	2,	3,	3,	89,	uso_300ms_93.wav,	7,	320.40784899999886,	8.78,	nan,	90,	2
14,	2,	3,	3,	90,	uso_300ms_27.wav,	5,	250.57099099999883,	6.45,	nan,	90,	2
