sub_id,cond_id,block_id,task_id,event_id,stim_id,speaker_id,led_id,led_distance,response_time,n_reps,isi
07,	1,	5,	2,	1,	uso_300ms_45.wav,	5,	437.26659099999983,	12.68,	nan,	90,	2
07,	1,	5,	2,	2,	uso_300ms_36.wav,	5,	351.0223279999998,	9.8,	nan,	90,	2
07,	1,	5,	2,	3,	uso_300ms_38.wav,	2,	191.22272999999984,	4.47,	nan,	90,	2
07,	1,	5,	2,	4,	uso_300ms_29.wav,	4,	242.18529199999986,	6.17,	nan,	90,	2
07,	1,	5,	2,	5,	uso_300ms_87.wav,	2,	184.33518499999988,	4.24,	nan,	90,	2
07,	1,	5,	2,	6,	uso_300ms_1.wav,	1,	126.88417599999985,	2.33,	nan,	90,	2
07,	1,	5,	2,	7,	uso_300ms_49.wav,	1,	119.53356699999985,	2.08,	nan,	90,	2
07,	1,	5,	2,	8,	uso_300ms_52.wav,	2,	184.83384399999986,	4.26,	nan,	90,	2
07,	1,	5,	2,	9,	uso_300ms_11.wav,	3,	218.49036899999976,	5.38,	nan,	90,	2
07,	1,	5,	2,	10,	uso_300ms_64.wav,	4,	246.1306389999996,	6.3,	nan,	90,	2
07,	1,	5,	2,	11,	uso_300ms_32.wav,	5,	278.90635399999957,	7.4,	nan,	90,	2
07,	1,	5,	2,	12,	uso_300ms_50.wav,	5,	320.4527889999996,	8.78,	nan,	90,	2
07,	1,	5,	2,	13,	uso_300ms_93.wav,	4,	248.99231599999965,	6.4,	nan,	90,	2
07,	1,	5,	2,	14,	uso_300ms_79.wav,	5,	291.06090199999966,	7.8,	nan,	90,	2
07,	1,	5,	2,	15,	uso_300ms_47.wav,	5,	291.06090199999966,	7.8,	nan,	90,	2
07,	1,	5,	2,	16,	uso_300ms_23.wav,	5,	291.06090199999966,	7.8,	nan,	90,	2
07,	1,	5,	2,	17,	uso_300ms_82.wav,	4,	228.1742459999996,	5.71,	nan,	90,	2
07,	1,	5,	2,	18,	uso_300ms_22.wav,	3,	204.68965899999964,	4.92,	nan,	90,	2
07,	1,	5,	2,	19,	uso_300ms_30.wav,	1,	88.85570999999962,	1.06,	nan,	90,	2
07,	1,	5,	2,	20,	uso_300ms_82.wav,	2,	174.72879099999952,	3.92,	nan,	90,	2
07,	1,	5,	2,	21,	uso_300ms_43.wav,	1,	118.21220499999951,	2.04,	nan,	90,	2
07,	1,	5,	2,	22,	uso_300ms_9.wav,	1,	125.11195799999969,	2.27,	nan,	90,	2
07,	1,	5,	2,	23,	uso_300ms_63.wav,	1,	144.23043499999972,	2.91,	nan,	90,	2
07,	1,	5,	2,	24,	uso_300ms_34.wav,	1,	144.23043499999972,	2.91,	nan,	90,	2
07,	1,	5,	2,	25,	uso_300ms_86.wav,	5,	443.9238849999997,	12.9,	nan,	90,	2
07,	1,	5,	2,	26,	uso_300ms_85.wav,	3,	214.55578799999964,	5.25,	nan,	90,	2
07,	1,	5,	2,	27,	uso_300ms_74.wav,	4,	246.05827299999947,	6.3,	nan,	90,	2
07,	1,	5,	2,	28,	uso_300ms_49.wav,	5,	288.3790339999995,	7.71,	nan,	90,	2
07,	1,	5,	2,	29,	uso_300ms_67.wav,	3,	206.96675199999942,	5.0,	nan,	90,	2
07,	1,	5,	2,	30,	uso_300ms_14.wav,	5,	296.5621599999995,	7.99,	nan,	90,	2
07,	1,	5,	2,	31,	uso_300ms_48.wav,	5,	292.6651269999994,	7.86,	nan,	90,	2
07,	1,	5,	2,	32,	uso_300ms_94.wav,	5,	292.6651269999994,	7.86,	nan,	90,	2
07,	1,	5,	2,	33,	uso_300ms_46.wav,	2,	168.92002999999934,	3.73,	nan,	90,	2
07,	1,	5,	2,	34,	uso_300ms_67.wav,	2,	190.34015599999938,	4.44,	nan,	90,	2
07,	1,	5,	2,	35,	uso_300ms_54.wav,	1,	86.27350099999937,	0.98,	nan,	90,	2
07,	1,	5,	2,	36,	uso_300ms_78.wav,	3,	216.19884199999936,	5.31,	nan,	90,	2
07,	1,	5,	2,	37,	uso_300ms_27.wav,	3,	208.16325499999937,	5.04,	nan,	90,	2
07,	1,	5,	2,	38,	uso_300ms_3.wav,	3,	208.16325499999937,	5.04,	nan,	90,	2
07,	1,	5,	2,	39,	uso_300ms_32.wav,	4,	248.77845199999925,	6.39,	nan,	90,	2
07,	1,	5,	2,	40,	uso_300ms_27.wav,	4,	248.861107999999,	6.4,	nan,	90,	2
07,	1,	5,	2,	41,	uso_300ms_34.wav,	5,	367.5499789999991,	10.35,	nan,	90,	2
07,	1,	5,	2,	42,	uso_300ms_24.wav,	5,	367.6761469999993,	10.36,	nan,	90,	2
07,	1,	5,	2,	43,	uso_300ms_9.wav,	5,	449.87468999999925,	13.1,	nan,	90,	2
07,	1,	5,	2,	44,	uso_300ms_97.wav,	5,	449.87468999999925,	13.1,	nan,	90,	2
07,	1,	5,	2,	45,	uso_300ms_81.wav,	1,	89.42824699999926,	1.08,	nan,	90,	2
07,	1,	5,	2,	46,	uso_300ms_95.wav,	1,	89.42824699999926,	1.08,	nan,	90,	2
07,	1,	5,	2,	47,	uso_300ms_51.wav,	4,	230.251915999999,	5.78,	nan,	90,	2
07,	1,	5,	2,	48,	uso_300ms_17.wav,	4,	230.2851799999988,	5.78,	nan,	90,	2
07,	1,	5,	2,	49,	uso_300ms_64.wav,	4,	230.2851799999988,	5.78,	nan,	90,	2
07,	1,	5,	2,	50,	uso_300ms_43.wav,	4,	230.2851799999988,	5.78,	nan,	90,	2
07,	1,	5,	2,	51,	uso_300ms_94.wav,	2,	183.23028399999873,	4.21,	nan,	90,	2
07,	1,	5,	2,	52,	uso_300ms_69.wav,	2,	183.10334599999896,	4.2,	nan,	90,	2
07,	1,	5,	2,	53,	uso_300ms_50.wav,	2,	182.7333329999996,	4.19,	nan,	90,	2
07,	1,	5,	2,	54,	uso_300ms_53.wav,	2,	182.7333329999996,	4.19,	nan,	90,	2
07,	1,	5,	2,	55,	uso_300ms_43.wav,	2,	182.7333329999996,	4.19,	nan,	90,	2
07,	1,	5,	2,	56,	uso_300ms_59.wav,	2,	182.7333329999996,	4.19,	nan,	90,	2
07,	1,	5,	2,	57,	uso_300ms_93.wav,	2,	182.7333329999996,	4.19,	nan,	90,	2
07,	1,	5,	2,	58,	uso_300ms_28.wav,	1,	87.24843299999958,	1.01,	nan,	90,	2
07,	1,	5,	2,	59,	uso_300ms_36.wav,	1,	87.24843299999958,	1.01,	nan,	90,	2
07,	1,	5,	2,	60,	uso_300ms_39.wav,	5,	358.2221079999996,	10.04,	nan,	90,	2
07,	1,	5,	2,	61,	uso_300ms_70.wav,	5,	452.8804409999997,	13.2,	nan,	90,	2
07,	1,	5,	2,	62,	uso_300ms_53.wav,	5,	431.6560069999997,	12.49,	nan,	90,	2
07,	1,	5,	2,	63,	uso_300ms_95.wav,	5,	304.2044379999996,	8.24,	nan,	90,	2
07,	1,	5,	2,	64,	uso_300ms_97.wav,	5,	304.2044379999996,	8.24,	nan,	90,	2
07,	1,	5,	2,	65,	uso_300ms_38.wav,	5,	304.2044379999996,	8.24,	nan,	90,	2
07,	1,	5,	2,	66,	uso_300ms_33.wav,	5,	304.2044379999996,	8.24,	nan,	90,	2
07,	1,	5,	2,	67,	uso_300ms_47.wav,	5,	304.2044379999996,	8.24,	nan,	90,	2
07,	1,	5,	2,	68,	uso_300ms_16.wav,	3,	211.69551099999944,	5.16,	nan,	90,	2
07,	1,	5,	2,	69,	uso_300ms_67.wav,	3,	211.69551099999944,	5.16,	nan,	90,	2
07,	1,	5,	2,	70,	uso_300ms_32.wav,	3,	211.69551099999944,	5.16,	nan,	90,	2
07,	1,	5,	2,	71,	uso_300ms_48.wav,	3,	211.69551099999944,	5.16,	nan,	90,	2
07,	1,	5,	2,	72,	uso_300ms_36.wav,	3,	211.69551099999944,	5.16,	nan,	90,	2
07,	1,	5,	2,	73,	uso_300ms_65.wav,	3,	211.69551099999944,	5.16,	nan,	90,	2
07,	1,	5,	2,	74,	uso_300ms_100.wav,	3,	211.69551099999944,	5.16,	nan,	90,	2
07,	1,	5,	2,	75,	uso_300ms_10.wav,	3,	211.69551099999944,	5.16,	nan,	90,	2
07,	1,	5,	2,	76,	uso_300ms_86.wav,	1,	152.80567999999943,	3.19,	nan,	90,	2
07,	1,	5,	2,	77,	uso_300ms_98.wav,	1,	152.80567999999943,	3.19,	nan,	90,	2
07,	1,	5,	2,	78,	uso_300ms_99.wav,	1,	152.80567999999943,	3.19,	nan,	90,	2
07,	1,	5,	2,	79,	uso_300ms_41.wav,	1,	152.8634019999991,	3.2,	nan,	90,	2
07,	1,	5,	2,	80,	uso_300ms_99.wav,	5,	362.33359299999887,	10.18,	nan,	90,	2
07,	1,	5,	2,	81,	uso_300ms_22.wav,	2,	181.0554679999988,	4.14,	nan,	90,	2
07,	1,	5,	2,	82,	uso_300ms_9.wav,	3,	219.7455529999988,	5.42,	nan,	90,	2
07,	1,	5,	2,	83,	uso_300ms_34.wav,	1,	147.23057899999876,	3.01,	nan,	90,	2
07,	1,	5,	2,	84,	uso_300ms_58.wav,	2,	183.19300199999878,	4.21,	nan,	90,	2
07,	1,	5,	2,	85,	uso_300ms_75.wav,	1,	150.2919869999987,	3.11,	nan,	90,	2
07,	1,	5,	2,	86,	uso_300ms_55.wav,	2,	187.12340399999871,	4.34,	nan,	90,	2
07,	1,	5,	2,	87,	uso_300ms_24.wav,	4,	230.86991799999865,	5.8,	nan,	90,	2
07,	1,	5,	2,	88,	uso_300ms_22.wav,	5,	270.7278059999986,	7.12,	nan,	90,	2
07,	1,	5,	2,	89,	uso_300ms_97.wav,	5,	311.8746879999985,	8.5,	nan,	90,	2
07,	1,	5,	2,	90,	uso_300ms_92.wav,	5,	300.11533899999836,	8.1,	nan,	90,	2
