sub_id,cond_id,block_id,task_id,event_id,stim_id,speaker_id,led_id,led_distance,response_time,n_reps,isi
07,	1,	1,	2,	1,	uso_300ms_87.wav,	5,	219,	5.4,	0.20004677772521973,	15,	0.3
07,	1,	1,	2,	2,	uso_300ms_43.wav,	2,	293,	7.87,	5.18707537651062,	15,	0.3
07,	1,	1,	2,	3,	uso_300ms_58.wav,	4,	343,	9.53,	1.747847557067871,	15,	0.3
07,	1,	1,	2,	4,	uso_300ms_26.wav,	1,	273,	7.2,	3.8047995567321777,	15,	0.3
07,	1,	1,	2,	5,	uso_300ms_62.wav,	3,	345,	9.6,	2.1041722297668457,	15,	0.3
07,	1,	1,	2,	6,	uso_300ms_81.wav,	1,	198,	4.7,	2.296219825744629,	15,	0.3
07,	1,	1,	2,	7,	uso_300ms_87.wav,	4,	252,	6.5,	1.4355981349945068,	15,	0.3
07,	1,	1,	2,	8,	uso_300ms_52.wav,	3,	283,	7.53,	1.735774278640747,	15,	0.3
07,	1,	1,	2,	9,	uso_300ms_70.wav,	5,	374,	10.57,	1.416886568069458,	15,	0.3
07,	1,	1,	2,	10,	uso_300ms_22.wav,	2,	315,	8.6,	2.202183246612549,	15,	0.3
07,	1,	1,	2,	11,	uso_300ms_62.wav,	1,	188,	4.37,	1.852600336074829,	15,	0.3
07,	1,	1,	2,	12,	uso_300ms_78.wav,	4,	241,	6.13,	2.7112908363342285,	15,	0.3
07,	1,	1,	2,	13,	uso_300ms_95.wav,	3,	269,	7.07,	1.8900415897369385,	15,	0.3
07,	1,	1,	2,	14,	uso_300ms_57.wav,	5,	338,	9.37,	1.711771011352539,	15,	0.3
07,	1,	1,	2,	15,	uso_300ms_15.wav,	2,	308,	8.37,	2.3971962928771973,	15,	0.3
07,	1,	1,	2,	16,	uso_300ms_36.wav,	5,	412,	11.83,	1.8364167213439941,	15,	0.3
07,	1,	1,	2,	17,	uso_300ms_25.wav,	1,	165,	3.6,	2.209167003631592,	15,	0.3
07,	1,	1,	2,	18,	uso_300ms_52.wav,	4,	255,	6.6,	1.401001214981079,	15,	0.3
07,	1,	1,	2,	19,	uso_300ms_49.wav,	3,	280,	7.43,	1.6413013935089111,	15,	0.3
07,	1,	1,	2,	20,	uso_300ms_31.wav,	2,	286,	7.63,	1.9391398429870605,	15,	0.3
07,	1,	1,	2,	21,	uso_300ms_11.wav,	4,	378,	10.7,	1.7623035907745361,	15,	0.3
07,	1,	1,	2,	22,	uso_300ms_83.wav,	5,	352,	9.83,	2.4020581245422363,	15,	0.3
07,	1,	1,	2,	23,	uso_300ms_78.wav,	3,	403,	11.53,	1.200545072555542,	15,	0.3
07,	1,	1,	2,	24,	uso_300ms_66.wav,	2,	374,	10.57,	2.1073355674743652,	15,	0.3
07,	1,	1,	2,	25,	uso_300ms_75.wav,	1,	217,	5.33,	1.6626253128051758,	15,	0.3
07,	1,	1,	2,	26,	uso_300ms_54.wav,	2,	233,	5.87,	1.3286480903625488,	15,	0.3
07,	1,	1,	2,	27,	uso_300ms_86.wav,	3,	259,	6.73,	1.3931708335876465,	15,	0.3
07,	1,	1,	2,	28,	uso_300ms_40.wav,	5,	410,	11.77,	1.729893445968628,	15,	0.3
07,	1,	1,	2,	29,	uso_300ms_77.wav,	1,	332,	9.17,	4.147036075592041,	15,	0.3
07,	1,	1,	2,	30,	uso_300ms_31.wav,	4,	293,	7.87,	1.5767712593078613,	15,	0.3
07,	1,	1,	2,	31,	uso_300ms_93.wav,	2,	188,	4.37,	1.3306279182434082,	15,	0.3
07,	1,	1,	2,	32,	uso_300ms_51.wav,	3,	213,	5.2,	1.3709747791290283,	15,	0.3
07,	1,	1,	2,	33,	uso_300ms_40.wav,	5,	395,	11.27,	1.7714588642120361,	15,	0.3
07,	1,	1,	2,	34,	uso_300ms_82.wav,	1,	206,	4.97,	1.7913429737091064,	15,	0.3
07,	1,	1,	2,	35,	uso_300ms_81.wav,	4,	277,	7.33,	1.8149018287658691,	15,	0.3
07,	1,	1,	2,	36,	uso_300ms_2.wav,	1,	136,	2.63,	1.5428268909454346,	15,	0.3
07,	1,	1,	2,	37,	uso_300ms_17.wav,	5,	340,	9.43,	1.9152874946594238,	15,	0.3
07,	1,	1,	2,	38,	uso_300ms_88.wav,	4,	330,	9.1,	1.6101722717285156,	15,	0.3
07,	1,	1,	2,	39,	uso_300ms_22.wav,	3,	302,	8.17,	0.9826452732086182,	15,	0.3
07,	1,	1,	2,	40,	uso_300ms_1.wav,	2,	256,	6.63,	1.028949499130249,	15,	0.3
07,	1,	1,	2,	41,	uso_300ms_66.wav,	1,	220,	5.43,	0.8916943073272705,	15,	0.3
07,	1,	1,	2,	42,	uso_300ms_21.wav,	4,	309,	8.4,	1.3713221549987793,	15,	0.3
07,	1,	1,	2,	43,	uso_300ms_100.wav,	3,	299,	8.07,	1.1607906818389893,	15,	0.3
07,	1,	1,	2,	44,	uso_300ms_13.wav,	2,	271,	7.13,	0.9543352127075195,	15,	0.3
07,	1,	1,	2,	45,	uso_300ms_46.wav,	5,	418,	12.03,	1.5594570636749268,	15,	0.3
07,	1,	1,	2,	46,	uso_300ms_12.wav,	2,	381,	10.8,	1.0232954025268555,	15,	0.3
07,	1,	1,	2,	47,	uso_300ms_13.wav,	4,	299,	8.07,	1.3979027271270752,	15,	0.3
07,	1,	1,	2,	48,	uso_300ms_34.wav,	1,	166,	3.63,	1.437070369720459,	15,	0.3
07,	1,	1,	2,	49,	uso_300ms_31.wav,	5,	336,	9.3,	1.8104915618896484,	15,	0.3
07,	1,	1,	2,	50,	uso_300ms_83.wav,	3,	340,	9.43,	1.449026346206665,	15,	0.3
07,	1,	1,	2,	51,	uso_300ms_94.wav,	2,	360,	10.1,	1.746128797531128,	15,	0.3
07,	1,	1,	2,	52,	uso_300ms_45.wav,	5,	400,	11.43,	1.070014238357544,	15,	0.3
07,	1,	1,	2,	53,	uso_300ms_54.wav,	1,	260,	6.77,	1.4327983856201172,	15,	0.3
07,	1,	1,	2,	54,	uso_300ms_23.wav,	3,	301,	8.13,	1.056380271911621,	15,	0.3
07,	1,	1,	2,	55,	uso_300ms_75.wav,	4,	337,	9.33,	1.0840635299682617,	15,	0.3
07,	1,	1,	2,	56,	uso_300ms_15.wav,	5,	392,	11.17,	1.0276520252227783,	15,	0.3
07,	1,	1,	2,	57,	uso_300ms_39.wav,	2,	372,	10.5,	1.2133662700653076,	15,	0.3
07,	1,	1,	2,	58,	uso_300ms_61.wav,	3,	384,	10.9,	2.8950278759002686,	15,	0.3
07,	1,	1,	2,	59,	uso_300ms_34.wav,	1,	230,	5.77,	1.6183192729949951,	15,	0.3
07,	1,	1,	2,	60,	uso_300ms_4.wav,	4,	308,	8.37,	2.021439552307129,	15,	0.3
07,	1,	1,	2,	61,	uso_300ms_19.wav,	5,	379,	10.73,	1.234679937362671,	15,	0.3
07,	1,	1,	2,	62,	uso_300ms_22.wav,	1,	229,	5.73,	1.5104248523712158,	15,	0.3
07,	1,	1,	2,	63,	uso_300ms_24.wav,	4,	258,	6.7,	0.8881363868713379,	15,	0.3
07,	1,	1,	2,	64,	uso_300ms_83.wav,	3,	363,	10.2,	1.2453367710113525,	15,	0.3
07,	1,	1,	2,	65,	uso_300ms_29.wav,	2,	338,	9.37,	1.166489601135254,	15,	0.3
07,	1,	1,	2,	66,	uso_300ms_69.wav,	4,	372,	10.5,	1.690166711807251,	15,	0.3
07,	1,	1,	2,	67,	uso_300ms_98.wav,	3,	314,	8.57,	1.1504194736480713,	15,	0.3
07,	1,	1,	2,	68,	uso_300ms_86.wav,	2,	324,	8.9,	1.2916693687438965,	15,	0.3
07,	1,	1,	2,	69,	uso_300ms_70.wav,	1,	226,	5.63,	1.3547959327697754,	15,	0.3
07,	1,	1,	2,	70,	uso_300ms_4.wav,	5,	402,	11.5,	1.638132095336914,	15,	0.3
07,	1,	1,	2,	71,	uso_300ms_23.wav,	2,	391,	11.13,	1.303577184677124,	15,	0.3
07,	1,	1,	2,	72,	uso_300ms_62.wav,	1,	258,	6.7,	1.3675494194030762,	15,	0.3
07,	1,	1,	2,	73,	uso_300ms_92.wav,	5,	321,	8.8,	1.3716626167297363,	15,	0.3
07,	1,	1,	2,	74,	uso_300ms_30.wav,	3,	337,	9.33,	1.1493844985961914,	15,	0.3
07,	1,	1,	2,	75,	uso_300ms_28.wav,	4,	380,	10.77,	1.0842843055725098,	15,	0.3
