sub_id,cond_id,block_id,task_id,event_id,stim_id,speaker_id,led_id,led_distance,response_time,n_reps,isi
07,	1,	2,	2,	1,	uso_300ms_27.wav,	5,	195,	4.6,	0.20078229904174805,	15,	0.3
07,	1,	2,	2,	2,	uso_300ms_83.wav,	3,	310,	8.43,	1.6965529918670654,	15,	0.3
07,	1,	2,	2,	3,	uso_300ms_54.wav,	4,	360,	10.1,	2.106353759765625,	15,	0.3
07,	1,	2,	2,	4,	uso_300ms_87.wav,	1,	213,	5.2,	1.5683634281158447,	15,	0.3
07,	1,	2,	2,	5,	uso_300ms_12.wav,	2,	230,	5.77,	1.1966750621795654,	15,	0.3
07,	1,	2,	2,	6,	uso_300ms_74.wav,	5,	352,	9.83,	1.4109952449798584,	15,	0.3
07,	1,	2,	2,	7,	uso_300ms_83.wav,	1,	212,	5.17,	1.4285571575164795,	15,	0.3
07,	1,	2,	2,	8,	uso_300ms_4.wav,	3,	286,	7.63,	1.9860334396362305,	15,	0.3
07,	1,	2,	2,	9,	uso_300ms_55.wav,	4,	341,	9.47,	1.5332732200622559,	15,	0.3
07,	1,	2,	2,	10,	uso_300ms_59.wav,	2,	256,	6.63,	1.293870449066162,	15,	0.3
07,	1,	2,	2,	11,	uso_300ms_57.wav,	3,	298,	8.03,	1.4157180786132812,	15,	0.3
07,	1,	2,	2,	12,	uso_300ms_50.wav,	2,	225,	5.6,	2.664569854736328,	15,	0.3
07,	1,	2,	2,	13,	uso_300ms_65.wav,	5,	400,	11.43,	1.6241168975830078,	15,	0.3
07,	1,	2,	2,	14,	uso_300ms_53.wav,	4,	334,	9.23,	1.7454547882080078,	15,	0.3
07,	1,	2,	2,	15,	uso_300ms_3.wav,	1,	221,	5.47,	1.244934320449829,	15,	0.3
07,	1,	2,	2,	16,	uso_300ms_34.wav,	3,	279,	7.4,	1.7150800228118896,	15,	0.3
07,	1,	2,	2,	17,	uso_300ms_99.wav,	2,	266,	6.97,	2.5104925632476807,	15,	0.3
07,	1,	2,	2,	18,	uso_300ms_41.wav,	1,	210,	5.1,	1.0409903526306152,	15,	0.3
07,	1,	2,	2,	19,	uso_300ms_42.wav,	5,	373,	10.53,	1.6356420516967773,	15,	0.3
07,	1,	2,	2,	20,	uso_300ms_20.wav,	4,	387,	11.0,	2.140058994293213,	15,	0.3
07,	1,	2,	2,	21,	uso_300ms_23.wav,	3,	337,	9.33,	0.9585597515106201,	15,	0.3
07,	1,	2,	2,	22,	uso_300ms_61.wav,	1,	257,	6.67,	1.6298425197601318,	15,	0.3
07,	1,	2,	2,	23,	uso_300ms_43.wav,	4,	343,	9.53,	1.3968403339385986,	15,	0.3
07,	1,	2,	2,	24,	uso_300ms_72.wav,	5,	354,	9.9,	2.1064109802246094,	15,	0.3
07,	1,	2,	2,	25,	uso_300ms_69.wav,	2,	285,	7.6,	1.2186028957366943,	15,	0.3
07,	1,	2,	2,	26,	uso_300ms_93.wav,	1,	180,	4.1,	1.4386935234069824,	15,	0.3
07,	1,	2,	2,	27,	uso_300ms_55.wav,	4,	388,	11.03,	1.9571380615234375,	15,	0.3
07,	1,	2,	2,	28,	uso_300ms_79.wav,	3,	311,	8.47,	1.337984323501587,	15,	0.3
07,	1,	2,	2,	29,	uso_300ms_57.wav,	2,	261,	6.8,	0.9569087028503418,	15,	0.3
07,	1,	2,	2,	30,	uso_300ms_75.wav,	5,	378,	10.7,	1.4254097938537598,	15,	0.3
07,	1,	2,	2,	31,	uso_300ms_8.wav,	1,	255,	6.6,	1.5223848819732666,	15,	0.3
07,	1,	2,	2,	32,	uso_300ms_71.wav,	2,	283,	7.53,	1.4256060123443604,	15,	0.3
07,	1,	2,	2,	33,	uso_300ms_19.wav,	3,	283,	7.53,	0.20058226585388184,	15,	0.3
07,	1,	2,	2,	34,	uso_300ms_75.wav,	5,	371,	10.47,	2.8555545806884766,	15,	0.3
07,	1,	2,	2,	35,	uso_300ms_50.wav,	4,	243,	6.2,	1.8789260387420654,	15,	0.3
07,	1,	2,	2,	36,	uso_300ms_5.wav,	5,	390,	11.1,	1.5806350708007812,	15,	0.3
07,	1,	2,	2,	37,	uso_300ms_4.wav,	3,	302,	8.17,	1.2255606651306152,	15,	0.3
07,	1,	2,	2,	38,	uso_300ms_70.wav,	2,	231,	5.8,	1.2291944026947021,	15,	0.3
07,	1,	2,	2,	39,	uso_300ms_30.wav,	1,	187,	4.33,	1.0964329242706299,	15,	0.3
07,	1,	2,	2,	40,	uso_300ms_28.wav,	4,	388,	11.03,	1.8355305194854736,	15,	0.3
07,	1,	2,	2,	41,	uso_300ms_87.wav,	5,	369,	10.4,	1.5329954624176025,	15,	0.3
07,	1,	2,	2,	42,	uso_300ms_78.wav,	1,	238,	6.03,	1.5787086486816406,	15,	0.3
07,	1,	2,	2,	43,	uso_300ms_83.wav,	4,	386,	10.97,	1.405405044555664,	15,	0.3
07,	1,	2,	2,	44,	uso_300ms_36.wav,	3,	319,	8.73,	1.5881109237670898,	15,	0.3
07,	1,	2,	2,	45,	uso_300ms_56.wav,	2,	242,	6.17,	1.1437618732452393,	15,	0.3
07,	1,	2,	2,	46,	uso_300ms_100.wav,	4,	367,	10.33,	1.6711139678955078,	15,	0.3
07,	1,	2,	2,	47,	uso_300ms_98.wav,	1,	200,	4.77,	1.5493671894073486,	15,	0.3
07,	1,	2,	2,	48,	uso_300ms_25.wav,	5,	370,	10.43,	1.5845980644226074,	15,	0.3
07,	1,	2,	2,	49,	uso_300ms_1.wav,	3,	317,	8.67,	2.3087644577026367,	15,	0.3
07,	1,	2,	2,	50,	uso_300ms_76.wav,	2,	271,	7.13,	2.177173376083374,	15,	0.3
07,	1,	2,	2,	51,	uso_300ms_49.wav,	1,	229,	5.73,	0.9353981018066406,	15,	0.3
07,	1,	2,	2,	52,	uso_300ms_54.wav,	5,	401,	11.47,	1.8384168148040771,	15,	0.3
07,	1,	2,	2,	53,	uso_300ms_75.wav,	2,	249,	6.4,	1.9897329807281494,	15,	0.3
07,	1,	2,	2,	54,	uso_300ms_67.wav,	4,	370,	10.43,	1.404615879058838,	15,	0.3
07,	1,	2,	2,	55,	uso_300ms_44.wav,	3,	346,	9.63,	2.13828444480896,	15,	0.3
07,	1,	2,	2,	56,	uso_300ms_34.wav,	2,	276,	7.3,	1.149148941040039,	15,	0.3
07,	1,	2,	2,	57,	uso_300ms_86.wav,	4,	369,	10.4,	1.3389310836791992,	15,	0.3
07,	1,	2,	2,	58,	uso_300ms_27.wav,	1,	236,	5.97,	1.3867738246917725,	15,	0.3
07,	1,	2,	2,	59,	uso_300ms_99.wav,	3,	322,	8.83,	1.6570079326629639,	15,	0.3
07,	1,	2,	2,	60,	uso_300ms_27.wav,	5,	412,	11.83,	1.1653776168823242,	15,	0.3
07,	1,	2,	2,	61,	uso_300ms_18.wav,	3,	362,	10.17,	1.4448935985565186,	15,	0.3
07,	1,	2,	2,	62,	uso_300ms_30.wav,	1,	263,	6.87,	1.1366257667541504,	15,	0.3
07,	1,	2,	2,	63,	uso_300ms_7.wav,	5,	387,	11.0,	1.3396031856536865,	15,	0.3
07,	1,	2,	2,	64,	uso_300ms_94.wav,	4,	361,	10.13,	1.5706238746643066,	15,	0.3
07,	1,	2,	2,	65,	uso_300ms_12.wav,	2,	316,	8.63,	1.1928932666778564,	15,	0.3
07,	1,	2,	2,	66,	uso_300ms_41.wav,	5,	410,	11.77,	1.2777903079986572,	15,	0.3
07,	1,	2,	2,	67,	uso_300ms_24.wav,	3,	352,	9.83,	1.367037296295166,	15,	0.3
07,	1,	2,	2,	68,	uso_300ms_47.wav,	1,	282,	7.5,	0.9924666881561279,	15,	0.3
07,	1,	2,	2,	69,	uso_300ms_45.wav,	4,	366,	10.3,	1.2213001251220703,	15,	0.3
07,	1,	2,	2,	70,	uso_300ms_78.wav,	2,	347,	9.67,	1.1678252220153809,	15,	0.3
07,	1,	2,	2,	71,	uso_300ms_100.wav,	5,	386,	10.97,	1.248720407485962,	15,	0.3
07,	1,	2,	2,	72,	uso_300ms_18.wav,	4,	392,	11.17,	1.1710448265075684,	15,	0.3
07,	1,	2,	2,	73,	uso_300ms_58.wav,	3,	347,	9.67,	0.9773645401000977,	15,	0.3
07,	1,	2,	2,	74,	uso_300ms_76.wav,	2,	356,	9.97,	0.9559409618377686,	15,	0.3
07,	1,	2,	2,	75,	uso_300ms_9.wav,	1,	264,	6.9,	1.2046027183532715,	15,	0.3
