sub_id,cond_id,block_id,task_id,event_id,stim_id,speaker_id,led_id,led_distance,response_time,n_reps,isi
07,	1,	4,	2,	1,	uso_300ms_56.wav,	1,	90,	1.1,	0.2005627155303955,	15,	0.3
07,	1,	4,	2,	2,	uso_300ms_9.wav,	3,	206,	4.97,	2.946946382522583,	15,	0.3
07,	1,	4,	2,	3,	uso_300ms_33.wav,	5,	262,	6.83,	1.7466871738433838,	15,	0.3
07,	1,	4,	2,	4,	uso_300ms_18.wav,	2,	207,	5.0,	1.5901978015899658,	15,	0.3
07,	1,	4,	2,	5,	uso_300ms_46.wav,	4,	280,	7.43,	1.8167364597320557,	15,	0.3
07,	1,	4,	2,	6,	uso_300ms_65.wav,	2,	254,	6.57,	1.469877004623413,	15,	0.3
07,	1,	4,	2,	7,	uso_300ms_41.wav,	3,	284,	7.57,	1.8361012935638428,	15,	0.3
07,	1,	4,	2,	8,	uso_300ms_72.wav,	5,	308,	8.37,	1.3942089080810547,	15,	0.3
07,	1,	4,	2,	9,	uso_300ms_73.wav,	4,	321,	8.8,	2.609903335571289,	15,	0.3
07,	1,	4,	2,	10,	uso_300ms_41.wav,	1,	244,	6.23,	2.0852785110473633,	15,	0.3
07,	1,	4,	2,	11,	uso_300ms_81.wav,	2,	212,	5.17,	1.5237290859222412,	15,	0.3
07,	1,	4,	2,	12,	uso_300ms_57.wav,	1,	188,	4.37,	1.0404069423675537,	15,	0.3
07,	1,	4,	2,	13,	uso_300ms_35.wav,	4,	306,	8.3,	2.116349458694458,	15,	0.3
07,	1,	4,	2,	14,	uso_300ms_18.wav,	5,	317,	8.67,	2.6241860389709473,	15,	0.3
07,	1,	4,	2,	15,	uso_300ms_30.wav,	3,	286,	7.63,	1.5397024154663086,	15,	0.3
07,	1,	4,	2,	16,	uso_300ms_4.wav,	5,	349,	9.73,	1.6460211277008057,	15,	0.3
07,	1,	4,	2,	17,	uso_300ms_38.wav,	1,	197,	4.67,	2.0075647830963135,	15,	0.3
07,	1,	4,	2,	18,	uso_300ms_73.wav,	3,	261,	6.8,	1.9260635375976562,	15,	0.3
07,	1,	4,	2,	19,	uso_300ms_74.wav,	4,	366,	10.3,	1.8443412780761719,	15,	0.3
07,	1,	4,	2,	20,	uso_300ms_100.wav,	2,	271,	7.13,	2.173215866088867,	15,	0.3
07,	1,	4,	2,	21,	uso_300ms_12.wav,	3,	303,	8.2,	1.5622243881225586,	15,	0.3
07,	1,	4,	2,	22,	uso_300ms_25.wav,	2,	268,	7.03,	1.5043563842773438,	15,	0.3
07,	1,	4,	2,	23,	uso_300ms_56.wav,	4,	340,	9.43,	1.3197391033172607,	15,	0.3
07,	1,	4,	2,	24,	uso_300ms_17.wav,	1,	199,	4.73,	1.4916269779205322,	15,	0.3
07,	1,	4,	2,	25,	uso_300ms_16.wav,	5,	361,	10.13,	1.6962132453918457,	15,	0.3
07,	1,	4,	2,	26,	uso_300ms_90.wav,	3,	320,	8.77,	1.7491400241851807,	15,	0.3
07,	1,	4,	2,	27,	uso_300ms_22.wav,	4,	307,	8.33,	1.8667864799499512,	15,	0.3
07,	1,	4,	2,	28,	uso_300ms_91.wav,	2,	319,	8.73,	2.080530881881714,	15,	0.3
07,	1,	4,	2,	29,	uso_300ms_61.wav,	5,	355,	9.93,	1.168076753616333,	15,	0.3
07,	1,	4,	2,	30,	uso_300ms_68.wav,	1,	236,	5.97,	1.3606772422790527,	15,	0.3
07,	1,	4,	2,	31,	uso_300ms_61.wav,	3,	326,	8.97,	2.091907024383545,	15,	0.3
07,	1,	4,	2,	32,	uso_300ms_74.wav,	5,	376,	10.63,	1.156102180480957,	15,	0.3
07,	1,	4,	2,	33,	uso_300ms_42.wav,	2,	249,	6.4,	1.8314297199249268,	15,	0.3
07,	1,	4,	2,	34,	uso_300ms_40.wav,	4,	300,	8.1,	1.8200831413269043,	15,	0.3
07,	1,	4,	2,	35,	uso_300ms_59.wav,	1,	193,	4.53,	1.3118135929107666,	15,	0.3
07,	1,	4,	2,	36,	uso_300ms_86.wav,	3,	277,	7.33,	1.465583324432373,	15,	0.3
07,	1,	4,	2,	37,	uso_300ms_12.wav,	5,	372,	10.5,	1.8504126071929932,	15,	0.3
07,	1,	4,	2,	38,	uso_300ms_27.wav,	1,	195,	4.6,	2.247205972671509,	15,	0.3
07,	1,	4,	2,	39,	uso_300ms_61.wav,	4,	295,	7.93,	1.7939002513885498,	15,	0.3
07,	1,	4,	2,	40,	uso_300ms_21.wav,	2,	280,	7.43,	1.993161678314209,	15,	0.3
07,	1,	4,	2,	41,	uso_300ms_89.wav,	5,	333,	9.2,	1.7634530067443848,	15,	0.3
07,	1,	4,	2,	42,	uso_300ms_73.wav,	4,	302,	8.17,	1.4352331161499023,	15,	0.3
07,	1,	4,	2,	43,	uso_300ms_99.wav,	3,	264,	6.9,	2.066493034362793,	15,	0.3
07,	1,	4,	2,	44,	uso_300ms_10.wav,	2,	255,	6.6,	2.142216444015503,	15,	0.3
07,	1,	4,	2,	45,	uso_300ms_82.wav,	1,	205,	4.93,	1.273555040359497,	15,	0.3
07,	1,	4,	2,	46,	uso_300ms_50.wav,	4,	253,	6.53,	1.556504487991333,	15,	0.3
07,	1,	4,	2,	47,	uso_300ms_55.wav,	3,	270,	7.1,	1.817563533782959,	15,	0.3
07,	1,	4,	2,	48,	uso_300ms_77.wav,	5,	352,	9.83,	1.4396543502807617,	15,	0.3
07,	1,	4,	2,	49,	uso_300ms_30.wav,	2,	278,	7.37,	2.7765657901763916,	15,	0.3
07,	1,	4,	2,	50,	uso_300ms_75.wav,	1,	210,	5.1,	1.2976765632629395,	15,	0.3
07,	1,	4,	2,	51,	uso_300ms_70.wav,	5,	340,	9.43,	1.8201324939727783,	15,	0.3
07,	1,	4,	2,	52,	uso_300ms_61.wav,	4,	316,	8.63,	1.9055192470550537,	15,	0.3
07,	1,	4,	2,	53,	uso_300ms_45.wav,	1,	220,	5.43,	1.8323087692260742,	15,	0.3
07,	1,	4,	2,	54,	uso_300ms_12.wav,	3,	292,	7.83,	1.8311171531677246,	15,	0.3
07,	1,	4,	2,	55,	uso_300ms_33.wav,	2,	263,	6.87,	1.5287251472473145,	15,	0.3
07,	1,	4,	2,	56,	uso_300ms_56.wav,	5,	372,	10.5,	1.7177047729492188,	15,	0.3
07,	1,	4,	2,	57,	uso_300ms_78.wav,	3,	350,	9.77,	1.7224059104919434,	15,	0.3
07,	1,	4,	2,	58,	uso_300ms_95.wav,	2,	286,	7.63,	2.1218254566192627,	15,	0.3
07,	1,	4,	2,	59,	uso_300ms_15.wav,	4,	325,	8.93,	1.3549003601074219,	15,	0.3
07,	1,	4,	2,	60,	uso_300ms_17.wav,	1,	212,	5.17,	1.3485383987426758,	15,	0.3
07,	1,	4,	2,	61,	uso_300ms_18.wav,	5,	329,	9.07,	2.5227835178375244,	15,	0.3
07,	1,	4,	2,	62,	uso_300ms_41.wav,	4,	290,	7.77,	1.7576689720153809,	15,	0.3
07,	1,	4,	2,	63,	uso_300ms_85.wav,	2,	275,	7.27,	1.8830459117889404,	15,	0.3
07,	1,	4,	2,	64,	uso_300ms_84.wav,	3,	303,	8.2,	2.2010104656219482,	15,	0.3
07,	1,	4,	2,	65,	uso_300ms_54.wav,	1,	217,	5.33,	1.540043592453003,	15,	0.3
07,	1,	4,	2,	66,	uso_300ms_79.wav,	4,	295,	7.93,	2.401602029800415,	15,	0.3
07,	1,	4,	2,	67,	uso_300ms_87.wav,	1,	186,	4.3,	1.7528319358825684,	15,	0.3
07,	1,	4,	2,	68,	uso_300ms_18.wav,	5,	316,	8.63,	1.6801002025604248,	15,	0.3
07,	1,	4,	2,	69,	uso_300ms_15.wav,	2,	281,	7.47,	1.5273828506469727,	15,	0.3
07,	1,	4,	2,	70,	uso_300ms_68.wav,	3,	292,	7.83,	1.9589710235595703,	15,	0.3
07,	1,	4,	2,	71,	uso_300ms_9.wav,	5,	336,	9.3,	1.451322317123413,	15,	0.3
07,	1,	4,	2,	72,	uso_300ms_71.wav,	1,	192,	4.5,	2.776505947113037,	15,	0.3
07,	1,	4,	2,	73,	uso_300ms_24.wav,	4,	310,	8.43,	1.8950762748718262,	15,	0.3
07,	1,	4,	2,	74,	uso_300ms_4.wav,	3,	287,	7.67,	3.176663398742676,	15,	0.3
07,	1,	4,	2,	75,	uso_300ms_77.wav,	2,	283,	7.53,	2.3593251705169678,	15,	0.3
