sub_id,cond_id,block_id,task_id,event_id,stim_id,speaker_id,led_id,led_distance,response_time,n_reps,isi
07,	1,	6,	1,	1,	uso_300ms_52.wav,	10,	349,	9.73,	2.7664074897766113,	15,	0.3
07,	1,	6,	1,	2,	uso_300ms_87.wav,	2,	218,	5.37,	2.0640602111816406,	15,	0.3
07,	1,	6,	1,	3,	uso_300ms_14.wav,	9,	291,	7.8,	1.8431100845336914,	15,	0.3
07,	1,	6,	1,	4,	uso_300ms_94.wav,	4,	291,	7.8,	1.2240626811981201,	15,	0.3
07,	1,	6,	1,	5,	uso_300ms_63.wav,	0,	123,	2.2,	2.310617208480835,	15,	0.3
07,	1,	6,	1,	6,	uso_300ms_99.wav,	8,	353,	9.87,	2.5613222122192383,	15,	0.3
07,	1,	6,	1,	7,	uso_300ms_94.wav,	6,	330,	9.1,	1.4689772129058838,	15,	0.3
07,	1,	6,	1,	8,	uso_300ms_79.wav,	5,	344,	9.57,	1.38266921043396,	15,	0.3
07,	1,	6,	1,	9,	uso_300ms_59.wav,	3,	284,	7.57,	1.388979434967041,	15,	0.3
07,	1,	6,	1,	10,	uso_300ms_74.wav,	1,	190,	4.43,	1.798520803451538,	15,	0.3
07,	1,	6,	1,	11,	uso_300ms_93.wav,	7,	352,	9.83,	2.974745750427246,	15,	0.3
07,	1,	6,	1,	12,	uso_300ms_49.wav,	1,	189,	4.4,	2.037339448928833,	15,	0.3
07,	1,	6,	1,	13,	uso_300ms_9.wav,	7,	373,	10.53,	2.355152130126953,	15,	0.3
07,	1,	6,	1,	14,	uso_300ms_27.wav,	9,	380,	10.77,	3.302983045578003,	15,	0.3
07,	1,	6,	1,	15,	uso_300ms_93.wav,	6,	341,	9.47,	1.6185927391052246,	15,	0.3
07,	1,	6,	1,	16,	uso_300ms_41.wav,	3,	269,	7.07,	2.450164318084717,	15,	0.3
07,	1,	6,	1,	17,	uso_300ms_62.wav,	10,	431,	12.47,	2.752283811569214,	15,	0.3
07,	1,	6,	1,	18,	uso_300ms_19.wav,	8,	409,	11.73,	3.2218246459960938,	15,	0.3
07,	1,	6,	1,	19,	uso_300ms_56.wav,	5,	304,	8.23,	1.7492718696594238,	15,	0.3
07,	1,	6,	1,	20,	uso_300ms_53.wav,	2,	276,	7.3,	1.3092048168182373,	15,	0.3
07,	1,	6,	1,	21,	uso_300ms_58.wav,	4,	293,	7.87,	1.5429086685180664,	15,	0.3
07,	1,	6,	1,	22,	uso_300ms_94.wav,	0,	137,	2.67,	2.9436683654785156,	15,	0.3
07,	1,	6,	1,	23,	uso_300ms_26.wav,	5,	389,	11.07,	3.4870707988739014,	15,	0.3
07,	1,	6,	1,	24,	uso_300ms_87.wav,	0,	150,	3.1,	2.591705560684204,	15,	0.3
07,	1,	6,	1,	25,	uso_300ms_29.wav,	1,	151,	3.13,	1.5690641403198242,	15,	0.3
07,	1,	6,	1,	26,	uso_300ms_28.wav,	2,	173,	3.87,	1.4868242740631104,	15,	0.3
07,	1,	6,	1,	27,	uso_300ms_99.wav,	4,	290,	7.77,	1.7465441226959229,	15,	0.3
07,	1,	6,	1,	28,	uso_300ms_68.wav,	3,	283,	7.53,	1.9888231754302979,	15,	0.3
07,	1,	6,	1,	29,	uso_300ms_28.wav,	9,	386,	10.97,	1.7188446521759033,	15,	0.3
07,	1,	6,	1,	30,	uso_300ms_7.wav,	10,	429,	12.4,	1.5492980480194092,	15,	0.3
07,	1,	6,	1,	31,	uso_300ms_100.wav,	7,	450,	13.1,	1.3874092102050781,	15,	0.3
07,	1,	6,	1,	32,	uso_300ms_76.wav,	6,	341,	9.47,	1.601844072341919,	15,	0.3
07,	1,	6,	1,	33,	uso_300ms_30.wav,	8,	363,	10.2,	1.5716207027435303,	15,	0.3
07,	1,	6,	1,	34,	uso_300ms_66.wav,	7,	375,	10.6,	1.4089264869689941,	15,	0.3
07,	1,	6,	1,	35,	uso_300ms_22.wav,	0,	150,	3.1,	4.305125951766968,	15,	0.3
07,	1,	6,	1,	36,	uso_300ms_60.wav,	9,	327,	9.0,	3.0919861793518066,	15,	0.3
07,	1,	6,	1,	37,	uso_300ms_99.wav,	1,	151,	3.13,	2.8462257385253906,	15,	0.3
07,	1,	6,	1,	38,	uso_300ms_2.wav,	8,	325,	8.93,	3.5062947273254395,	15,	0.3
07,	1,	6,	1,	39,	uso_300ms_30.wav,	10,	351,	9.8,	1.9839987754821777,	15,	0.3
07,	1,	6,	1,	40,	uso_300ms_28.wav,	3,	241,	6.13,	1.6804423332214355,	15,	0.3
07,	1,	6,	1,	41,	uso_300ms_65.wav,	4,	260,	6.77,	2.1812102794647217,	15,	0.3
07,	1,	6,	1,	42,	uso_300ms_92.wav,	2,	230,	5.77,	1.5413446426391602,	15,	0.3
07,	1,	6,	1,	43,	uso_300ms_49.wav,	6,	295,	7.93,	1.57481050491333,	15,	0.3
07,	1,	6,	1,	44,	uso_300ms_3.wav,	5,	295,	7.93,	1.4033751487731934,	15,	0.3
07,	1,	6,	1,	45,	uso_300ms_78.wav,	6,	313,	8.53,	1.352860450744629,	15,	0.3
07,	1,	6,	1,	46,	uso_300ms_74.wav,	4,	308,	8.37,	1.6220695972442627,	15,	0.3
07,	1,	6,	1,	47,	uso_300ms_8.wav,	3,	255,	6.6,	1.4254045486450195,	15,	0.3
07,	1,	6,	1,	48,	uso_300ms_96.wav,	2,	216,	5.3,	2.474268674850464,	15,	0.3
07,	1,	6,	1,	49,	uso_300ms_81.wav,	10,	345,	9.6,	2.2345826625823975,	15,	0.3
07,	1,	6,	1,	50,	uso_300ms_25.wav,	1,	212,	5.17,	1.8766536712646484,	15,	0.3
07,	1,	6,	1,	51,	uso_300ms_83.wav,	0,	137,	2.67,	1.416961908340454,	15,	0.3
07,	1,	6,	1,	52,	uso_300ms_32.wav,	8,	350,	9.77,	2.896791458129883,	15,	0.3
07,	1,	6,	1,	53,	uso_300ms_52.wav,	5,	294,	7.9,	1.7533318996429443,	15,	0.3
07,	1,	6,	1,	54,	uso_300ms_11.wav,	7,	323,	8.87,	1.3660728931427002,	15,	0.3
07,	1,	6,	1,	55,	uso_300ms_43.wav,	9,	360,	10.1,	1.274552822113037,	15,	0.3
07,	1,	6,	1,	56,	uso_300ms_56.wav,	6,	330,	9.1,	1.6165800094604492,	15,	0.3
07,	1,	6,	1,	57,	uso_300ms_97.wav,	2,	201,	4.8,	2.0385706424713135,	15,	0.3
07,	1,	6,	1,	58,	uso_300ms_10.wav,	1,	156,	3.3,	1.744520902633667,	15,	0.3
07,	1,	6,	1,	59,	uso_300ms_59.wav,	3,	156,	3.3,	2.4448630809783936,	15,	0.3
07,	1,	6,	1,	60,	uso_300ms_61.wav,	0,	128,	2.37,	1.8064062595367432,	15,	0.3
07,	1,	6,	1,	61,	uso_300ms_15.wav,	9,	329,	9.07,	3.032843828201294,	15,	0.3
07,	1,	6,	1,	62,	uso_300ms_65.wav,	8,	383,	10.87,	1.6584434509277344,	15,	0.3
07,	1,	6,	1,	63,	uso_300ms_92.wav,	5,	344,	9.57,	1.393773078918457,	15,	0.3
07,	1,	6,	1,	64,	uso_300ms_7.wav,	10,	360,	10.1,	1.4867300987243652,	15,	0.3
07,	1,	6,	1,	65,	uso_300ms_43.wav,	4,	328,	9.03,	1.5088779926300049,	15,	0.3
07,	1,	6,	1,	66,	uso_300ms_82.wav,	7,	359,	10.07,	1.5760810375213623,	15,	0.3
07,	1,	6,	1,	67,	uso_300ms_91.wav,	3,	293,	7.87,	3.284799098968506,	15,	0.3
07,	1,	6,	1,	68,	uso_300ms_5.wav,	0,	150,	3.1,	2.470510482788086,	15,	0.3
07,	1,	6,	1,	69,	uso_300ms_46.wav,	8,	319,	8.73,	2.6879098415374756,	15,	0.3
07,	1,	6,	1,	70,	uso_300ms_65.wav,	5,	320,	8.77,	1.7477035522460938,	15,	0.3
07,	1,	6,	1,	71,	uso_300ms_60.wav,	7,	340,	9.43,	1.390519380569458,	15,	0.3
07,	1,	6,	1,	72,	uso_300ms_99.wav,	2,	219,	5.4,	1.8643805980682373,	15,	0.3
07,	1,	6,	1,	73,	uso_300ms_99.wav,	4,	219,	5.4,	1.4015326499938965,	15,	0.3
07,	1,	6,	1,	74,	uso_300ms_94.wav,	10,	353,	9.87,	1.8514554500579834,	15,	0.3
07,	1,	6,	1,	75,	uso_300ms_15.wav,	6,	345,	9.6,	2.4572324752807617,	15,	0.3
07,	1,	6,	1,	76,	uso_300ms_66.wav,	1,	268,	7.03,	1.540710210800171,	15,	0.3
07,	1,	6,	1,	77,	uso_300ms_39.wav,	9,	340,	9.43,	1.636436939239502,	15,	0.3
07,	1,	6,	1,	78,	uso_300ms_24.wav,	2,	268,	7.03,	1.6900765895843506,	15,	0.3
07,	1,	6,	1,	79,	uso_300ms_86.wav,	5,	292,	7.83,	1.6549146175384521,	15,	0.3
07,	1,	6,	1,	80,	uso_300ms_5.wav,	6,	302,	8.17,	1.7418060302734375,	15,	0.3
07,	1,	6,	1,	81,	uso_300ms_93.wav,	7,	314,	8.57,	1.7790782451629639,	15,	0.3
07,	1,	6,	1,	82,	uso_300ms_74.wav,	0,	164,	3.57,	2.385999917984009,	15,	0.3
07,	1,	6,	1,	83,	uso_300ms_13.wav,	3,	164,	3.57,	1.5052855014801025,	15,	0.3
07,	1,	6,	1,	84,	uso_300ms_32.wav,	9,	356,	9.97,	2.4020919799804688,	15,	0.3
07,	1,	6,	1,	85,	uso_300ms_4.wav,	4,	310,	8.43,	1.948439359664917,	15,	0.3
07,	1,	6,	1,	86,	uso_300ms_43.wav,	1,	164,	3.57,	2.050823450088501,	15,	0.3
07,	1,	6,	1,	87,	uso_300ms_40.wav,	10,	354,	9.9,	2.6051454544067383,	15,	0.3
07,	1,	6,	1,	88,	uso_300ms_10.wav,	8,	395,	11.27,	1.3288002014160156,	15,	0.3
07,	1,	6,	1,	89,	uso_300ms_61.wav,	5,	368,	10.37,	1.320281744003296,	15,	0.3
07,	1,	6,	1,	90,	uso_300ms_47.wav,	8,	345,	9.6,	2.364447832107544,	15,	0.3
07,	1,	6,	1,	91,	uso_300ms_45.wav,	7,	353,	9.87,	1.1975939273834229,	15,	0.3
07,	1,	6,	1,	92,	uso_300ms_5.wav,	2,	270,	7.1,	2.2244069576263428,	15,	0.3
07,	1,	6,	1,	93,	uso_300ms_14.wav,	9,	357,	10.0,	2.603120803833008,	15,	0.3
07,	1,	6,	1,	94,	uso_300ms_98.wav,	6,	308,	8.37,	1.5056369304656982,	15,	0.3
07,	1,	6,	1,	95,	uso_300ms_14.wav,	1,	186,	4.3,	1.7878503799438477,	15,	0.3
07,	1,	6,	1,	96,	uso_300ms_45.wav,	4,	230,	5.77,	1.3946380615234375,	15,	0.3
07,	1,	6,	1,	97,	uso_300ms_13.wav,	3,	230,	5.77,	1.3697855472564697,	15,	0.3
07,	1,	6,	1,	98,	uso_300ms_44.wav,	10,	365,	10.27,	2.9140102863311768,	15,	0.3
07,	1,	6,	1,	99,	uso_300ms_32.wav,	0,	133,	2.53,	2.7966129779815674,	15,	0.3
07,	1,	6,	1,	100,	uso_300ms_35.wav,	7,	349,	9.73,	3.388796329498291,	15,	0.3
07,	1,	6,	1,	101,	uso_300ms_28.wav,	5,	336,	9.3,	2.214392900466919,	15,	0.3
07,	1,	6,	1,	102,	uso_300ms_75.wav,	0,	145,	2.93,	2.207977533340454,	15,	0.3
07,	1,	6,	1,	103,	uso_300ms_8.wav,	10,	340,	9.43,	2.1835591793060303,	15,	0.3
07,	1,	6,	1,	104,	uso_300ms_43.wav,	3,	293,	7.87,	2.455922842025757,	15,	0.3
07,	1,	6,	1,	105,	uso_300ms_45.wav,	8,	341,	9.47,	1.486666202545166,	15,	0.3
07,	1,	6,	1,	106,	uso_300ms_60.wav,	9,	366,	10.3,	1.3047065734863281,	15,	0.3
07,	1,	6,	1,	107,	uso_300ms_24.wav,	2,	284,	7.57,	2.301323652267456,	15,	0.3
07,	1,	6,	1,	108,	uso_300ms_99.wav,	4,	276,	7.3,	3.167933702468872,	15,	0.3
07,	1,	6,	1,	109,	uso_300ms_57.wav,	1,	202,	4.83,	1.9710259437561035,	15,	0.3
07,	1,	6,	1,	110,	uso_300ms_64.wav,	6,	262,	6.83,	1.5373530387878418,	15,	0.3
07,	1,	6,	1,	111,	uso_300ms_6.wav,	7,	267,	7.0,	2.2614855766296387,	15,	0.3
07,	1,	6,	1,	112,	uso_300ms_28.wav,	1,	212,	5.17,	1.2515685558319092,	15,	0.3
07,	1,	6,	1,	113,	uso_300ms_38.wav,	5,	239,	6.07,	1.3173742294311523,	15,	0.3
07,	1,	6,	1,	114,	uso_300ms_88.wav,	0,	154,	3.23,	1.6519379615783691,	15,	0.3
07,	1,	6,	1,	115,	uso_300ms_36.wav,	4,	207,	5.0,	1.5669596195220947,	15,	0.3
07,	1,	6,	1,	116,	uso_300ms_3.wav,	3,	246,	6.3,	2.3466267585754395,	15,	0.3
07,	1,	6,	1,	117,	uso_300ms_74.wav,	10,	343,	9.53,	1.5714616775512695,	15,	0.3
07,	1,	6,	1,	118,	uso_300ms_99.wav,	9,	350,	9.77,	1.8650274276733398,	15,	0.3
07,	1,	6,	1,	119,	uso_300ms_27.wav,	2,	257,	6.67,	1.436265230178833,	15,	0.3
07,	1,	6,	1,	120,	uso_300ms_48.wav,	6,	291,	7.8,	1.4285075664520264,	15,	0.3
07,	1,	6,	1,	121,	uso_300ms_34.wav,	8,	394,	11.23,	1.6301753520965576,	15,	0.3
07,	1,	6,	1,	122,	uso_300ms_77.wav,	2,	307,	8.33,	3.4873390197753906,	15,	0.3
07,	1,	6,	1,	123,	uso_300ms_74.wav,	5,	290,	7.77,	2.2886040210723877,	15,	0.3
07,	1,	6,	1,	124,	uso_300ms_70.wav,	10,	396,	11.3,	2.4770736694335938,	15,	0.3
07,	1,	6,	1,	125,	uso_300ms_36.wav,	3,	311,	8.47,	2.226109027862549,	15,	0.3
07,	1,	6,	1,	126,	uso_300ms_43.wav,	4,	276,	7.3,	1.259807825088501,	15,	0.3
07,	1,	6,	1,	127,	uso_300ms_73.wav,	9,	407,	11.67,	2.2527987957000732,	15,	0.3
07,	1,	6,	1,	128,	uso_300ms_50.wav,	0,	135,	2.6,	3.0652549266815186,	15,	0.3
07,	1,	6,	1,	129,	uso_300ms_93.wav,	7,	264,	6.9,	1.7668969631195068,	15,	0.3
07,	1,	6,	1,	130,	uso_300ms_27.wav,	8,	348,	9.7,	2.1973788738250732,	15,	0.3
07,	1,	6,	1,	131,	uso_300ms_62.wav,	1,	209,	5.07,	2.276042938232422,	15,	0.3
07,	1,	6,	1,	132,	uso_300ms_82.wav,	6,	295,	7.93,	1.502345323562622,	15,	0.3
07,	1,	6,	1,	133,	uso_300ms_90.wav,	9,	341,	9.47,	1.3072924613952637,	15,	0.3
07,	1,	6,	1,	134,	uso_300ms_36.wav,	6,	312,	8.5,	2.6177849769592285,	15,	0.3
07,	1,	6,	1,	135,	uso_300ms_58.wav,	2,	248,	6.37,	1.4799048900604248,	15,	0.3
07,	1,	6,	1,	136,	uso_300ms_66.wav,	1,	195,	4.6,	1.3149981498718262,	15,	0.3
07,	1,	6,	1,	137,	uso_300ms_66.wav,	7,	246,	6.3,	1.6125478744506836,	15,	0.3
07,	1,	6,	1,	138,	uso_300ms_77.wav,	8,	335,	9.27,	1.7794418334960938,	15,	0.3
07,	1,	6,	1,	139,	uso_300ms_97.wav,	3,	245,	6.27,	1.899792194366455,	15,	0.3
07,	1,	6,	1,	140,	uso_300ms_40.wav,	5,	278,	7.37,	1.9668080806732178,	15,	0.3
07,	1,	6,	1,	141,	uso_300ms_32.wav,	10,	378,	10.7,	1.5142357349395752,	15,	0.3
07,	1,	6,	1,	142,	uso_300ms_74.wav,	0,	145,	2.93,	2.5574257373809814,	15,	0.3
07,	1,	6,	1,	143,	uso_300ms_11.wav,	4,	189,	4.4,	1.6016526222229004,	15,	0.3
07,	1,	6,	1,	144,	uso_300ms_53.wav,	3,	210,	5.1,	2.2410147190093994,	15,	0.3
07,	1,	6,	1,	145,	uso_300ms_23.wav,	2,	194,	4.57,	1.317850112915039,	15,	0.3
07,	1,	6,	1,	146,	uso_300ms_76.wav,	9,	323,	8.87,	1.4349031448364258,	15,	0.3
07,	1,	6,	1,	147,	uso_300ms_11.wav,	7,	317,	8.67,	1.9947993755340576,	15,	0.3
07,	1,	6,	1,	148,	uso_300ms_39.wav,	1,	225,	5.6,	1.8694188594818115,	15,	0.3
07,	1,	6,	1,	149,	uso_300ms_47.wav,	4,	240,	6.1,	1.544679880142212,	15,	0.3
07,	1,	6,	1,	150,	uso_300ms_86.wav,	10,	338,	9.37,	1.742811679840088,	15,	0.3
07,	1,	6,	1,	151,	uso_300ms_12.wav,	8,	327,	9.0,	3.5337655544281006,	15,	0.3
07,	1,	6,	1,	152,	uso_300ms_36.wav,	5,	308,	8.37,	1.7289824485778809,	15,	0.3
07,	1,	6,	1,	153,	uso_300ms_32.wav,	6,	331,	9.13,	1.1569185256958008,	15,	0.3
07,	1,	6,	1,	154,	uso_300ms_18.wav,	0,	144,	2.9,	3.7759976387023926,	15,	0.3
07,	1,	6,	1,	155,	uso_300ms_46.wav,	1,	145,	2.93,	1.2974951267242432,	15,	0.3
07,	1,	6,	1,	156,	uso_300ms_22.wav,	5,	169,	3.73,	1.3207676410675049,	15,	0.3
07,	1,	6,	1,	157,	uso_300ms_51.wav,	7,	257,	6.67,	2.4781758785247803,	15,	0.3
07,	1,	6,	1,	158,	uso_300ms_90.wav,	3,	216,	5.3,	2.4946889877319336,	15,	0.3
07,	1,	6,	1,	159,	uso_300ms_19.wav,	9,	322,	8.83,	1.7663073539733887,	15,	0.3
07,	1,	6,	1,	160,	uso_300ms_84.wav,	10,	328,	9.03,	2.097946882247925,	15,	0.3
07,	1,	6,	1,	161,	uso_300ms_6.wav,	2,	214,	5.23,	1.389411449432373,	15,	0.3
07,	1,	6,	1,	162,	uso_300ms_2.wav,	8,	290,	7.77,	2.153775215148926,	15,	0.3
07,	1,	6,	1,	163,	uso_300ms_71.wav,	0,	148,	3.03,	2.035766363143921,	15,	0.3
07,	1,	6,	1,	164,	uso_300ms_68.wav,	6,	245,	6.27,	1.6630504131317139,	15,	0.3
07,	1,	6,	1,	165,	uso_300ms_17.wav,	4,	289,	7.73,	1.9463369846343994,	15,	0.3
