sub_id,cond_id,block_id,task_id,event_id,stim_id,speaker_id,led_id,led_distance,response_time,n_reps,isi
07,	1,	3,	2,	1,	uso_300ms_75.wav,	1,	90,	1.1,	nan,	90,	2
07,	1,	3,	2,	2,	uso_300ms_27.wav,	1,	151.762358,	3.16,	nan,	90,	2
07,	1,	3,	2,	3,	uso_300ms_29.wav,	2,	185.11613299999962,	4.27,	nan,	90,	2
07,	1,	3,	2,	4,	uso_300ms_24.wav,	1,	141.83464299999963,	2.83,	nan,	90,	2
07,	1,	3,	2,	5,	uso_300ms_38.wav,	1,	109.49998399999964,	1.75,	nan,	90,	2
07,	1,	3,	2,	6,	uso_300ms_1.wav,	2,	175.8640299999997,	3.96,	nan,	90,	2
07,	1,	3,	2,	7,	uso_300ms_31.wav,	3,	198.90999699999975,	4.73,	nan,	90,	2
07,	1,	3,	2,	8,	uso_300ms_20.wav,	4,	238.00054499999968,	6.03,	nan,	90,	2
07,	1,	3,	2,	9,	uso_300ms_73.wav,	2,	180.16994699999967,	4.11,	nan,	90,	2
07,	1,	3,	2,	10,	uso_300ms_81.wav,	3,	209.20452599999965,	5.07,	nan,	90,	2
07,	1,	3,	2,	11,	uso_300ms_38.wav,	4,	244.52133899999967,	6.25,	nan,	90,	2
07,	1,	3,	2,	12,	uso_300ms_6.wav,	5,	265.2978079999998,	6.94,	nan,	90,	2
07,	1,	3,	2,	13,	uso_300ms_48.wav,	5,	297.28162699999973,	8.01,	nan,	90,	2
07,	1,	3,	2,	14,	uso_300ms_8.wav,	5,	330.24211399999956,	9.11,	nan,	90,	2
07,	1,	3,	2,	15,	uso_300ms_93.wav,	5,	362.3388779999995,	10.18,	nan,	90,	2
07,	1,	3,	2,	16,	uso_300ms_28.wav,	5,	394.15228199999956,	11.24,	nan,	90,	2
07,	1,	3,	2,	17,	uso_300ms_78.wav,	5,	433.5069959999995,	12.55,	nan,	90,	2
07,	1,	3,	2,	18,	uso_300ms_6.wav,	5,	455.4535849999995,	13.28,	nan,	90,	2
07,	1,	3,	2,	19,	uso_300ms_5.wav,	4,	250.28047699999934,	6.44,	nan,	90,	2
07,	1,	3,	2,	20,	uso_300ms_56.wav,	5,	264.07972399999926,	6.9,	nan,	90,	2
07,	1,	3,	2,	21,	uso_300ms_36.wav,	3,	208.6426289999992,	5.05,	nan,	90,	2
07,	1,	3,	2,	22,	uso_300ms_30.wav,	2,	184.0903529999992,	4.24,	nan,	90,	2
07,	1,	3,	2,	23,	uso_300ms_87.wav,	1,	147.43936099999917,	3.01,	nan,	90,	2
07,	1,	3,	2,	24,	uso_300ms_77.wav,	1,	104.37553599999916,	1.58,	nan,	90,	2
07,	1,	3,	2,	25,	uso_300ms_33.wav,	2,	162.9336019999992,	3.53,	nan,	90,	2
07,	1,	3,	2,	26,	uso_300ms_71.wav,	2,	185.80844699999898,	4.29,	nan,	90,	2
07,	1,	3,	2,	27,	uso_300ms_39.wav,	3,	203.87350099999898,	4.9,	nan,	90,	2
07,	1,	3,	2,	28,	uso_300ms_42.wav,	4,	243.62622799999897,	6.22,	nan,	90,	2
07,	1,	3,	2,	29,	uso_300ms_3.wav,	5,	273.347030999999,	7.21,	nan,	90,	2
07,	1,	3,	2,	30,	uso_300ms_2.wav,	5,	307.94173799999874,	8.36,	nan,	90,	2
07,	1,	3,	2,	31,	uso_300ms_14.wav,	1,	103.5142769999987,	1.55,	nan,	90,	2
07,	1,	3,	2,	32,	uso_300ms_15.wav,	5,	258.6590849999988,	6.72,	nan,	90,	2
07,	1,	3,	2,	33,	uso_300ms_41.wav,	1,	88.66277599999879,	1.06,	nan,	90,	2
07,	1,	3,	2,	34,	uso_300ms_53.wav,	5,	423.79204599999883,	12.23,	nan,	90,	2
07,	1,	3,	2,	35,	uso_300ms_51.wav,	2,	182.43348099999892,	4.18,	nan,	90,	2
07,	1,	3,	2,	36,	uso_300ms_61.wav,	3,	221.80715099999887,	5.49,	nan,	90,	2
07,	1,	3,	2,	37,	uso_300ms_64.wav,	2,	179.91821999999888,	4.1,	nan,	90,	2
07,	1,	3,	2,	38,	uso_300ms_28.wav,	3,	199.88392099999885,	4.76,	nan,	90,	2
07,	1,	3,	2,	39,	uso_300ms_33.wav,	2,	181.58322599999892,	4.15,	nan,	90,	2
07,	1,	3,	2,	40,	uso_300ms_49.wav,	3,	217.10534199999896,	5.34,	nan,	90,	2
07,	1,	3,	2,	41,	uso_300ms_76.wav,	4,	245.58748099999895,	6.29,	nan,	90,	2
07,	1,	3,	2,	42,	uso_300ms_49.wav,	5,	275.5669199999989,	7.29,	nan,	90,	2
07,	1,	3,	2,	43,	uso_300ms_17.wav,	5,	297.98241799999886,	8.03,	nan,	90,	2
07,	1,	3,	2,	44,	uso_300ms_46.wav,	1,	107.25849299999882,	1.68,	nan,	90,	2
07,	1,	3,	2,	45,	uso_300ms_96.wav,	2,	177.79339799999883,	4.03,	nan,	90,	2
07,	1,	3,	2,	46,	uso_300ms_25.wav,	1,	149.0027129999988,	3.07,	nan,	90,	2
07,	1,	3,	2,	47,	uso_300ms_94.wav,	4,	248.19637399999883,	6.37,	nan,	90,	2
07,	1,	3,	2,	48,	uso_300ms_81.wav,	3,	210.1522209999988,	5.11,	nan,	90,	2
07,	1,	3,	2,	49,	uso_300ms_69.wav,	5,	289.50326899999885,	7.75,	nan,	90,	2
07,	1,	3,	2,	50,	uso_300ms_80.wav,	5,	378.5820699999989,	10.72,	nan,	90,	2
07,	1,	3,	2,	51,	uso_300ms_55.wav,	4,	227.42812999999887,	5.68,	nan,	90,	2
07,	1,	3,	2,	52,	uso_300ms_77.wav,	5,	263.2180869999989,	6.87,	nan,	90,	2
07,	1,	3,	2,	53,	uso_300ms_8.wav,	4,	234.30005099999892,	5.91,	nan,	90,	2
07,	1,	3,	2,	54,	uso_300ms_61.wav,	3,	198.22842099999892,	4.71,	nan,	90,	2
07,	1,	3,	2,	55,	uso_300ms_53.wav,	1,	133.6234679999989,	2.55,	nan,	90,	2
07,	1,	3,	2,	56,	uso_300ms_57.wav,	2,	169.0519939999989,	3.74,	nan,	90,	2
07,	1,	3,	2,	57,	uso_300ms_57.wav,	1,	125.95153099999891,	2.3,	nan,	90,	2
07,	1,	3,	2,	58,	uso_300ms_52.wav,	2,	178.40671699999893,	4.05,	nan,	90,	2
07,	1,	3,	2,	59,	uso_300ms_21.wav,	1,	152.4453759999989,	3.18,	nan,	90,	2
07,	1,	3,	2,	60,	uso_300ms_77.wav,	3,	213.84880199999893,	5.23,	nan,	90,	2
07,	1,	3,	2,	61,	uso_300ms_78.wav,	2,	182.41878799999884,	4.18,	nan,	90,	2
07,	1,	3,	2,	62,	uso_300ms_77.wav,	3,	211.72065499999886,	5.16,	nan,	90,	2
07,	1,	3,	2,	63,	uso_300ms_81.wav,	4,	229.50934899999888,	5.75,	nan,	90,	2
07,	1,	3,	2,	64,	uso_300ms_47.wav,	5,	268.7169719999989,	7.06,	nan,	90,	2
07,	1,	3,	2,	65,	uso_300ms_26.wav,	5,	308.00751699999887,	8.37,	nan,	90,	2
07,	1,	3,	2,	66,	uso_300ms_15.wav,	4,	222.9964859999989,	5.53,	nan,	90,	2
07,	1,	3,	2,	67,	uso_300ms_84.wav,	3,	202.96373899999892,	4.87,	nan,	90,	2
07,	1,	3,	2,	68,	uso_300ms_76.wav,	1,	135.17620799999887,	2.61,	nan,	90,	2
07,	1,	3,	2,	69,	uso_300ms_26.wav,	1,	154.7749409999989,	3.26,	nan,	90,	2
07,	1,	3,	2,	70,	uso_300ms_37.wav,	2,	187.7948859999989,	4.36,	nan,	90,	2
07,	1,	3,	2,	71,	uso_300ms_39.wav,	4,	240.15186199999874,	6.11,	nan,	90,	2
07,	1,	3,	2,	72,	uso_300ms_96.wav,	3,	206.96765499999876,	5.0,	nan,	90,	2
07,	1,	3,	2,	73,	uso_300ms_8.wav,	5,	295.6488979999988,	7.95,	nan,	90,	2
07,	1,	3,	2,	74,	uso_300ms_11.wav,	4,	249.95004199999875,	6.43,	nan,	90,	2
07,	1,	3,	2,	75,	uso_300ms_95.wav,	3,	206.93761799999862,	5.0,	nan,	90,	2
07,	1,	3,	2,	76,	uso_300ms_96.wav,	2,	179.93908699999866,	4.1,	nan,	90,	2
07,	1,	3,	2,	77,	uso_300ms_16.wav,	1,	142.05707499999863,	2.84,	nan,	90,	2
07,	1,	3,	2,	78,	uso_300ms_7.wav,	5,	345.18007199999863,	9.61,	nan,	90,	2
07,	1,	3,	2,	79,	uso_300ms_80.wav,	2,	186.39199499999862,	4.31,	nan,	90,	2
07,	1,	3,	2,	80,	uso_300ms_51.wav,	1,	133.0665409999986,	2.54,	nan,	90,	2
07,	1,	3,	2,	81,	uso_300ms_45.wav,	3,	205.98367899999863,	4.97,	nan,	90,	2
07,	1,	3,	2,	82,	uso_300ms_2.wav,	4,	231.90962099999862,	5.83,	nan,	90,	2
07,	1,	3,	2,	83,	uso_300ms_92.wav,	5,	267.2497789999981,	7.01,	nan,	90,	2
07,	1,	3,	2,	84,	uso_300ms_47.wav,	2,	191.416265999998,	4.48,	nan,	90,	2
07,	1,	3,	2,	85,	uso_300ms_56.wav,	3,	204.360742999998,	4.91,	nan,	90,	2
07,	1,	3,	2,	86,	uso_300ms_57.wav,	1,	127.69772999999797,	2.36,	nan,	90,	2
07,	1,	3,	2,	87,	uso_300ms_94.wav,	5,	275.026085999998,	7.27,	nan,	90,	2
07,	1,	3,	2,	88,	uso_300ms_15.wav,	3,	204.78438299999794,	4.93,	nan,	90,	2
07,	1,	3,	2,	89,	uso_300ms_93.wav,	2,	184.84871899999797,	4.26,	nan,	90,	2
07,	1,	3,	2,	90,	uso_300ms_72.wav,	1,	142.52417099999798,	2.85,	nan,	90,	2
