sub_id,cond_id,block_id,task_id,event_id,stim_id,speaker_id,led_id,led_distance,response_time,n_reps,isi
23,	1,	3,	2,	1,	uso_300ms_15.wav,	1,	90,	1.1,	nan,	90,	2
23,	1,	3,	2,	2,	uso_300ms_35.wav,	1,	159.730486,	3.42,	nan,	90,	2
23,	1,	3,	2,	3,	uso_300ms_26.wav,	2,	180.08045900000008,	4.1,	nan,	90,	2
23,	1,	3,	2,	4,	uso_300ms_19.wav,	3,	212.16892800000016,	5.17,	nan,	90,	2
23,	1,	3,	2,	5,	uso_300ms_17.wav,	4,	247.25593800000004,	6.34,	nan,	90,	2
23,	1,	3,	2,	6,	uso_300ms_23.wav,	5,	262.50524900000005,	6.85,	nan,	90,	2
23,	1,	3,	2,	7,	uso_300ms_82.wav,	5,	304.8626200000001,	8.26,	nan,	90,	2
23,	1,	3,	2,	8,	uso_300ms_48.wav,	5,	339.5682630000001,	9.42,	nan,	90,	2
23,	1,	3,	2,	9,	uso_300ms_99.wav,	5,	341.5819879999999,	9.49,	nan,	90,	2
23,	1,	3,	2,	10,	uso_300ms_34.wav,	5,	364.504706,	10.25,	nan,	90,	2
23,	1,	3,	2,	11,	uso_300ms_95.wav,	5,	388.08874199999997,	11.04,	nan,	90,	2
23,	1,	3,	2,	12,	uso_300ms_26.wav,	5,	414.3597279999999,	11.91,	nan,	90,	2
23,	1,	3,	2,	13,	uso_300ms_27.wav,	5,	446.55807600000014,	12.99,	nan,	90,	2
23,	1,	3,	2,	14,	uso_300ms_32.wav,	5,	269.8273540000003,	7.09,	nan,	90,	2
23,	1,	3,	2,	15,	uso_300ms_10.wav,	1,	124.7922540000003,	2.26,	nan,	90,	2
23,	1,	3,	2,	16,	uso_300ms_74.wav,	1,	113.73105700000029,	1.89,	nan,	90,	2
23,	1,	3,	2,	17,	uso_300ms_7.wav,	1,	112.39268500000028,	1.85,	nan,	90,	2
23,	1,	3,	2,	18,	uso_300ms_45.wav,	2,	167.0304990000003,	3.67,	nan,	90,	2
23,	1,	3,	2,	19,	uso_300ms_33.wav,	2,	188.42630000000028,	4.38,	nan,	90,	2
23,	1,	3,	2,	20,	uso_300ms_65.wav,	3,	204.90598000000023,	4.93,	nan,	90,	2
23,	1,	3,	2,	21,	uso_300ms_57.wav,	4,	249.78453400000026,	6.43,	nan,	90,	2
23,	1,	3,	2,	22,	uso_300ms_24.wav,	5,	265.87931200000025,	6.96,	nan,	90,	2
23,	1,	3,	2,	23,	uso_300ms_43.wav,	1,	126.55410500000028,	2.32,	nan,	90,	2
23,	1,	3,	2,	24,	uso_300ms_33.wav,	5,	285.32862300000033,	7.61,	nan,	90,	2
23,	1,	3,	2,	25,	uso_300ms_43.wav,	5,	322.9105450000004,	8.86,	nan,	90,	2
23,	1,	3,	2,	26,	uso_300ms_17.wav,	5,	370.1578360000004,	10.44,	nan,	90,	2
23,	1,	3,	2,	27,	uso_300ms_5.wav,	5,	370.1578360000004,	10.44,	nan,	90,	2
23,	1,	3,	2,	28,	uso_300ms_100.wav,	4,	233.76749100000035,	5.89,	nan,	90,	2
23,	1,	3,	2,	29,	uso_300ms_40.wav,	2,	186.6066430000004,	4.32,	nan,	90,	2
23,	1,	3,	2,	30,	uso_300ms_73.wav,	1,	161.6751210000004,	3.49,	nan,	90,	2
23,	1,	3,	2,	31,	uso_300ms_32.wav,	1,	113.18586200000038,	1.87,	nan,	90,	2
23,	1,	3,	2,	32,	uso_300ms_6.wav,	4,	223.4247460000004,	5.55,	nan,	90,	2
23,	1,	3,	2,	33,	uso_300ms_44.wav,	3,	204.2804810000004,	4.91,	nan,	90,	2
23,	1,	3,	2,	34,	uso_300ms_3.wav,	2,	175.7692640000004,	3.96,	nan,	90,	2
23,	1,	3,	2,	35,	uso_300ms_31.wav,	1,	148.23358800000037,	3.04,	nan,	90,	2
23,	1,	3,	2,	36,	uso_300ms_5.wav,	2,	183.12883300000038,	4.2,	nan,	90,	2
23,	1,	3,	2,	37,	uso_300ms_86.wav,	4,	222.8691910000003,	5.53,	nan,	90,	2
23,	1,	3,	2,	38,	uso_300ms_38.wav,	3,	209.01374100000035,	5.07,	nan,	90,	2
23,	1,	3,	2,	39,	uso_300ms_28.wav,	4,	240.85988400000033,	6.13,	nan,	90,	2
23,	1,	3,	2,	40,	uso_300ms_40.wav,	5,	288.7922020000004,	7.73,	nan,	90,	2
23,	1,	3,	2,	41,	uso_300ms_1.wav,	5,	313.9451410000004,	8.56,	nan,	90,	2
23,	1,	3,	2,	42,	uso_300ms_23.wav,	5,	372.7182750000004,	10.52,	nan,	90,	2
23,	1,	3,	2,	43,	uso_300ms_36.wav,	4,	248.31379200000086,	6.38,	nan,	90,	2
23,	1,	3,	2,	44,	uso_300ms_62.wav,	3,	211.8942690000009,	5.16,	nan,	90,	2
23,	1,	3,	2,	45,	uso_300ms_1.wav,	2,	187.90261600000082,	4.36,	nan,	90,	2
23,	1,	3,	2,	46,	uso_300ms_7.wav,	2,	187.7839240000008,	4.36,	nan,	90,	2
23,	1,	3,	2,	47,	uso_300ms_59.wav,	2,	187.7839240000008,	4.36,	nan,	90,	2
23,	1,	3,	2,	48,	uso_300ms_15.wav,	1,	152.3923650000008,	3.18,	nan,	90,	2
23,	1,	3,	2,	49,	uso_300ms_36.wav,	1,	152.3923650000008,	3.18,	nan,	90,	2
23,	1,	3,	2,	50,	uso_300ms_36.wav,	1,	152.3923650000008,	3.18,	nan,	90,	2
23,	1,	3,	2,	51,	uso_300ms_32.wav,	2,	190.3379860000008,	4.44,	nan,	90,	2
23,	1,	3,	2,	52,	uso_300ms_76.wav,	3,	215.14531400000084,	5.27,	nan,	90,	2
23,	1,	3,	2,	53,	uso_300ms_29.wav,	3,	215.14531400000084,	5.27,	nan,	90,	2
23,	1,	3,	2,	54,	uso_300ms_72.wav,	3,	215.14531400000084,	5.27,	nan,	90,	2
23,	1,	3,	2,	55,	uso_300ms_2.wav,	4,	241.9983920000008,	6.17,	nan,	90,	2
23,	1,	3,	2,	56,	uso_300ms_77.wav,	4,	241.9983920000008,	6.17,	nan,	90,	2
23,	1,	3,	2,	57,	uso_300ms_36.wav,	4,	241.9983920000008,	6.17,	nan,	90,	2
23,	1,	3,	2,	58,	uso_300ms_13.wav,	5,	278.4067150000007,	7.38,	nan,	90,	2
23,	1,	3,	2,	59,	uso_300ms_68.wav,	5,	278.4067150000007,	7.38,	nan,	90,	2
23,	1,	3,	2,	60,	uso_300ms_7.wav,	5,	278.4067150000007,	7.38,	nan,	90,	2
23,	1,	3,	2,	61,	uso_300ms_60.wav,	5,	297.0365850000007,	8.0,	nan,	90,	2
23,	1,	3,	2,	62,	uso_300ms_59.wav,	4,	242.91062500000066,	6.2,	nan,	90,	2
23,	1,	3,	2,	63,	uso_300ms_98.wav,	3,	212.26139800000075,	5.18,	nan,	90,	2
23,	1,	3,	2,	64,	uso_300ms_10.wav,	2,	182.7216080000008,	4.19,	nan,	90,	2
23,	1,	3,	2,	65,	uso_300ms_53.wav,	1,	161.16431000000077,	3.47,	nan,	90,	2
23,	1,	3,	2,	66,	uso_300ms_8.wav,	1,	118.63841400000074,	2.05,	nan,	90,	2
23,	1,	3,	2,	67,	uso_300ms_80.wav,	2,	176.79134100000073,	3.99,	nan,	90,	2
23,	1,	3,	2,	68,	uso_300ms_10.wav,	3,	209.29257900000076,	5.08,	nan,	90,	2
23,	1,	3,	2,	69,	uso_300ms_24.wav,	4,	236.52654100000075,	5.98,	nan,	90,	2
23,	1,	3,	2,	70,	uso_300ms_12.wav,	5,	271.93231700000075,	7.16,	nan,	90,	2
23,	1,	3,	2,	71,	uso_300ms_10.wav,	5,	294.8977840000007,	7.93,	nan,	90,	2
23,	1,	3,	2,	72,	uso_300ms_91.wav,	4,	238.1558120000007,	6.04,	nan,	90,	2
23,	1,	3,	2,	73,	uso_300ms_10.wav,	3,	213.4125340000007,	5.21,	nan,	90,	2
23,	1,	3,	2,	74,	uso_300ms_77.wav,	2,	185.9098910000007,	4.3,	nan,	90,	2
23,	1,	3,	2,	75,	uso_300ms_95.wav,	1,	141.21187400000068,	2.81,	nan,	90,	2
23,	1,	3,	2,	76,	uso_300ms_85.wav,	4,	237.62345500000066,	6.02,	nan,	90,	2
23,	1,	3,	2,	77,	uso_300ms_79.wav,	1,	136.47143200000065,	2.65,	nan,	90,	2
23,	1,	3,	2,	78,	uso_300ms_8.wav,	4,	249.8312450000007,	6.43,	nan,	90,	2
23,	1,	3,	2,	79,	uso_300ms_45.wav,	1,	149.17391900000075,	3.07,	nan,	90,	2
23,	1,	3,	2,	80,	uso_300ms_73.wav,	2,	176.7292580000008,	3.99,	nan,	90,	2
23,	1,	3,	2,	81,	uso_300ms_11.wav,	5,	276.9926590000008,	7.33,	nan,	90,	2
23,	1,	3,	2,	82,	uso_300ms_31.wav,	2,	172.6785470000009,	3.86,	nan,	90,	2
23,	1,	3,	2,	83,	uso_300ms_86.wav,	5,	281.02093500000086,	7.47,	nan,	90,	2
23,	1,	3,	2,	84,	uso_300ms_97.wav,	4,	239.20171000000087,	6.07,	nan,	90,	2
23,	1,	3,	2,	85,	uso_300ms_50.wav,	1,	89.11907100000087,	1.07,	nan,	90,	2
23,	1,	3,	2,	86,	uso_300ms_82.wav,	5,	259.97818600000096,	6.77,	nan,	90,	2
23,	1,	3,	2,	87,	uso_300ms_55.wav,	1,	154.31410300000087,	3.24,	nan,	90,	2
23,	1,	3,	2,	88,	uso_300ms_79.wav,	4,	250.2149150000009,	6.44,	nan,	90,	2
23,	1,	3,	2,	89,	uso_300ms_92.wav,	3,	193.45350400000095,	4.55,	nan,	90,	2
23,	1,	3,	2,	90,	uso_300ms_1.wav,	2,	186.42416700000095,	4.31,	nan,	90,	2
