sub_id,cond_id,block_id,task_id,event_id,stim_id,speaker_id,led_id,led_distance,response_time,n_reps,isi
23,	1,	6,	1,	1,	uso_300ms_59.wav,	0,	90,	1.1,	0.20027661323547363,	15,	0.3
23,	1,	6,	1,	2,	uso_300ms_49.wav,	5,	219,	5.4,	3.470693349838257,	15,	0.3
23,	1,	6,	1,	3,	uso_300ms_87.wav,	9,	352,	9.83,	2.4780285358428955,	15,	0.3
23,	1,	6,	1,	4,	uso_300ms_18.wav,	4,	279,	7.4,	2.618778944015503,	15,	0.3
23,	1,	6,	1,	5,	uso_300ms_86.wav,	7,	322,	8.83,	3.0736513137817383,	15,	0.3
23,	1,	6,	1,	6,	uso_300ms_70.wav,	6,	401,	11.47,	3.2481508255004883,	15,	0.3
23,	1,	6,	1,	7,	uso_300ms_55.wav,	8,	299,	8.07,	5.649103164672852,	15,	0.3
23,	1,	6,	1,	8,	uso_300ms_9.wav,	2,	186,	4.3,	2.839287519454956,	15,	0.3
23,	1,	6,	1,	9,	uso_300ms_86.wav,	10,	377,	10.67,	4.551827430725098,	15,	0.3
23,	1,	6,	1,	10,	uso_300ms_42.wav,	3,	279,	7.4,	3.4726147651672363,	15,	0.3
23,	1,	6,	1,	11,	uso_300ms_22.wav,	1,	147,	3.0,	3.7538042068481445,	15,	0.3
23,	1,	6,	1,	12,	uso_300ms_66.wav,	7,	371,	10.47,	2.5416314601898193,	15,	0.3
23,	1,	6,	1,	13,	uso_300ms_31.wav,	8,	308,	8.37,	2.7349965572357178,	15,	0.3
23,	1,	6,	1,	14,	uso_300ms_8.wav,	0,	114,	1.9,	3.6730804443359375,	15,	0.3
23,	1,	6,	1,	15,	uso_300ms_18.wav,	2,	150,	3.1,	2.46586012840271,	15,	0.3
23,	1,	6,	1,	16,	uso_300ms_62.wav,	4,	270,	7.1,	2.8587539196014404,	15,	0.3
23,	1,	6,	1,	17,	uso_300ms_31.wav,	9,	404,	11.57,	2.344538688659668,	15,	0.3
23,	1,	6,	1,	18,	uso_300ms_43.wav,	1,	163,	3.53,	2.7511839866638184,	15,	0.3
23,	1,	6,	1,	19,	uso_300ms_38.wav,	3,	184,	4.23,	2.0214054584503174,	15,	0.3
23,	1,	6,	1,	20,	uso_300ms_66.wav,	10,	405,	11.6,	2.6931724548339844,	15,	0.3
23,	1,	6,	1,	21,	uso_300ms_31.wav,	6,	310,	8.43,	2.2810282707214355,	15,	0.3
23,	1,	6,	1,	22,	uso_300ms_21.wav,	5,	310,	8.43,	1.3328533172607422,	15,	0.3
23,	1,	6,	1,	23,	uso_300ms_22.wav,	9,	375,	10.6,	1.8048834800720215,	15,	0.3
23,	1,	6,	1,	24,	uso_300ms_51.wav,	4,	274,	7.23,	4.254437685012817,	15,	0.3
23,	1,	6,	1,	25,	uso_300ms_35.wav,	10,	430,	12.43,	3.232795238494873,	15,	0.3
23,	1,	6,	1,	26,	uso_300ms_36.wav,	1,	152,	3.17,	4.588280439376831,	15,	0.3
23,	1,	6,	1,	27,	uso_300ms_15.wav,	2,	201,	4.8,	2.2173068523406982,	15,	0.3
23,	1,	6,	1,	28,	uso_300ms_51.wav,	3,	249,	6.4,	2.376107692718506,	15,	0.3
23,	1,	6,	1,	29,	uso_300ms_39.wav,	6,	333,	9.2,	2.0669608116149902,	15,	0.3
23,	1,	6,	1,	30,	uso_300ms_85.wav,	8,	368,	10.37,	1.9797601699829102,	15,	0.3
23,	1,	6,	1,	31,	uso_300ms_17.wav,	0,	108,	1.7,	2.978039264678955,	15,	0.3
23,	1,	6,	1,	32,	uso_300ms_34.wav,	7,	234,	5.9,	2.169487476348877,	15,	0.3
23,	1,	6,	1,	33,	uso_300ms_81.wav,	5,	310,	8.43,	5.065167665481567,	15,	0.3
23,	1,	6,	1,	34,	uso_300ms_95.wav,	2,	189,	4.4,	2.2276103496551514,	15,	0.3
23,	1,	6,	1,	35,	uso_300ms_63.wav,	8,	365,	10.27,	2.224363088607788,	15,	0.3
23,	1,	6,	1,	36,	uso_300ms_96.wav,	3,	239,	6.07,	2.355480909347534,	15,	0.3
23,	1,	6,	1,	37,	uso_300ms_78.wav,	1,	172,	3.83,	4.504164695739746,	15,	0.3
23,	1,	6,	1,	38,	uso_300ms_99.wav,	0,	110,	1.77,	1.520357608795166,	15,	0.3
23,	1,	6,	1,	39,	uso_300ms_1.wav,	5,	197,	4.67,	1.7585155963897705,	15,	0.3
23,	1,	6,	1,	40,	uso_300ms_97.wav,	10,	334,	9.23,	3.4404053688049316,	15,	0.3
23,	1,	6,	1,	41,	uso_300ms_75.wav,	6,	392,	11.17,	3.4045825004577637,	15,	0.3
23,	1,	6,	1,	42,	uso_300ms_16.wav,	7,	347,	9.67,	5.684493541717529,	15,	0.3
23,	1,	6,	1,	43,	uso_300ms_25.wav,	4,	258,	6.7,	2.1457324028015137,	15,	0.3
23,	1,	6,	1,	44,	uso_300ms_86.wav,	9,	310,	8.43,	1.8606226444244385,	15,	0.3
23,	1,	6,	1,	45,	uso_300ms_33.wav,	2,	199,	4.73,	2.3540666103363037,	15,	0.3
23,	1,	6,	1,	46,	uso_300ms_4.wav,	9,	424,	12.23,	3.321983575820923,	15,	0.3
23,	1,	6,	1,	47,	uso_300ms_5.wav,	0,	119,	2.07,	2.9843602180480957,	15,	0.3
23,	1,	6,	1,	48,	uso_300ms_1.wav,	7,	259,	6.73,	1.7937276363372803,	15,	0.3
23,	1,	6,	1,	49,	uso_300ms_10.wav,	3,	172,	3.83,	2.025843858718872,	15,	0.3
23,	1,	6,	1,	50,	uso_300ms_33.wav,	10,	434,	12.57,	3.2633442878723145,	15,	0.3
23,	1,	6,	1,	51,	uso_300ms_17.wav,	8,	365,	10.27,	1.799051284790039,	15,	0.3
23,	1,	6,	1,	52,	uso_300ms_88.wav,	6,	284,	7.57,	1.9609863758087158,	15,	0.3
23,	1,	6,	1,	53,	uso_300ms_60.wav,	4,	270,	7.1,	2.0444517135620117,	15,	0.3
23,	1,	6,	1,	54,	uso_300ms_43.wav,	5,	205,	4.93,	2.162560224533081,	15,	0.3
23,	1,	6,	1,	55,	uso_300ms_99.wav,	1,	189,	4.4,	3.1307015419006348,	15,	0.3
23,	1,	6,	1,	56,	uso_300ms_1.wav,	10,	393,	11.2,	2.616542100906372,	15,	0.3
23,	1,	6,	1,	57,	uso_300ms_10.wav,	0,	105,	1.6,	2.8240418434143066,	15,	0.3
23,	1,	6,	1,	58,	uso_300ms_97.wav,	4,	213,	5.2,	1.6221880912780762,	15,	0.3
23,	1,	6,	1,	59,	uso_300ms_42.wav,	6,	311,	8.47,	1.6868436336517334,	15,	0.3
23,	1,	6,	1,	60,	uso_300ms_100.wav,	7,	271,	7.13,	4.754297733306885,	15,	0.3
23,	1,	6,	1,	61,	uso_300ms_54.wav,	8,	314,	8.57,	1.7144408226013184,	15,	0.3
23,	1,	6,	1,	62,	uso_300ms_56.wav,	2,	225,	5.6,	4.757202386856079,	15,	0.3
23,	1,	6,	1,	63,	uso_300ms_36.wav,	1,	156,	3.3,	1.964979887008667,	15,	0.3
23,	1,	6,	1,	64,	uso_300ms_2.wav,	3,	188,	4.37,	1.7252280712127686,	15,	0.3
23,	1,	6,	1,	65,	uso_300ms_100.wav,	9,	328,	9.03,	2.033316135406494,	15,	0.3
23,	1,	6,	1,	66,	uso_300ms_92.wav,	5,	246,	6.3,	2.102142810821533,	15,	0.3
23,	1,	6,	1,	67,	uso_300ms_81.wav,	10,	421,	12.13,	2.699305772781372,	15,	0.3
23,	1,	6,	1,	68,	uso_300ms_29.wav,	5,	338,	9.37,	2.3229143619537354,	15,	0.3
23,	1,	6,	1,	69,	uso_300ms_42.wav,	6,	281,	7.47,	2.6181161403656006,	15,	0.3
23,	1,	6,	1,	70,	uso_300ms_50.wav,	2,	214,	5.23,	3.0105037689208984,	15,	0.3
23,	1,	6,	1,	71,	uso_300ms_94.wav,	4,	170,	3.77,	2.5331432819366455,	15,	0.3
23,	1,	6,	1,	72,	uso_300ms_96.wav,	8,	298,	8.03,	3.0428364276885986,	15,	0.3
23,	1,	6,	1,	73,	uso_300ms_68.wav,	3,	253,	6.53,	6.0775837898254395,	15,	0.3
23,	1,	6,	1,	74,	uso_300ms_98.wav,	1,	167,	3.67,	2.9217286109924316,	15,	0.3
23,	1,	6,	1,	75,	uso_300ms_17.wav,	7,	277,	7.33,	6.269374132156372,	15,	0.3
23,	1,	6,	1,	76,	uso_300ms_78.wav,	0,	138,	2.7,	2.9508495330810547,	15,	0.3
23,	1,	6,	1,	77,	uso_300ms_31.wav,	9,	356,	9.97,	3.722202777862549,	15,	0.3
23,	1,	6,	1,	78,	uso_300ms_90.wav,	4,	324,	8.9,	2.272085189819336,	15,	0.3
23,	1,	6,	1,	79,	uso_300ms_47.wav,	3,	234,	5.9,	1.6410820484161377,	15,	0.3
23,	1,	6,	1,	80,	uso_300ms_14.wav,	9,	425,	12.27,	2.07063627243042,	15,	0.3
23,	1,	6,	1,	81,	uso_300ms_30.wav,	2,	189,	4.4,	2.792686939239502,	15,	0.3
23,	1,	6,	1,	82,	uso_300ms_76.wav,	6,	354,	9.9,	2.109060049057007,	15,	0.3
23,	1,	6,	1,	83,	uso_300ms_36.wav,	0,	132,	2.5,	2.823211431503296,	15,	0.3
23,	1,	6,	1,	84,	uso_300ms_6.wav,	8,	368,	10.37,	4.2500481605529785,	15,	0.3
23,	1,	6,	1,	85,	uso_300ms_86.wav,	1,	189,	4.4,	2.3105788230895996,	15,	0.3
23,	1,	6,	1,	86,	uso_300ms_55.wav,	7,	314,	8.57,	2.861177682876587,	15,	0.3
23,	1,	6,	1,	87,	uso_300ms_65.wav,	5,	314,	8.57,	1.2245948314666748,	15,	0.3
23,	1,	6,	1,	88,	uso_300ms_13.wav,	10,	337,	9.33,	1.8145627975463867,	15,	0.3
23,	1,	6,	1,	89,	uso_300ms_31.wav,	3,	248,	6.37,	5.160688638687134,	15,	0.3
23,	1,	6,	1,	90,	uso_300ms_80.wav,	4,	204,	4.9,	2.6302359104156494,	15,	0.3
23,	1,	6,	1,	91,	uso_300ms_42.wav,	6,	301,	8.13,	3.39223313331604,	15,	0.3
23,	1,	6,	1,	92,	uso_300ms_72.wav,	5,	220,	5.43,	2.393218517303467,	15,	0.3
23,	1,	6,	1,	93,	uso_300ms_100.wav,	9,	403,	11.53,	3.001645803451538,	15,	0.3
23,	1,	6,	1,	94,	uso_300ms_69.wav,	2,	312,	8.5,	2.9031686782836914,	15,	0.3
23,	1,	6,	1,	95,	uso_300ms_19.wav,	8,	378,	10.7,	2.1192874908447266,	15,	0.3
23,	1,	6,	1,	96,	uso_300ms_85.wav,	7,	286,	7.63,	4.192267179489136,	15,	0.3
23,	1,	6,	1,	97,	uso_300ms_32.wav,	1,	156,	3.3,	2.3518805503845215,	15,	0.3
23,	1,	6,	1,	98,	uso_300ms_37.wav,	0,	108,	1.7,	1.8417227268218994,	15,	0.3
23,	1,	6,	1,	99,	uso_300ms_74.wav,	10,	412,	11.83,	5.6117870807647705,	15,	0.3
23,	1,	6,	1,	100,	uso_300ms_96.wav,	3,	191,	4.47,	4.046822547912598,	15,	0.3
23,	1,	6,	1,	101,	uso_300ms_58.wav,	7,	266,	6.97,	3.1462066173553467,	15,	0.3
23,	1,	6,	1,	102,	uso_300ms_69.wav,	5,	347,	9.67,	1.7894115447998047,	15,	0.3
23,	1,	6,	1,	103,	uso_300ms_83.wav,	0,	131,	2.47,	2.952040195465088,	15,	0.3
23,	1,	6,	1,	104,	uso_300ms_78.wav,	1,	175,	3.93,	2.1326663494110107,	15,	0.3
23,	1,	6,	1,	105,	uso_300ms_5.wav,	2,	206,	4.97,	2.2229318618774414,	15,	0.3
23,	1,	6,	1,	106,	uso_300ms_16.wav,	10,	399,	11.4,	3.672229766845703,	15,	0.3
23,	1,	6,	1,	107,	uso_300ms_63.wav,	8,	339,	9.4,	4.101661443710327,	15,	0.3
23,	1,	6,	1,	108,	uso_300ms_1.wav,	4,	277,	7.33,	1.7320466041564941,	15,	0.3
23,	1,	6,	1,	109,	uso_300ms_17.wav,	9,	410,	11.77,	3.1883018016815186,	15,	0.3
23,	1,	6,	1,	110,	uso_300ms_34.wav,	6,	329,	9.07,	4.8019936084747314,	15,	0.3
23,	1,	6,	1,	111,	uso_300ms_96.wav,	2,	241,	6.13,	4.68541955947876,	15,	0.3
23,	1,	6,	1,	112,	uso_300ms_99.wav,	1,	172,	3.83,	1.4438135623931885,	15,	0.3
23,	1,	6,	1,	113,	uso_300ms_48.wav,	5,	234,	5.9,	2.557723045349121,	15,	0.3
23,	1,	6,	1,	114,	uso_300ms_71.wav,	4,	346,	9.63,	2.0012524127960205,	15,	0.3
23,	1,	6,	1,	115,	uso_300ms_68.wav,	6,	414,	11.9,	2.4233694076538086,	15,	0.3
23,	1,	6,	1,	116,	uso_300ms_45.wav,	10,	440,	12.77,	2.1470224857330322,	15,	0.3
23,	1,	6,	1,	117,	uso_300ms_58.wav,	8,	343,	9.53,	3.1491243839263916,	15,	0.3
23,	1,	6,	1,	118,	uso_300ms_31.wav,	3,	210,	5.1,	1.9564788341522217,	15,	0.3
23,	1,	6,	1,	119,	uso_300ms_46.wav,	9,	274,	7.23,	2.2675113677978516,	15,	0.3
23,	1,	6,	1,	120,	uso_300ms_85.wav,	0,	144,	2.9,	5.362624645233154,	15,	0.3
23,	1,	6,	1,	121,	uso_300ms_52.wav,	7,	288,	7.7,	5.10577917098999,	15,	0.3
23,	1,	6,	1,	122,	uso_300ms_65.wav,	8,	360,	10.1,	2.655687093734741,	15,	0.3
23,	1,	6,	1,	123,	uso_300ms_97.wav,	1,	168,	3.7,	5.135828256607056,	15,	0.3
23,	1,	6,	1,	124,	uso_300ms_64.wav,	0,	111,	1.8,	1.757542610168457,	15,	0.3
23,	1,	6,	1,	125,	uso_300ms_24.wav,	3,	170,	3.77,	3.9376893043518066,	15,	0.3
23,	1,	6,	1,	126,	uso_300ms_20.wav,	6,	288,	7.7,	2.503357410430908,	15,	0.3
23,	1,	6,	1,	127,	uso_300ms_30.wav,	5,	197,	4.67,	2.1284937858581543,	15,	0.3
23,	1,	6,	1,	128,	uso_300ms_65.wav,	4,	282,	7.5,	3.14846134185791,	15,	0.3
23,	1,	6,	1,	129,	uso_300ms_34.wav,	10,	400,	11.43,	2.04910945892334,	15,	0.3
23,	1,	6,	1,	130,	uso_300ms_69.wav,	7,	326,	8.97,	2.311331033706665,	15,	0.3
23,	1,	6,	1,	131,	uso_300ms_97.wav,	9,	372,	10.5,	4.792005300521851,	15,	0.3
23,	1,	6,	1,	132,	uso_300ms_44.wav,	2,	217,	5.33,	1.9343700408935547,	15,	0.3
23,	1,	6,	1,	133,	uso_300ms_63.wav,	5,	306,	8.3,	1.7968518733978271,	15,	0.3
23,	1,	6,	1,	134,	uso_300ms_5.wav,	2,	184,	4.23,	1.7364256381988525,	15,	0.3
23,	1,	6,	1,	135,	uso_300ms_17.wav,	6,	293,	7.87,	1.6702768802642822,	15,	0.3
23,	1,	6,	1,	136,	uso_300ms_55.wav,	10,	391,	11.13,	2.4931085109710693,	15,	0.3
23,	1,	6,	1,	137,	uso_300ms_36.wav,	1,	195,	4.6,	3.2373979091644287,	15,	0.3
23,	1,	6,	1,	138,	uso_300ms_40.wav,	7,	390,	11.1,	8.628523826599121,	15,	0.3
23,	1,	6,	1,	139,	uso_300ms_33.wav,	4,	270,	7.1,	2.4717090129852295,	15,	0.3
23,	1,	6,	1,	140,	uso_300ms_25.wav,	9,	368,	10.37,	2.54815673828125,	15,	0.3
23,	1,	6,	1,	141,	uso_300ms_37.wav,	3,	211,	5.13,	2.5875604152679443,	15,	0.3
23,	1,	6,	1,	142,	uso_300ms_38.wav,	8,	338,	9.37,	3.6093008518218994,	15,	0.3
23,	1,	6,	1,	143,	uso_300ms_33.wav,	0,	128,	2.37,	2.3776967525482178,	15,	0.3
23,	1,	6,	1,	144,	uso_300ms_78.wav,	7,	262,	6.83,	2.608937978744507,	15,	0.3
23,	1,	6,	1,	145,	uso_300ms_55.wav,	6,	328,	9.03,	4.1660075187683105,	15,	0.3
23,	1,	6,	1,	146,	uso_300ms_3.wav,	4,	272,	7.17,	1.4974229335784912,	15,	0.3
23,	1,	6,	1,	147,	uso_300ms_7.wav,	0,	146,	2.97,	3.21295166015625,	15,	0.3
23,	1,	6,	1,	148,	uso_300ms_87.wav,	8,	400,	11.43,	3.4843552112579346,	15,	0.3
23,	1,	6,	1,	149,	uso_300ms_4.wav,	10,	444,	12.9,	2.5976691246032715,	15,	0.3
23,	1,	6,	1,	150,	uso_300ms_65.wav,	2,	290,	7.77,	4.492661714553833,	15,	0.3
23,	1,	6,	1,	151,	uso_300ms_93.wav,	3,	336,	9.3,	2.4392354488372803,	15,	0.3
23,	1,	6,	1,	152,	uso_300ms_17.wav,	9,	379,	10.73,	1.7078070640563965,	15,	0.3
23,	1,	6,	1,	153,	uso_300ms_70.wav,	1,	190,	4.43,	2.31400990486145,	15,	0.3
23,	1,	6,	1,	154,	uso_300ms_36.wav,	5,	267,	7.0,	1.7889478206634521,	15,	0.3
23,	1,	6,	1,	155,	uso_300ms_3.wav,	0,	148,	3.03,	2.301647901535034,	15,	0.3
23,	1,	6,	1,	156,	uso_300ms_71.wav,	7,	302,	8.17,	2.3096251487731934,	15,	0.3
23,	1,	6,	1,	157,	uso_300ms_1.wav,	5,	302,	8.17,	1.4179792404174805,	15,	0.3
23,	1,	6,	1,	158,	uso_300ms_55.wav,	1,	139,	2.73,	4.609697341918945,	15,	0.3
23,	1,	6,	1,	159,	uso_300ms_81.wav,	4,	225,	5.6,	1.684262990951538,	15,	0.3
23,	1,	6,	1,	160,	uso_300ms_27.wav,	3,	202,	4.83,	3.280757427215576,	15,	0.3
23,	1,	6,	1,	161,	uso_300ms_59.wav,	9,	315,	8.6,	1.7881739139556885,	15,	0.3
23,	1,	6,	1,	162,	uso_300ms_68.wav,	6,	413,	11.87,	1.7398953437805176,	15,	0.3
23,	1,	6,	1,	163,	uso_300ms_35.wav,	10,	348,	9.7,	3.4095802307128906,	15,	0.3
23,	1,	6,	1,	164,	uso_300ms_15.wav,	2,	253,	6.53,	3.351209878921509,	15,	0.3
23,	1,	6,	1,	165,	uso_300ms_49.wav,	8,	321,	8.8,	1.6766417026519775,	15,	0.3
