sub_id,cond_id,block_id,task_id,event_id,stim_id,speaker_id,led_id,led_distance,response_time,n_reps,isi
23,	1,	5,	2,	1,	uso_300ms_68.wav,	1,	90,	1.1,	nan,	90,	2
23,	1,	5,	2,	2,	uso_300ms_82.wav,	1,	139.25935700000005,	2.74,	nan,	90,	2
23,	1,	5,	2,	3,	uso_300ms_74.wav,	2,	179.5329890000001,	4.08,	nan,	90,	2
23,	1,	5,	2,	4,	uso_300ms_42.wav,	3,	207.34742600000015,	5.01,	nan,	90,	2
23,	1,	5,	2,	5,	uso_300ms_87.wav,	4,	236.85106100000013,	6.0,	nan,	90,	2
23,	1,	5,	2,	6,	uso_300ms_42.wav,	5,	265.62960800000013,	6.95,	nan,	90,	2
23,	1,	5,	2,	7,	uso_300ms_7.wav,	5,	310.8701110000001,	8.46,	nan,	90,	2
23,	1,	5,	2,	8,	uso_300ms_7.wav,	5,	336.101989,	9.3,	nan,	90,	2
23,	1,	5,	2,	9,	uso_300ms_1.wav,	5,	445.204724,	12.94,	nan,	90,	2
23,	1,	5,	2,	10,	uso_300ms_88.wav,	5,	300.085988,	8.1,	nan,	90,	2
23,	1,	5,	2,	11,	uso_300ms_26.wav,	5,	300.085988,	8.1,	nan,	90,	2
23,	1,	5,	2,	12,	uso_300ms_34.wav,	4,	233.96584299999986,	5.9,	nan,	90,	2
23,	1,	5,	2,	13,	uso_300ms_50.wav,	2,	172.62207100000018,	3.85,	nan,	90,	2
23,	1,	5,	2,	14,	uso_300ms_76.wav,	1,	125.21326200000019,	2.27,	nan,	90,	2
23,	1,	5,	2,	15,	uso_300ms_37.wav,	5,	281.78288500000025,	7.49,	nan,	90,	2
23,	1,	5,	2,	16,	uso_300ms_90.wav,	1,	130.39828100000028,	2.45,	nan,	90,	2
23,	1,	5,	2,	17,	uso_300ms_12.wav,	1,	106.50505500000025,	1.65,	nan,	90,	2
23,	1,	5,	2,	18,	uso_300ms_17.wav,	5,	320.9293840000002,	8.8,	nan,	90,	2
23,	1,	5,	2,	19,	uso_300ms_95.wav,	5,	290.0853400000001,	7.77,	nan,	90,	2
23,	1,	5,	2,	20,	uso_300ms_64.wav,	4,	249.18412300000003,	6.41,	nan,	90,	2
23,	1,	5,	2,	21,	uso_300ms_53.wav,	4,	244.205135,	6.24,	nan,	90,	2
23,	1,	5,	2,	22,	uso_300ms_22.wav,	4,	224.1642889999995,	5.57,	nan,	90,	2
23,	1,	5,	2,	23,	uso_300ms_79.wav,	3,	201.4763159999991,	4.82,	nan,	90,	2
23,	1,	5,	2,	24,	uso_300ms_16.wav,	2,	179.82427299999847,	4.09,	nan,	90,	2
23,	1,	5,	2,	25,	uso_300ms_58.wav,	2,	167.24907399999898,	3.67,	nan,	90,	2
23,	1,	5,	2,	26,	uso_300ms_59.wav,	1,	154.43899699999952,	3.25,	nan,	90,	2
23,	1,	5,	2,	27,	uso_300ms_83.wav,	1,	137.85839799999988,	2.7,	nan,	90,	2
23,	1,	5,	2,	28,	uso_300ms_24.wav,	1,	136.60704299999972,	2.65,	nan,	90,	2
23,	1,	5,	2,	29,	uso_300ms_39.wav,	2,	186.55691499999978,	4.32,	nan,	90,	2
23,	1,	5,	2,	30,	uso_300ms_5.wav,	5,	300.2189809999998,	8.11,	nan,	90,	2
23,	1,	5,	2,	31,	uso_300ms_38.wav,	5,	300.2189809999998,	8.11,	nan,	90,	2
23,	1,	5,	2,	32,	uso_300ms_51.wav,	5,	300.2189809999998,	8.11,	nan,	90,	2
23,	1,	5,	2,	33,	uso_300ms_59.wav,	3,	195.1592989999997,	4.61,	nan,	90,	2
23,	1,	5,	2,	34,	uso_300ms_29.wav,	1,	111.30515799999966,	1.81,	nan,	90,	2
23,	1,	5,	2,	35,	uso_300ms_70.wav,	2,	182.5960559999997,	4.19,	nan,	90,	2
23,	1,	5,	2,	36,	uso_300ms_50.wav,	4,	235.96574299999966,	5.97,	nan,	90,	2
23,	1,	5,	2,	37,	uso_300ms_6.wav,	3,	203.5701419999997,	4.89,	nan,	90,	2
23,	1,	5,	2,	38,	uso_300ms_3.wav,	2,	187.48487699999956,	4.35,	nan,	90,	2
23,	1,	5,	2,	39,	uso_300ms_17.wav,	2,	187.48487699999956,	4.35,	nan,	90,	2
23,	1,	5,	2,	40,	uso_300ms_24.wav,	4,	245.2908419999996,	6.28,	nan,	90,	2
23,	1,	5,	2,	41,	uso_300ms_37.wav,	4,	245.2908419999996,	6.28,	nan,	90,	2
23,	1,	5,	2,	42,	uso_300ms_43.wav,	2,	189.7621589999996,	4.43,	nan,	90,	2
23,	1,	5,	2,	43,	uso_300ms_59.wav,	2,	181.8366399999996,	4.16,	nan,	90,	2
23,	1,	5,	2,	44,	uso_300ms_66.wav,	1,	145.01586999999955,	2.93,	nan,	90,	2
23,	1,	5,	2,	45,	uso_300ms_92.wav,	4,	244.8423379999995,	6.26,	nan,	90,	2
23,	1,	5,	2,	46,	uso_300ms_12.wav,	5,	298.7422339999995,	8.06,	nan,	90,	2
23,	1,	5,	2,	47,	uso_300ms_3.wav,	5,	298.7422339999995,	8.06,	nan,	90,	2
23,	1,	5,	2,	48,	uso_300ms_14.wav,	4,	248.94692899999959,	6.4,	nan,	90,	2
23,	1,	5,	2,	49,	uso_300ms_90.wav,	4,	248.94692899999959,	6.4,	nan,	90,	2
23,	1,	5,	2,	50,	uso_300ms_71.wav,	3,	199.47916799999962,	4.75,	nan,	90,	2
23,	1,	5,	2,	51,	uso_300ms_81.wav,	3,	210.4172909999996,	5.11,	nan,	90,	2
23,	1,	5,	2,	52,	uso_300ms_12.wav,	3,	196.80585399999967,	4.66,	nan,	90,	2
23,	1,	5,	2,	53,	uso_300ms_82.wav,	2,	176.0732749999997,	3.97,	nan,	90,	2
23,	1,	5,	2,	54,	uso_300ms_68.wav,	1,	146.0747259999997,	2.97,	nan,	90,	2
23,	1,	5,	2,	55,	uso_300ms_12.wav,	1,	146.0747259999997,	2.97,	nan,	90,	2
23,	1,	5,	2,	56,	uso_300ms_3.wav,	2,	184.19048899999956,	4.24,	nan,	90,	2
23,	1,	5,	2,	57,	uso_300ms_7.wav,	3,	214.93555999999953,	5.26,	nan,	90,	2
23,	1,	5,	2,	58,	uso_300ms_58.wav,	3,	214.93707199999952,	5.26,	nan,	90,	2
23,	1,	5,	2,	59,	uso_300ms_42.wav,	4,	243.30303199999926,	6.21,	nan,	90,	2
23,	1,	5,	2,	60,	uso_300ms_31.wav,	4,	243.30303199999926,	6.21,	nan,	90,	2
23,	1,	5,	2,	61,	uso_300ms_26.wav,	5,	296.4493139999993,	7.98,	nan,	90,	2
23,	1,	5,	2,	62,	uso_300ms_51.wav,	5,	294.82361999999915,	7.93,	nan,	90,	2
23,	1,	5,	2,	63,	uso_300ms_66.wav,	4,	242.766124999999,	6.19,	nan,	90,	2
23,	1,	5,	2,	64,	uso_300ms_44.wav,	3,	218.20574299999922,	5.37,	nan,	90,	2
23,	1,	5,	2,	65,	uso_300ms_38.wav,	2,	166.23373899999925,	3.64,	nan,	90,	2
23,	1,	5,	2,	66,	uso_300ms_45.wav,	1,	140.20570899999922,	2.77,	nan,	90,	2
23,	1,	5,	2,	67,	uso_300ms_77.wav,	2,	188.38167599999923,	4.38,	nan,	90,	2
23,	1,	5,	2,	68,	uso_300ms_48.wav,	3,	211.14650899999927,	5.14,	nan,	90,	2
23,	1,	5,	2,	69,	uso_300ms_94.wav,	4,	245.44645999999923,	6.28,	nan,	90,	2
23,	1,	5,	2,	70,	uso_300ms_59.wav,	5,	285.07961999999924,	7.6,	nan,	90,	2
23,	1,	5,	2,	71,	uso_300ms_39.wav,	5,	277.11764499999913,	7.34,	nan,	90,	2
23,	1,	5,	2,	72,	uso_300ms_20.wav,	5,	315.5400149999991,	8.62,	nan,	90,	2
23,	1,	5,	2,	73,	uso_300ms_71.wav,	5,	278.48615899999896,	7.38,	nan,	90,	2
23,	1,	5,	2,	74,	uso_300ms_35.wav,	1,	144.53135199999892,	2.92,	nan,	90,	2
23,	1,	5,	2,	75,	uso_300ms_75.wav,	2,	176.513637999999,	3.98,	nan,	90,	2
23,	1,	5,	2,	76,	uso_300ms_73.wav,	3,	212.89809799999892,	5.2,	nan,	90,	2
23,	1,	5,	2,	77,	uso_300ms_64.wav,	4,	250.30645499999895,	6.44,	nan,	90,	2
23,	1,	5,	2,	78,	uso_300ms_20.wav,	5,	298.84664599999894,	8.06,	nan,	90,	2
23,	1,	5,	2,	79,	uso_300ms_36.wav,	5,	328.55854499999884,	9.05,	nan,	90,	2
23,	1,	5,	2,	80,	uso_300ms_94.wav,	5,	297.3232989999988,	8.01,	nan,	90,	2
23,	1,	5,	2,	81,	uso_300ms_7.wav,	3,	211.3407239999989,	5.14,	nan,	90,	2
23,	1,	5,	2,	82,	uso_300ms_1.wav,	2,	188.7252219999987,	4.39,	nan,	90,	2
23,	1,	5,	2,	83,	uso_300ms_88.wav,	1,	134.98723699999871,	2.6,	nan,	90,	2
23,	1,	5,	2,	84,	uso_300ms_45.wav,	5,	255.1889479999987,	6.61,	nan,	90,	2
23,	1,	5,	2,	85,	uso_300ms_16.wav,	4,	241.38879799999876,	6.15,	nan,	90,	2
23,	1,	5,	2,	86,	uso_300ms_20.wav,	4,	241.38879799999876,	6.15,	nan,	90,	2
23,	1,	5,	2,	87,	uso_300ms_100.wav,	4,	241.1999449999993,	6.14,	nan,	90,	2
23,	1,	5,	2,	88,	uso_300ms_12.wav,	3,	217.6797069999996,	5.36,	nan,	90,	2
23,	1,	5,	2,	89,	uso_300ms_39.wav,	3,	217.59959199999977,	5.35,	nan,	90,	2
23,	1,	5,	2,	90,	uso_300ms_67.wav,	4,	251.76041099999978,	6.49,	nan,	90,	2
