sub_id,cond_id,block_id,task_id,event_id,stim_id,speaker_id,led_id,led_distance,response_time,n_reps,isi
23,	1,	1,	2,	1,	uso_300ms_91.wav,	3,	89,	1.07,	0.20049047470092773,	15,	0.3
23,	1,	1,	2,	2,	uso_300ms_6.wav,	5,	226,	5.63,	10.400543928146362,	15,	0.3
23,	1,	1,	2,	3,	uso_300ms_78.wav,	4,	295,	7.93,	7.379545450210571,	15,	0.3
23,	1,	1,	2,	4,	uso_300ms_16.wav,	1,	145,	2.93,	8.928667306900024,	15,	0.3
23,	1,	1,	2,	5,	uso_300ms_53.wav,	2,	293,	7.87,	7.095582962036133,	15,	0.3
23,	1,	1,	2,	6,	uso_300ms_47.wav,	4,	365,	10.27,	7.56295371055603,	15,	0.3
23,	1,	1,	2,	7,	uso_300ms_10.wav,	2,	200,	4.77,	7.733426332473755,	15,	0.3
23,	1,	1,	2,	8,	uso_300ms_4.wav,	5,	423,	12.2,	7.413246393203735,	15,	0.3
23,	1,	1,	2,	9,	uso_300ms_32.wav,	3,	305,	8.27,	9.018985748291016,	15,	0.3
23,	1,	1,	2,	10,	uso_300ms_35.wav,	1,	178,	4.03,	10.639787435531616,	15,	0.3
23,	1,	1,	2,	11,	uso_300ms_57.wav,	5,	334,	9.23,	6.696102619171143,	15,	0.3
23,	1,	1,	2,	12,	uso_300ms_62.wav,	2,	207,	5.0,	7.415713548660278,	15,	0.3
23,	1,	1,	2,	13,	uso_300ms_48.wav,	4,	399,	11.4,	6.09709906578064,	15,	0.3
23,	1,	1,	2,	14,	uso_300ms_90.wav,	1,	114,	1.9,	3.9264254570007324,	15,	0.3
23,	1,	1,	2,	15,	uso_300ms_24.wav,	3,	187,	4.33,	3.9365434646606445,	15,	0.3
23,	1,	1,	2,	16,	uso_300ms_8.wav,	4,	228,	5.7,	7.36787223815918,	15,	0.3
23,	1,	1,	2,	17,	uso_300ms_3.wav,	5,	437,	12.67,	4.5496580600738525,	15,	0.3
23,	1,	1,	2,	18,	uso_300ms_22.wav,	2,	147,	3.0,	9.981427669525146,	15,	0.3
23,	1,	1,	2,	19,	uso_300ms_99.wav,	1,	101,	1.47,	5.452350854873657,	15,	0.3
23,	1,	1,	2,	20,	uso_300ms_63.wav,	3,	229,	5.73,	3.4451537132263184,	15,	0.3
23,	1,	1,	2,	21,	uso_300ms_26.wav,	2,	171,	3.8,	4.502288341522217,	15,	0.3
23,	1,	1,	2,	22,	uso_300ms_16.wav,	4,	275,	7.27,	6.381321668624878,	15,	0.3
23,	1,	1,	2,	23,	uso_300ms_19.wav,	5,	267,	7.0,	8.677706718444824,	15,	0.3
23,	1,	1,	2,	24,	uso_300ms_94.wav,	3,	164,	3.57,	3.822153091430664,	15,	0.3
23,	1,	1,	2,	25,	uso_300ms_90.wav,	1,	118,	2.03,	4.941879987716675,	15,	0.3
23,	1,	1,	2,	26,	uso_300ms_87.wav,	3,	245,	6.27,	7.400715112686157,	15,	0.3
23,	1,	1,	2,	27,	uso_300ms_100.wav,	1,	105,	1.6,	3.379155397415161,	15,	0.3
23,	1,	1,	2,	28,	uso_300ms_22.wav,	5,	300,	8.1,	3.4236934185028076,	15,	0.3
23,	1,	1,	2,	29,	uso_300ms_64.wav,	4,	218,	5.37,	4.753082990646362,	15,	0.3
23,	1,	1,	2,	30,	uso_300ms_97.wav,	2,	152,	3.17,	3.8010940551757812,	15,	0.3
23,	1,	1,	2,	31,	uso_300ms_98.wav,	5,	327,	9.0,	3.9825570583343506,	15,	0.3
23,	1,	1,	2,	32,	uso_300ms_90.wav,	1,	124,	2.23,	2.6485137939453125,	15,	0.3
23,	1,	1,	2,	33,	uso_300ms_24.wav,	3,	183,	4.2,	3.726660966873169,	15,	0.3
23,	1,	1,	2,	34,	uso_300ms_83.wav,	4,	266,	6.97,	4.081744194030762,	15,	0.3
23,	1,	1,	2,	35,	uso_300ms_91.wav,	2,	217,	5.33,	4.11791467666626,	15,	0.3
23,	1,	1,	2,	36,	uso_300ms_90.wav,	3,	190,	4.43,	5.031352996826172,	15,	0.3
23,	1,	1,	2,	37,	uso_300ms_87.wav,	2,	139,	2.73,	2.3030333518981934,	15,	0.3
23,	1,	1,	2,	38,	uso_300ms_39.wav,	4,	327,	9.0,	5.326763153076172,	15,	0.3
23,	1,	1,	2,	39,	uso_300ms_88.wav,	5,	428,	12.37,	2.61165452003479,	15,	0.3
23,	1,	1,	2,	40,	uso_300ms_39.wav,	1,	170,	3.77,	4.641592741012573,	15,	0.3
23,	1,	1,	2,	41,	uso_300ms_65.wav,	2,	241,	6.13,	2.718804121017456,	15,	0.3
23,	1,	1,	2,	42,	uso_300ms_10.wav,	5,	319,	8.73,	3.0269086360931396,	15,	0.3
23,	1,	1,	2,	43,	uso_300ms_63.wav,	4,	397,	11.33,	2.7892203330993652,	15,	0.3
23,	1,	1,	2,	44,	uso_300ms_64.wav,	3,	271,	7.13,	5.9947943687438965,	15,	0.3
23,	1,	1,	2,	45,	uso_300ms_8.wav,	1,	137,	2.67,	3.2077198028564453,	15,	0.3
23,	1,	1,	2,	46,	uso_300ms_16.wav,	4,	178,	4.03,	2.162029504776001,	15,	0.3
23,	1,	1,	2,	47,	uso_300ms_2.wav,	5,	212,	5.17,	1.7589497566223145,	15,	0.3
23,	1,	1,	2,	48,	uso_300ms_34.wav,	3,	131,	2.47,	3.2496817111968994,	15,	0.3
23,	1,	1,	2,	49,	uso_300ms_91.wav,	2,	209,	5.07,	2.2587811946868896,	15,	0.3
23,	1,	1,	2,	50,	uso_300ms_43.wav,	1,	104,	1.57,	2.0205225944519043,	15,	0.3
23,	1,	1,	2,	51,	uso_300ms_55.wav,	2,	146,	2.97,	1.6346468925476074,	15,	0.3
23,	1,	1,	2,	52,	uso_300ms_1.wav,	3,	177,	4.0,	3.9047508239746094,	15,	0.3
23,	1,	1,	2,	53,	uso_300ms_82.wav,	5,	332,	9.17,	3.596139907836914,	15,	0.3
23,	1,	1,	2,	54,	uso_300ms_1.wav,	1,	179,	4.07,	2.9691152572631836,	15,	0.3
23,	1,	1,	2,	55,	uso_300ms_61.wav,	4,	336,	9.3,	3.425844430923462,	15,	0.3
23,	1,	1,	2,	56,	uso_300ms_45.wav,	3,	297,	8.0,	3.5459697246551514,	15,	0.3
23,	1,	1,	2,	57,	uso_300ms_93.wav,	2,	159,	3.4,	2.3148417472839355,	15,	0.3
23,	1,	1,	2,	58,	uso_300ms_90.wav,	4,	285,	7.6,	4.0365307331085205,	15,	0.3
23,	1,	1,	2,	59,	uso_300ms_100.wav,	1,	108,	1.7,	2.8938920497894287,	15,	0.3
23,	1,	1,	2,	60,	uso_300ms_48.wav,	5,	289,	7.73,	7.061221361160278,	15,	0.3
23,	1,	1,	2,	61,	uso_300ms_52.wav,	3,	178,	4.03,	2.6425421237945557,	15,	0.3
23,	1,	1,	2,	62,	uso_300ms_91.wav,	5,	331,	9.13,	2.953937292098999,	15,	0.3
23,	1,	1,	2,	63,	uso_300ms_4.wav,	1,	120,	2.1,	7.203099250793457,	15,	0.3
23,	1,	1,	2,	64,	uso_300ms_25.wav,	2,	203,	4.87,	2.4187731742858887,	15,	0.3
23,	1,	1,	2,	65,	uso_300ms_28.wav,	4,	314,	8.57,	7.046154975891113,	15,	0.3
23,	1,	1,	2,	66,	uso_300ms_44.wav,	5,	227,	5.67,	2.4974021911621094,	15,	0.3
23,	1,	1,	2,	67,	uso_300ms_56.wav,	2,	203,	4.87,	5.1462085247039795,	15,	0.3
23,	1,	1,	2,	68,	uso_300ms_30.wav,	1,	115,	1.93,	2.426652431488037,	15,	0.3
23,	1,	1,	2,	69,	uso_300ms_25.wav,	4,	228,	5.7,	1.9348363876342773,	15,	0.3
23,	1,	1,	2,	70,	uso_300ms_42.wav,	3,	178,	4.03,	4.591392755508423,	15,	0.3
23,	1,	1,	2,	71,	uso_300ms_73.wav,	4,	283,	7.53,	2.024538040161133,	15,	0.3
23,	1,	1,	2,	72,	uso_300ms_11.wav,	5,	340,	9.43,	1.8826625347137451,	15,	0.3
23,	1,	1,	2,	73,	uso_300ms_16.wav,	3,	200,	4.77,	1.988523244857788,	15,	0.3
23,	1,	1,	2,	74,	uso_300ms_11.wav,	2,	130,	2.43,	1.8553717136383057,	15,	0.3
23,	1,	1,	2,	75,	uso_300ms_2.wav,	1,	117,	2.0,	2.595945119857788,	15,	0.3
