sub_id,cond_id,block_id,task_id,event_id,stim_id,speaker_id,led_id,led_distance,response_time,n_reps,isi
23,	1,	2,	2,	1,	uso_300ms_17.wav,	5,	90,	1.1,	0.20053410530090332,	15,	0.3
23,	1,	2,	2,	2,	uso_300ms_8.wav,	2,	176,	3.97,	5.642076730728149,	15,	0.3
23,	1,	2,	2,	3,	uso_300ms_27.wav,	4,	156,	3.3,	2.7456130981445312,	15,	0.3
23,	1,	2,	2,	4,	uso_300ms_71.wav,	3,	255,	6.6,	1.7582991123199463,	15,	0.3
23,	1,	2,	2,	5,	uso_300ms_82.wav,	1,	136,	2.63,	2.1347532272338867,	15,	0.3
23,	1,	2,	2,	6,	uso_300ms_65.wav,	5,	248,	6.37,	1.9098691940307617,	15,	0.3
23,	1,	2,	2,	7,	uso_300ms_34.wav,	3,	162,	3.5,	2.010938882827759,	15,	0.3
23,	1,	2,	2,	8,	uso_300ms_50.wav,	2,	137,	2.67,	2.339989423751831,	15,	0.3
23,	1,	2,	2,	9,	uso_300ms_33.wav,	4,	222,	5.5,	2.825373411178589,	15,	0.3
23,	1,	2,	2,	10,	uso_300ms_95.wav,	1,	145,	2.93,	4.156024932861328,	15,	0.3
23,	1,	2,	2,	11,	uso_300ms_97.wav,	2,	190,	4.43,	3.5929553508758545,	15,	0.3
23,	1,	2,	2,	12,	uso_300ms_86.wav,	4,	138,	2.7,	3.3016252517700195,	15,	0.3
23,	1,	2,	2,	13,	uso_300ms_5.wav,	3,	243,	6.2,	2.420079231262207,	15,	0.3
23,	1,	2,	2,	14,	uso_300ms_25.wav,	1,	124,	2.23,	1.9427664279937744,	15,	0.3
23,	1,	2,	2,	15,	uso_300ms_10.wav,	5,	270,	7.1,	3.2670602798461914,	15,	0.3
23,	1,	2,	2,	16,	uso_300ms_16.wav,	2,	198,	4.7,	2.1619763374328613,	15,	0.3
23,	1,	2,	2,	17,	uso_300ms_27.wav,	5,	302,	8.17,	3.00567364692688,	15,	0.3
23,	1,	2,	2,	18,	uso_300ms_92.wav,	1,	164,	3.57,	2.8582141399383545,	15,	0.3
23,	1,	2,	2,	19,	uso_300ms_61.wav,	3,	339,	9.4,	2.8533501625061035,	15,	0.3
23,	1,	2,	2,	20,	uso_300ms_74.wav,	4,	240,	6.1,	3.0994677543640137,	15,	0.3
23,	1,	2,	2,	21,	uso_300ms_77.wav,	3,	160,	3.43,	2.041504383087158,	15,	0.3
23,	1,	2,	2,	22,	uso_300ms_39.wav,	5,	355,	9.93,	2.721987009048462,	15,	0.3
23,	1,	2,	2,	23,	uso_300ms_2.wav,	1,	171,	3.8,	2.414872646331787,	15,	0.3
23,	1,	2,	2,	24,	uso_300ms_10.wav,	2,	175,	3.93,	4.421281576156616,	15,	0.3
23,	1,	2,	2,	25,	uso_300ms_57.wav,	4,	149,	3.07,	1.8383598327636719,	15,	0.3
23,	1,	2,	2,	26,	uso_300ms_48.wav,	1,	201,	4.8,	4.849973917007446,	15,	0.3
23,	1,	2,	2,	27,	uso_300ms_87.wav,	2,	159,	3.4,	1.8299236297607422,	15,	0.3
23,	1,	2,	2,	28,	uso_300ms_55.wav,	4,	277,	7.33,	2.8963468074798584,	15,	0.3
23,	1,	2,	2,	29,	uso_300ms_37.wav,	5,	233,	5.87,	4.218486309051514,	15,	0.3
23,	1,	2,	2,	30,	uso_300ms_43.wav,	3,	170,	3.77,	5.565515518188477,	15,	0.3
23,	1,	2,	2,	31,	uso_300ms_60.wav,	4,	324,	8.9,	2.825277805328369,	15,	0.3
23,	1,	2,	2,	32,	uso_300ms_35.wav,	5,	290,	7.77,	6.930385589599609,	15,	0.3
23,	1,	2,	2,	33,	uso_300ms_89.wav,	3,	185,	4.27,	2.737278461456299,	15,	0.3
23,	1,	2,	2,	34,	uso_300ms_72.wav,	1,	134,	2.57,	1.4887406826019287,	15,	0.3
23,	1,	2,	2,	35,	uso_300ms_92.wav,	2,	210,	5.1,	3.0974369049072266,	15,	0.3
23,	1,	2,	2,	36,	uso_300ms_29.wav,	5,	331,	9.13,	3.0822932720184326,	15,	0.3
23,	1,	2,	2,	37,	uso_300ms_75.wav,	1,	187,	4.33,	3.400827646255493,	15,	0.3
23,	1,	2,	2,	38,	uso_300ms_20.wav,	2,	270,	7.1,	4.667667627334595,	15,	0.3
23,	1,	2,	2,	39,	uso_300ms_26.wav,	3,	212,	5.17,	3.1831140518188477,	15,	0.3
23,	1,	2,	2,	40,	uso_300ms_37.wav,	4,	361,	10.13,	4.261858701705933,	15,	0.3
23,	1,	2,	2,	41,	uso_300ms_17.wav,	3,	265,	6.93,	4.838743209838867,	15,	0.3
23,	1,	2,	2,	42,	uso_300ms_52.wav,	4,	334,	9.23,	2.982085943222046,	15,	0.3
23,	1,	2,	2,	43,	uso_300ms_52.wav,	1,	182,	4.17,	2.402101993560791,	15,	0.3
23,	1,	2,	2,	44,	uso_300ms_70.wav,	2,	263,	6.87,	2.341148853302002,	15,	0.3
23,	1,	2,	2,	45,	uso_300ms_66.wav,	5,	306,	8.3,	1.9330501556396484,	15,	0.3
23,	1,	2,	2,	46,	uso_300ms_86.wav,	3,	249,	6.4,	5.2922844886779785,	15,	0.3
23,	1,	2,	2,	47,	uso_300ms_24.wav,	2,	199,	4.73,	3.672710418701172,	15,	0.3
23,	1,	2,	2,	48,	uso_300ms_75.wav,	4,	286,	7.63,	2.06840181350708,	15,	0.3
23,	1,	2,	2,	49,	uso_300ms_21.wav,	5,	344,	9.57,	3.7414064407348633,	15,	0.3
23,	1,	2,	2,	50,	uso_300ms_44.wav,	1,	147,	3.0,	3.277865409851074,	15,	0.3
23,	1,	2,	2,	51,	uso_300ms_90.wav,	5,	214,	5.23,	2.714486598968506,	15,	0.3
23,	1,	2,	2,	52,	uso_300ms_33.wav,	3,	153,	3.2,	3.6370315551757812,	15,	0.3
23,	1,	2,	2,	53,	uso_300ms_37.wav,	4,	308,	8.37,	2.7896435260772705,	15,	0.3
23,	1,	2,	2,	54,	uso_300ms_18.wav,	2,	210,	5.1,	1.959730863571167,	15,	0.3
23,	1,	2,	2,	55,	uso_300ms_97.wav,	1,	156,	3.3,	2.2120933532714844,	15,	0.3
23,	1,	2,	2,	56,	uso_300ms_51.wav,	3,	194,	4.57,	2.6072511672973633,	15,	0.3
23,	1,	2,	2,	57,	uso_300ms_53.wav,	1,	124,	2.23,	3.5070159435272217,	15,	0.3
23,	1,	2,	2,	58,	uso_300ms_45.wav,	2,	157,	3.33,	2.7621593475341797,	15,	0.3
23,	1,	2,	2,	59,	uso_300ms_60.wav,	5,	240,	6.1,	5.824880123138428,	15,	0.3
23,	1,	2,	2,	60,	uso_300ms_58.wav,	4,	182,	4.17,	6.6445982456207275,	15,	0.3
23,	1,	2,	2,	61,	uso_300ms_43.wav,	5,	331,	9.13,	2.778024911880493,	15,	0.3
23,	1,	2,	2,	62,	uso_300ms_79.wav,	1,	193,	4.53,	2.6912777423858643,	15,	0.3
23,	1,	2,	2,	63,	uso_300ms_19.wav,	2,	154,	3.23,	2.9440407752990723,	15,	0.3
23,	1,	2,	2,	64,	uso_300ms_75.wav,	4,	251,	6.47,	3.780766248703003,	15,	0.3
23,	1,	2,	2,	65,	uso_300ms_35.wav,	3,	225,	5.6,	3.3601105213165283,	15,	0.3
23,	1,	2,	2,	66,	uso_300ms_67.wav,	5,	279,	7.4,	4.825460195541382,	15,	0.3
23,	1,	2,	2,	67,	uso_300ms_77.wav,	3,	209,	5.07,	2.942040205001831,	15,	0.3
23,	1,	2,	2,	68,	uso_300ms_87.wav,	4,	294,	7.9,	5.668525457382202,	15,	0.3
23,	1,	2,	2,	69,	uso_300ms_77.wav,	2,	358,	10.03,	3.3599507808685303,	15,	0.3
23,	1,	2,	2,	70,	uso_300ms_66.wav,	1,	160,	3.43,	3.108527421951294,	15,	0.3
23,	1,	2,	2,	71,	uso_300ms_77.wav,	3,	263,	6.87,	2.8680191040039062,	15,	0.3
23,	1,	2,	2,	72,	uso_300ms_13.wav,	4,	356,	9.97,	3.747462272644043,	15,	0.3
23,	1,	2,	2,	73,	uso_300ms_60.wav,	2,	257,	6.67,	4.40632176399231,	15,	0.3
23,	1,	2,	2,	74,	uso_300ms_87.wav,	1,	166,	3.63,	2.66131854057312,	15,	0.3
23,	1,	2,	2,	75,	uso_300ms_9.wav,	5,	315,	8.6,	2.254117012023926,	15,	0.3
