sub_id,cond_id,block_id,task_id,event_id,stim_id,speaker_id,led_id,led_distance,response_time,n_reps,isi
23,	1,	4,	2,	1,	uso_300ms_36.wav,	4,	90,	1.1,	0.20089936256408691,	15,	0.3
23,	1,	4,	2,	2,	uso_300ms_79.wav,	1,	209,	5.07,	3.1755435466766357,	15,	0.3
23,	1,	4,	2,	3,	uso_300ms_85.wav,	3,	172,	3.83,	4.669259548187256,	15,	0.3
23,	1,	4,	2,	4,	uso_300ms_91.wav,	2,	219,	5.4,	4.359685659408569,	15,	0.3
23,	1,	4,	2,	5,	uso_300ms_46.wav,	5,	281,	7.47,	2.2930309772491455,	15,	0.3
23,	1,	4,	2,	6,	uso_300ms_19.wav,	4,	253,	6.53,	4.372288942337036,	15,	0.3
23,	1,	4,	2,	7,	uso_300ms_23.wav,	1,	153,	3.2,	2.8877625465393066,	15,	0.3
23,	1,	4,	2,	8,	uso_300ms_80.wav,	5,	362,	10.17,	5.10621452331543,	15,	0.3
23,	1,	4,	2,	9,	uso_300ms_58.wav,	3,	289,	7.73,	3.755361318588257,	15,	0.3
23,	1,	4,	2,	10,	uso_300ms_82.wav,	2,	221,	5.47,	2.6749796867370605,	15,	0.3
23,	1,	4,	2,	11,	uso_300ms_69.wav,	5,	292,	7.83,	3.2073028087615967,	15,	0.3
23,	1,	4,	2,	12,	uso_300ms_67.wav,	3,	365,	10.27,	8.258524417877197,	15,	0.3
23,	1,	4,	2,	13,	uso_300ms_89.wav,	1,	196,	4.63,	3.0786070823669434,	15,	0.3
23,	1,	4,	2,	14,	uso_300ms_44.wav,	2,	279,	7.4,	3.2034895420074463,	15,	0.3
23,	1,	4,	2,	15,	uso_300ms_9.wav,	4,	245,	6.27,	7.539456605911255,	15,	0.3
23,	1,	4,	2,	16,	uso_300ms_78.wav,	3,	366,	10.3,	2.6505727767944336,	15,	0.3
23,	1,	4,	2,	17,	uso_300ms_84.wav,	4,	309,	8.4,	3.5189363956451416,	15,	0.3
23,	1,	4,	2,	18,	uso_300ms_2.wav,	5,	223,	5.53,	3.891767978668213,	15,	0.3
23,	1,	4,	2,	19,	uso_300ms_17.wav,	2,	194,	4.57,	2.4249744415283203,	15,	0.3
23,	1,	4,	2,	20,	uso_300ms_50.wav,	1,	140,	2.77,	2.6099369525909424,	15,	0.3
23,	1,	4,	2,	21,	uso_300ms_69.wav,	2,	187,	4.33,	2.6833457946777344,	15,	0.3
23,	1,	4,	2,	22,	uso_300ms_6.wav,	5,	274,	7.23,	3.487624168395996,	15,	0.3
23,	1,	4,	2,	23,	uso_300ms_10.wav,	3,	355,	9.93,	4.416304111480713,	15,	0.3
23,	1,	4,	2,	24,	uso_300ms_7.wav,	4,	271,	7.13,	3.636043071746826,	15,	0.3
23,	1,	4,	2,	25,	uso_300ms_13.wav,	1,	154,	3.23,	2.024294376373291,	15,	0.3
23,	1,	4,	2,	26,	uso_300ms_79.wav,	4,	245,	6.27,	1.7902438640594482,	15,	0.3
23,	1,	4,	2,	27,	uso_300ms_7.wav,	1,	219,	5.4,	5.416142225265503,	15,	0.3
23,	1,	4,	2,	28,	uso_300ms_95.wav,	3,	359,	10.07,	2.8764381408691406,	15,	0.3
23,	1,	4,	2,	29,	uso_300ms_33.wav,	2,	393,	11.2,	5.685089349746704,	15,	0.3
23,	1,	4,	2,	30,	uso_300ms_43.wav,	5,	298,	8.03,	3.3680567741394043,	15,	0.3
23,	1,	4,	2,	31,	uso_300ms_64.wav,	1,	225,	5.6,	2.4624533653259277,	15,	0.3
23,	1,	4,	2,	32,	uso_300ms_97.wav,	5,	297,	8.0,	3.2940621376037598,	15,	0.3
23,	1,	4,	2,	33,	uso_300ms_33.wav,	4,	393,	11.2,	5.1940391063690186,	15,	0.3
23,	1,	4,	2,	34,	uso_300ms_95.wav,	3,	321,	8.8,	3.109506130218506,	15,	0.3
23,	1,	4,	2,	35,	uso_300ms_66.wav,	2,	199,	4.73,	3.945064067840576,	15,	0.3
23,	1,	4,	2,	36,	uso_300ms_11.wav,	5,	296,	7.97,	3.506452798843384,	15,	0.3
23,	1,	4,	2,	37,	uso_300ms_15.wav,	3,	241,	6.13,	3.1009082794189453,	15,	0.3
23,	1,	4,	2,	38,	uso_300ms_68.wav,	4,	389,	11.07,	5.803328990936279,	15,	0.3
23,	1,	4,	2,	39,	uso_300ms_31.wav,	2,	242,	6.17,	2.6288015842437744,	15,	0.3
23,	1,	4,	2,	40,	uso_300ms_87.wav,	1,	152,	3.17,	2.558894634246826,	15,	0.3
23,	1,	4,	2,	41,	uso_300ms_93.wav,	3,	201,	4.8,	1.9523060321807861,	15,	0.3
23,	1,	4,	2,	42,	uso_300ms_45.wav,	1,	128,	2.37,	2.8989036083221436,	15,	0.3
23,	1,	4,	2,	43,	uso_300ms_82.wav,	4,	261,	6.8,	3.2471511363983154,	15,	0.3
23,	1,	4,	2,	44,	uso_300ms_52.wav,	2,	140,	2.77,	3.4252500534057617,	15,	0.3
23,	1,	4,	2,	45,	uso_300ms_38.wav,	5,	237,	6.0,	3.3938210010528564,	15,	0.3
23,	1,	4,	2,	46,	uso_300ms_92.wav,	1,	134,	2.57,	5.3625853061676025,	15,	0.3
23,	1,	4,	2,	47,	uso_300ms_39.wav,	3,	231,	5.8,	5.87902569770813,	15,	0.3
23,	1,	4,	2,	48,	uso_300ms_39.wav,	5,	371,	10.47,	3.0877506732940674,	15,	0.3
23,	1,	4,	2,	49,	uso_300ms_33.wav,	4,	273,	7.2,	5.248366594314575,	15,	0.3
23,	1,	4,	2,	50,	uso_300ms_21.wav,	2,	302,	8.17,	3.3962931632995605,	15,	0.3
23,	1,	4,	2,	51,	uso_300ms_41.wav,	1,	199,	4.73,	2.1749801635742188,	15,	0.3
23,	1,	4,	2,	52,	uso_300ms_26.wav,	5,	273,	7.2,	2.219836473464966,	15,	0.3
23,	1,	4,	2,	53,	uso_300ms_60.wav,	3,	163,	3.53,	2.1948835849761963,	15,	0.3
23,	1,	4,	2,	54,	uso_300ms_60.wav,	4,	163,	3.53,	1.3948066234588623,	15,	0.3
23,	1,	4,	2,	55,	uso_300ms_23.wav,	2,	179,	4.07,	4.45527720451355,	15,	0.3
23,	1,	4,	2,	56,	uso_300ms_1.wav,	5,	248,	6.37,	2.9228405952453613,	15,	0.3
23,	1,	4,	2,	57,	uso_300ms_10.wav,	4,	312,	8.5,	2.8818626403808594,	15,	0.3
23,	1,	4,	2,	58,	uso_300ms_29.wav,	3,	244,	6.23,	3.2412068843841553,	15,	0.3
23,	1,	4,	2,	59,	uso_300ms_94.wav,	1,	131,	2.47,	2.9603641033172607,	15,	0.3
23,	1,	4,	2,	60,	uso_300ms_94.wav,	2,	131,	2.47,	1.7532432079315186,	15,	0.3
23,	1,	4,	2,	61,	uso_300ms_51.wav,	4,	313,	8.53,	3.9578797817230225,	15,	0.3
23,	1,	4,	2,	62,	uso_300ms_98.wav,	2,	218,	5.37,	3.1493940353393555,	15,	0.3
23,	1,	4,	2,	63,	uso_300ms_31.wav,	1,	246,	6.3,	6.50675892829895,	15,	0.3
23,	1,	4,	2,	64,	uso_300ms_54.wav,	5,	400,	11.43,	4.137619733810425,	15,	0.3
23,	1,	4,	2,	65,	uso_300ms_7.wav,	3,	293,	7.87,	2.156005859375,	15,	0.3
23,	1,	4,	2,	66,	uso_300ms_78.wav,	5,	174,	3.9,	2.8655595779418945,	15,	0.3
23,	1,	4,	2,	67,	uso_300ms_88.wav,	3,	234,	5.9,	3.704885244369507,	15,	0.3
23,	1,	4,	2,	68,	uso_300ms_82.wav,	1,	155,	3.27,	2.8603506088256836,	15,	0.3
23,	1,	4,	2,	69,	uso_300ms_54.wav,	4,	249,	6.4,	4.932123184204102,	15,	0.3
23,	1,	4,	2,	70,	uso_300ms_85.wav,	2,	141,	2.8,	3.6493048667907715,	15,	0.3
23,	1,	4,	2,	71,	uso_300ms_15.wav,	1,	289,	7.73,	8.303752899169922,	15,	0.3
23,	1,	4,	2,	72,	uso_300ms_28.wav,	5,	426,	12.3,	3.833083391189575,	15,	0.3
23,	1,	4,	2,	73,	uso_300ms_14.wav,	3,	251,	6.47,	3.650067090988159,	15,	0.3
23,	1,	4,	2,	74,	uso_300ms_54.wav,	2,	367,	10.33,	2.8935203552246094,	15,	0.3
23,	1,	4,	2,	75,	uso_300ms_40.wav,	4,	336,	9.3,	3.1617162227630615,	15,	0.3
