sub_id,cond_id,block_id,task_id,event_id,stim_id,speaker_id,led_id,led_distance,response_time,n_reps,isi
Basti,	1,	2,	2,	1,	uso_300ms_47.wav,	1,	126,	2.3,	1.4400978088378906,	15,	0.3
Basti,	1,	2,	2,	2,	uso_300ms_24.wav,	2,	173,	3.87,	1.1559655666351318,	15,	0.3
Basti,	1,	2,	2,	3,	uso_300ms_16.wav,	4,	235,	5.93,	1.3073770999908447,	15,	0.3
Basti,	1,	2,	2,	4,	uso_300ms_26.wav,	3,	268,	7.03,	1.8349177837371826,	15,	0.3
Basti,	1,	2,	2,	5,	uso_300ms_98.wav,	5,	204,	4.9,	1.4633188247680664,	15,	0.3
Basti,	1,	2,	2,	6,	uso_300ms_65.wav,	1,	148,	3.03,	1.484581470489502,	15,	0.3
Basti,	1,	2,	2,	7,	uso_300ms_50.wav,	2,	169,	3.73,	1.498612880706787,	15,	0.3
Basti,	1,	2,	2,	8,	uso_300ms_26.wav,	4,	223,	5.53,	1.371415615081787,	15,	0.3
Basti,	1,	2,	2,	9,	uso_300ms_10.wav,	3,	197,	4.67,	1.5939571857452393,	15,	0.3
Basti,	1,	2,	2,	10,	uso_300ms_14.wav,	5,	243,	6.2,	1.3020122051239014,	15,	0.3
Basti,	1,	2,	2,	11,	uso_300ms_32.wav,	1,	168,	3.7,	1.7037944793701172,	15,	0.3
Basti,	1,	2,	2,	12,	uso_300ms_61.wav,	5,	197,	4.67,	1.4712395668029785,	15,	0.3
Basti,	1,	2,	2,	13,	uso_300ms_90.wav,	3,	182,	4.17,	2.014752149581909,	15,	0.3
Basti,	1,	2,	2,	14,	uso_300ms_47.wav,	4,	225,	5.6,	1.385082721710205,	15,	0.3
Basti,	1,	2,	2,	15,	uso_300ms_87.wav,	2,	165,	3.6,	1.4267888069152832,	15,	0.3
Basti,	1,	2,	2,	16,	uso_300ms_3.wav,	5,	267,	7.0,	1.528566598892212,	15,	0.3
Basti,	1,	2,	2,	17,	uso_300ms_4.wav,	4,	237,	6.0,	1.497222661972046,	15,	0.3
Basti,	1,	2,	2,	18,	uso_300ms_33.wav,	2,	175,	3.93,	1.3300306797027588,	15,	0.3
Basti,	1,	2,	2,	19,	uso_300ms_32.wav,	1,	143,	2.87,	1.3154377937316895,	15,	0.3
Basti,	1,	2,	2,	20,	uso_300ms_67.wav,	3,	173,	3.87,	1.5724802017211914,	15,	0.3
Basti,	1,	2,	2,	21,	uso_300ms_31.wav,	2,	209,	5.07,	1.6243760585784912,	15,	0.3
Basti,	1,	2,	2,	22,	uso_300ms_54.wav,	4,	239,	6.07,	1.0213096141815186,	15,	0.3
Basti,	1,	2,	2,	23,	uso_300ms_80.wav,	3,	206,	4.97,	1.433234453201294,	15,	0.3
Basti,	1,	2,	2,	24,	uso_300ms_47.wav,	5,	249,	6.4,	1.2590398788452148,	15,	0.3
Basti,	1,	2,	2,	25,	uso_300ms_40.wav,	1,	160,	3.43,	1.4179110527038574,	15,	0.3
Basti,	1,	2,	2,	26,	uso_300ms_99.wav,	4,	246,	6.3,	1.4151403903961182,	15,	0.3
Basti,	1,	2,	2,	27,	uso_300ms_91.wav,	3,	208,	5.03,	1.6874709129333496,	15,	0.3
Basti,	1,	2,	2,	28,	uso_300ms_2.wav,	2,	165,	3.6,	1.2800979614257812,	15,	0.3
Basti,	1,	2,	2,	29,	uso_300ms_26.wav,	5,	235,	5.93,	1.4076225757598877,	15,	0.3
Basti,	1,	2,	2,	30,	uso_300ms_70.wav,	1,	138,	2.7,	1.5831010341644287,	15,	0.3
Basti,	1,	2,	2,	31,	uso_300ms_80.wav,	2,	171,	3.8,	1.5508131980895996,	15,	0.3
Basti,	1,	2,	2,	32,	uso_300ms_17.wav,	4,	206,	4.97,	1.3614330291748047,	15,	0.3
Basti,	1,	2,	2,	33,	uso_300ms_19.wav,	3,	180,	4.1,	1.376143217086792,	15,	0.3
Basti,	1,	2,	2,	34,	uso_300ms_8.wav,	1,	154,	3.23,	1.485360860824585,	15,	0.3
Basti,	1,	2,	2,	35,	uso_300ms_45.wav,	5,	225,	5.6,	1.6952629089355469,	15,	0.3
Basti,	1,	2,	2,	36,	uso_300ms_68.wav,	1,	179,	4.07,	2.0667238235473633,	15,	0.3
Basti,	1,	2,	2,	37,	uso_300ms_7.wav,	4,	218,	5.37,	1.5789265632629395,	15,	0.3
Basti,	1,	2,	2,	38,	uso_300ms_40.wav,	5,	245,	6.27,	1.7056453227996826,	15,	0.3
Basti,	1,	2,	2,	39,	uso_300ms_79.wav,	2,	209,	5.07,	1.502211570739746,	15,	0.3
Basti,	1,	2,	2,	40,	uso_300ms_22.wav,	3,	247,	6.33,	1.2636654376983643,	15,	0.3
Basti,	1,	2,	2,	41,	uso_300ms_92.wav,	5,	220,	5.43,	2.0065743923187256,	15,	0.3
Basti,	1,	2,	2,	42,	uso_300ms_50.wav,	4,	194,	4.57,	1.369755744934082,	15,	0.3
Basti,	1,	2,	2,	43,	uso_300ms_61.wav,	2,	165,	3.6,	1.6543512344360352,	15,	0.3
Basti,	1,	2,	2,	44,	uso_300ms_39.wav,	3,	213,	5.2,	1.3453645706176758,	15,	0.3
Basti,	1,	2,	2,	45,	uso_300ms_2.wav,	1,	129,	2.4,	2.0236403942108154,	15,	0.3
Basti,	1,	2,	2,	46,	uso_300ms_23.wav,	5,	195,	4.6,	1.555755376815796,	15,	0.3
Basti,	1,	2,	2,	47,	uso_300ms_9.wav,	1,	150,	3.1,	1.43654465675354,	15,	0.3
Basti,	1,	2,	2,	48,	uso_300ms_90.wav,	2,	198,	4.7,	1.3798835277557373,	15,	0.3
Basti,	1,	2,	2,	49,	uso_300ms_45.wav,	3,	235,	5.93,	1.4280290603637695,	15,	0.3
Basti,	1,	2,	2,	50,	uso_300ms_27.wav,	4,	189,	4.4,	1.5256941318511963,	15,	0.3
Basti,	1,	2,	2,	51,	uso_300ms_53.wav,	2,	161,	3.47,	1.308919906616211,	15,	0.3
Basti,	1,	2,	2,	52,	uso_300ms_20.wav,	1,	134,	2.57,	1.4013383388519287,	15,	0.3
Basti,	1,	2,	2,	53,	uso_300ms_76.wav,	4,	206,	4.97,	1.4584619998931885,	15,	0.3
Basti,	1,	2,	2,	54,	uso_300ms_14.wav,	3,	169,	3.73,	1.549666166305542,	15,	0.3
Basti,	1,	2,	2,	55,	uso_300ms_9.wav,	5,	218,	5.37,	1.6260075569152832,	15,	0.3
Basti,	1,	2,	2,	56,	uso_300ms_55.wav,	3,	173,	3.87,	1.9006497859954834,	15,	0.3
Basti,	1,	2,	2,	57,	uso_300ms_88.wav,	1,	136,	2.63,	1.2984709739685059,	15,	0.3
Basti,	1,	2,	2,	58,	uso_300ms_34.wav,	4,	176,	3.97,	1.7946341037750244,	15,	0.3
Basti,	1,	2,	2,	59,	uso_300ms_85.wav,	2,	141,	2.8,	1.2724802494049072,	15,	0.3
Basti,	1,	2,	2,	60,	uso_300ms_2.wav,	5,	182,	4.17,	1.4934892654418945,	15,	0.3
Basti,	1,	2,	2,	61,	uso_300ms_30.wav,	2,	170,	3.77,	1.6713080406188965,	15,	0.3
Basti,	1,	2,	2,	62,	uso_300ms_86.wav,	3,	220,	5.43,	1.3062164783477783,	15,	0.3
Basti,	1,	2,	2,	63,	uso_300ms_94.wav,	4,	198,	4.7,	1.647080898284912,	15,	0.3
Basti,	1,	2,	2,	64,	uso_300ms_8.wav,	5,	221,	5.47,	2.2610397338867188,	15,	0.3
Basti,	1,	2,	2,	65,	uso_300ms_84.wav,	1,	144,	2.9,	1.734217643737793,	15,	0.3
Basti,	1,	2,	2,	66,	uso_300ms_90.wav,	5,	222,	5.5,	1.5935866832733154,	15,	0.3
Basti,	1,	2,	2,	67,	uso_300ms_54.wav,	4,	254,	6.57,	1.751849889755249,	15,	0.3
Basti,	1,	2,	2,	68,	uso_300ms_9.wav,	2,	178,	4.03,	1.6386725902557373,	15,	0.3
Basti,	1,	2,	2,	69,	uso_300ms_11.wav,	1,	156,	3.3,	1.49540376663208,	15,	0.3
Basti,	1,	2,	2,	70,	uso_300ms_84.wav,	3,	189,	4.4,	2.179661512374878,	15,	0.3
Basti,	1,	2,	2,	71,	uso_300ms_64.wav,	1,	142,	2.83,	1.456411600112915,	15,	0.3
Basti,	1,	2,	2,	72,	uso_300ms_88.wav,	5,	199,	4.73,	1.4030234813690186,	15,	0.3
Basti,	1,	2,	2,	73,	uso_300ms_2.wav,	4,	171,	3.8,	1.2332510948181152,	15,	0.3
Basti,	1,	2,	2,	74,	uso_300ms_81.wav,	2,	188,	4.37,	1.2200689315795898,	15,	0.3
Basti,	1,	2,	2,	75,	uso_300ms_37.wav,	3,	223,	5.53,	1.9712333679199219,	15,	0.3
