sub_id,cond_id,block_id,task_id,event_id,stim_id,speaker_id,led_id,led_distance,response_time,n_reps,isi
Basti,	1,	1,	2,	1,	uso_300ms_97.wav,	2,	154,	3.23,	2.1732490062713623,	15,	0.3
Basti,	1,	1,	2,	2,	uso_300ms_14.wav,	5,	191,	4.47,	1.8726754188537598,	15,	0.3
Basti,	1,	1,	2,	3,	uso_300ms_85.wav,	3,	168,	3.7,	2.0577845573425293,	15,	0.3
Basti,	1,	1,	2,	4,	uso_300ms_81.wav,	4,	226,	5.63,	1.7109739780426025,	15,	0.3
Basti,	1,	1,	2,	5,	uso_300ms_31.wav,	1,	144,	2.9,	1.7769722938537598,	15,	0.3
Basti,	1,	1,	2,	6,	uso_300ms_38.wav,	5,	222,	5.5,	1.708193063735962,	15,	0.3
Basti,	1,	1,	2,	7,	uso_300ms_34.wav,	2,	177,	4.0,	1.7876222133636475,	15,	0.3
Basti,	1,	1,	2,	8,	uso_300ms_93.wav,	3,	143,	2.87,	1.3966882228851318,	15,	0.3
Basti,	1,	1,	2,	9,	uso_300ms_28.wav,	1,	134,	2.57,	2.1782584190368652,	15,	0.3
Basti,	1,	1,	2,	10,	uso_300ms_24.wav,	4,	216,	5.3,	2.0044548511505127,	15,	0.3
Basti,	1,	1,	2,	11,	uso_300ms_54.wav,	3,	184,	4.23,	1.826587438583374,	15,	0.3
Basti,	1,	1,	2,	12,	uso_300ms_17.wav,	2,	159,	3.4,	1.6632804870605469,	15,	0.3
Basti,	1,	1,	2,	13,	uso_300ms_23.wav,	5,	220,	5.43,	1.6573326587677002,	15,	0.3
Basti,	1,	1,	2,	14,	uso_300ms_87.wav,	1,	154,	3.23,	1.8847737312316895,	15,	0.3
Basti,	1,	1,	2,	15,	uso_300ms_50.wav,	4,	211,	5.13,	1.8291399478912354,	15,	0.3
Basti,	1,	1,	2,	16,	uso_300ms_97.wav,	2,	177,	4.0,	1.631561517715454,	15,	0.3
Basti,	1,	1,	2,	17,	uso_300ms_16.wav,	4,	208,	5.03,	1.325463056564331,	15,	0.3
Basti,	1,	1,	2,	18,	uso_300ms_50.wav,	1,	166,	3.63,	1.4523801803588867,	15,	0.3
Basti,	1,	1,	2,	19,	uso_300ms_65.wav,	5,	196,	4.63,	1.1399116516113281,	15,	0.3
Basti,	1,	1,	2,	20,	uso_300ms_100.wav,	3,	155,	3.27,	1.951063871383667,	15,	0.3
Basti,	1,	1,	2,	21,	uso_300ms_8.wav,	1,	141,	2.8,	1.4927928447723389,	15,	0.3
Basti,	1,	1,	2,	22,	uso_300ms_45.wav,	5,	199,	4.73,	1.7998144626617432,	15,	0.3
Basti,	1,	1,	2,	23,	uso_300ms_89.wav,	3,	175,	3.93,	1.7204010486602783,	15,	0.3
Basti,	1,	1,	2,	24,	uso_300ms_45.wav,	4,	233,	5.87,	1.5094006061553955,	15,	0.3
Basti,	1,	1,	2,	25,	uso_300ms_96.wav,	2,	178,	4.03,	1.7479002475738525,	15,	0.3
Basti,	1,	1,	2,	26,	uso_300ms_66.wav,	4,	197,	4.67,	1.6149003505706787,	15,	0.3
Basti,	1,	1,	2,	27,	uso_300ms_56.wav,	5,	212,	5.17,	1.3917107582092285,	15,	0.3
Basti,	1,	1,	2,	28,	uso_300ms_91.wav,	1,	160,	3.43,	1.5304858684539795,	15,	0.3
Basti,	1,	1,	2,	29,	uso_300ms_46.wav,	2,	189,	4.4,	1.6353325843811035,	15,	0.3
Basti,	1,	1,	2,	30,	uso_300ms_57.wav,	3,	212,	5.17,	1.5113203525543213,	15,	0.3
Basti,	1,	1,	2,	31,	uso_300ms_63.wav,	2,	175,	3.93,	1.37192702293396,	15,	0.3
Basti,	1,	1,	2,	32,	uso_300ms_79.wav,	1,	145,	2.93,	1.400545597076416,	15,	0.3
Basti,	1,	1,	2,	33,	uso_300ms_9.wav,	5,	177,	4.0,	1.3613700866699219,	15,	0.3
Basti,	1,	1,	2,	34,	uso_300ms_97.wav,	3,	187,	4.33,	1.6914570331573486,	15,	0.3
Basti,	1,	1,	2,	35,	uso_300ms_81.wav,	4,	219,	5.4,	1.3983993530273438,	15,	0.3
Basti,	1,	1,	2,	36,	uso_300ms_25.wav,	3,	160,	3.43,	1.8019442558288574,	15,	0.3
Basti,	1,	1,	2,	37,	uso_300ms_59.wav,	4,	197,	4.67,	1.5580244064331055,	15,	0.3
Basti,	1,	1,	2,	38,	uso_300ms_5.wav,	2,	146,	2.97,	2.4308669567108154,	15,	0.3
Basti,	1,	1,	2,	39,	uso_300ms_78.wav,	1,	130,	2.43,	1.5567212104797363,	15,	0.3
Basti,	1,	1,	2,	40,	uso_300ms_54.wav,	5,	186,	4.3,	1.6502594947814941,	15,	0.3
Basti,	1,	1,	2,	41,	uso_300ms_42.wav,	3,	225,	5.6,	1.3092763423919678,	15,	0.3
Basti,	1,	1,	2,	42,	uso_300ms_63.wav,	1,	142,	2.83,	1.684157133102417,	15,	0.3
Basti,	1,	1,	2,	43,	uso_300ms_35.wav,	2,	197,	4.67,	1.8382034301757812,	15,	0.3
Basti,	1,	1,	2,	44,	uso_300ms_88.wav,	4,	174,	3.9,	1.4354324340820312,	15,	0.3
Basti,	1,	1,	2,	45,	uso_300ms_33.wav,	5,	201,	4.8,	1.6461124420166016,	15,	0.3
Basti,	1,	1,	2,	46,	uso_300ms_50.wav,	4,	157,	3.33,	1.4480338096618652,	15,	0.3
Basti,	1,	1,	2,	47,	uso_300ms_96.wav,	1,	144,	2.9,	1.4230759143829346,	15,	0.3
Basti,	1,	1,	2,	48,	uso_300ms_49.wav,	3,	189,	4.4,	1.7320678234100342,	15,	0.3
Basti,	1,	1,	2,	49,	uso_300ms_93.wav,	5,	227,	5.67,	1.5923476219177246,	15,	0.3
Basti,	1,	1,	2,	50,	uso_300ms_62.wav,	2,	161,	3.47,	1.7962422370910645,	15,	0.3
Basti,	1,	1,	2,	51,	uso_300ms_92.wav,	5,	206,	4.97,	1.6274428367614746,	15,	0.3
Basti,	1,	1,	2,	52,	uso_300ms_92.wav,	2,	147,	3.0,	1.4262075424194336,	15,	0.3
Basti,	1,	1,	2,	53,	uso_300ms_1.wav,	1,	136,	2.63,	1.2561750411987305,	15,	0.3
Basti,	1,	1,	2,	54,	uso_300ms_91.wav,	3,	207,	5.0,	1.6183362007141113,	15,	0.3
Basti,	1,	1,	2,	55,	uso_300ms_38.wav,	4,	165,	3.6,	1.8123054504394531,	15,	0.3
Basti,	1,	1,	2,	56,	uso_300ms_25.wav,	2,	146,	2.97,	1.5255324840545654,	15,	0.3
Basti,	1,	1,	2,	57,	uso_300ms_61.wav,	3,	180,	4.1,	1.4824566841125488,	15,	0.3
Basti,	1,	1,	2,	58,	uso_300ms_97.wav,	1,	136,	2.63,	1.6089122295379639,	15,	0.3
Basti,	1,	1,	2,	59,	uso_300ms_48.wav,	5,	230,	5.77,	1.3659486770629883,	15,	0.3
Basti,	1,	1,	2,	60,	uso_300ms_88.wav,	4,	196,	4.63,	1.9409706592559814,	15,	0.3
Basti,	1,	1,	2,	61,	uso_300ms_22.wav,	5,	152,	3.17,	1.4374516010284424,	15,	0.3
Basti,	1,	1,	2,	62,	uso_300ms_9.wav,	4,	185,	4.27,	1.7925643920898438,	15,	0.3
Basti,	1,	1,	2,	63,	uso_300ms_42.wav,	2,	147,	3.0,	1.4673867225646973,	15,	0.3
Basti,	1,	1,	2,	64,	uso_300ms_8.wav,	3,	189,	4.4,	1.4632666110992432,	15,	0.3
Basti,	1,	1,	2,	65,	uso_300ms_54.wav,	1,	139,	2.73,	1.6849734783172607,	15,	0.3
Basti,	1,	1,	2,	66,	uso_300ms_86.wav,	2,	187,	4.33,	1.4527511596679688,	15,	0.3
Basti,	1,	1,	2,	67,	uso_300ms_13.wav,	5,	222,	5.5,	1.7201712131500244,	15,	0.3
Basti,	1,	1,	2,	68,	uso_300ms_94.wav,	3,	168,	3.7,	1.6144506931304932,	15,	0.3
Basti,	1,	1,	2,	69,	uso_300ms_10.wav,	1,	135,	2.6,	1.2581946849822998,	15,	0.3
Basti,	1,	1,	2,	70,	uso_300ms_66.wav,	4,	181,	4.13,	1.5262887477874756,	15,	0.3
Basti,	1,	1,	2,	71,	uso_300ms_91.wav,	2,	168,	3.7,	1.776646375656128,	15,	0.3
Basti,	1,	1,	2,	72,	uso_300ms_90.wav,	5,	216,	5.3,	2.054746150970459,	15,	0.3
Basti,	1,	1,	2,	73,	uso_300ms_67.wav,	3,	158,	3.37,	1.4924492835998535,	15,	0.3
Basti,	1,	1,	2,	74,	uso_300ms_51.wav,	4,	226,	5.63,	1.6077651977539062,	15,	0.3
Basti,	1,	1,	2,	75,	uso_300ms_94.wav,	1,	143,	2.87,	1.6360137462615967,	15,	0.3
