sub_id,cond_id,block_id,task_id,event_id,stim_id,speaker_id,led_id,led_distance,response_time,n_reps,isi
Basti,	1,	3,	2,	1,	uso_300ms_57.wav,	1,	132.783797,	2.53,	nan,	90,	2
Basti,	1,	3,	2,	2,	uso_300ms_25.wav,	2,	174.8272459999998,	3.93,	nan,	90,	2
Basti,	1,	3,	2,	3,	uso_300ms_67.wav,	3,	210.05159599999976,	5.1,	nan,	90,	2
Basti,	1,	3,	2,	4,	uso_300ms_86.wav,	4,	237.7476349999996,	6.02,	nan,	90,	2
Basti,	1,	3,	2,	5,	uso_300ms_11.wav,	5,	271.02049699999964,	7.13,	nan,	90,	2
Basti,	1,	3,	2,	6,	uso_300ms_53.wav,	5,	314.572817,	8.59,	nan,	90,	2
Basti,	1,	3,	2,	7,	uso_300ms_81.wav,	5,	314.6320790000002,	8.59,	nan,	90,	2
Basti,	1,	3,	2,	8,	uso_300ms_89.wav,	5,	326.3507090000002,	8.98,	nan,	90,	2
Basti,	1,	3,	2,	9,	uso_300ms_99.wav,	5,	346.912257,	9.66,	nan,	90,	2
Basti,	1,	3,	2,	10,	uso_300ms_20.wav,	5,	387.844596,	11.03,	nan,	90,	2
Basti,	1,	3,	2,	11,	uso_300ms_57.wav,	5,	419.2490040000002,	12.07,	nan,	90,	2
Basti,	1,	3,	2,	12,	uso_300ms_15.wav,	5,	446.4681190000002,	12.98,	nan,	90,	2
Basti,	1,	3,	2,	13,	uso_300ms_26.wav,	5,	351.85258400000026,	9.83,	nan,	90,	2
Basti,	1,	3,	2,	14,	uso_300ms_64.wav,	5,	307.8726339999996,	8.36,	nan,	90,	2
Basti,	1,	3,	2,	15,	uso_300ms_16.wav,	1,	86.40751599999948,	0.98,	nan,	90,	2
Basti,	1,	3,	2,	16,	uso_300ms_20.wav,	1,	86.40751599999948,	0.98,	nan,	90,	2
Basti,	1,	3,	2,	17,	uso_300ms_49.wav,	1,	98.4768109999995,	1.38,	nan,	90,	2
Basti,	1,	3,	2,	18,	uso_300ms_89.wav,	1,	111.84827399999948,	1.83,	nan,	90,	2
Basti,	1,	3,	2,	19,	uso_300ms_53.wav,	1,	127.54114699999943,	2.35,	nan,	90,	2
Basti,	1,	3,	2,	20,	uso_300ms_91.wav,	1,	152.66523199999943,	3.19,	nan,	90,	2
Basti,	1,	3,	2,	21,	uso_300ms_22.wav,	2,	185.05844599999938,	4.27,	nan,	90,	2
Basti,	1,	3,	2,	22,	uso_300ms_13.wav,	3,	205.78564199999923,	4.96,	nan,	90,	2
Basti,	1,	3,	2,	23,	uso_300ms_93.wav,	4,	240.79369899999915,	6.13,	nan,	90,	2
Basti,	1,	3,	2,	24,	uso_300ms_85.wav,	5,	268.8794419999991,	7.06,	nan,	90,	2
Basti,	1,	3,	2,	25,	uso_300ms_37.wav,	5,	304.81631499999935,	8.26,	nan,	90,	2
Basti,	1,	3,	2,	26,	uso_300ms_87.wav,	5,	277.4932079999994,	7.35,	nan,	90,	2
Basti,	1,	3,	2,	27,	uso_300ms_100.wav,	4,	244.85545599999918,	6.26,	nan,	90,	2
Basti,	1,	3,	2,	28,	uso_300ms_35.wav,	3,	213.781643999999,	5.23,	nan,	90,	2
Basti,	1,	3,	2,	29,	uso_300ms_80.wav,	2,	182.4200339999991,	4.18,	nan,	90,	2
Basti,	1,	3,	2,	30,	uso_300ms_8.wav,	1,	154.83852899999914,	3.26,	nan,	90,	2
Basti,	1,	3,	2,	31,	uso_300ms_33.wav,	1,	150.85188899999918,	3.13,	nan,	90,	2
Basti,	1,	3,	2,	32,	uso_300ms_69.wav,	1,	141.5233809999991,	2.82,	nan,	90,	2
Basti,	1,	3,	2,	33,	uso_300ms_29.wav,	1,	129.63939699999912,	2.42,	nan,	90,	2
Basti,	1,	3,	2,	34,	uso_300ms_84.wav,	1,	148.963358999999,	3.07,	nan,	90,	2
Basti,	1,	3,	2,	35,	uso_300ms_67.wav,	4,	244.6484029999991,	6.25,	nan,	90,	2
Basti,	1,	3,	2,	36,	uso_300ms_77.wav,	5,	261.53678499999893,	6.82,	nan,	90,	2
Basti,	1,	3,	2,	37,	uso_300ms_39.wav,	5,	270.25692299999895,	7.11,	nan,	90,	2
Basti,	1,	3,	2,	38,	uso_300ms_79.wav,	5,	305.4477009999992,	8.28,	nan,	90,	2
Basti,	1,	3,	2,	39,	uso_300ms_97.wav,	5,	280.82719599999905,	7.46,	nan,	90,	2
Basti,	1,	3,	2,	40,	uso_300ms_7.wav,	4,	240.97601399999863,	6.13,	nan,	90,	2
Basti,	1,	3,	2,	41,	uso_300ms_44.wav,	3,	207.5043379999988,	5.02,	nan,	90,	2
Basti,	1,	3,	2,	42,	uso_300ms_7.wav,	2,	180.0224499999989,	4.1,	nan,	90,	2
Basti,	1,	3,	2,	43,	uso_300ms_60.wav,	2,	172.93366199999835,	3.86,	nan,	90,	2
Basti,	1,	3,	2,	44,	uso_300ms_86.wav,	2,	163.73540999999753,	3.56,	nan,	90,	2
Basti,	1,	3,	2,	45,	uso_300ms_2.wav,	1,	154.55842399999673,	3.25,	nan,	90,	2
Basti,	1,	3,	2,	46,	uso_300ms_18.wav,	1,	148.36093499999657,	3.05,	nan,	90,	2
Basti,	1,	3,	2,	47,	uso_300ms_93.wav,	1,	135.36093499999657,	2.61,	nan,	90,	2
Basti,	1,	3,	2,	48,	uso_300ms_24.wav,	1,	139.36093499999657,	2.75,	nan,	90,	2
Basti,	1,	3,	2,	49,	uso_300ms_42.wav,	1,	152.36093499999657,	3.18,	nan,	90,	2
Basti,	1,	3,	2,	50,	uso_300ms_38.wav,	2,	165.36093499999657,	3.61,	nan,	90,	2
Basti,	1,	3,	2,	51,	uso_300ms_34.wav,	2,	178.36093499999657,	4.05,	nan,	90,	2
Basti,	1,	3,	2,	52,	uso_300ms_7.wav,	2,	191.36093499999657,	4.48,	nan,	90,	2
Basti,	1,	3,	2,	53,	uso_300ms_87.wav,	3,	203.36093499999657,	4.88,	nan,	90,	2
Basti,	1,	3,	2,	54,	uso_300ms_54.wav,	3,	216.36093499999657,	5.31,	nan,	90,	2
Basti,	1,	3,	2,	55,	uso_300ms_22.wav,	4,	229.36093499999657,	5.75,	nan,	90,	2
Basti,	1,	3,	2,	56,	uso_300ms_92.wav,	4,	242.36093499999657,	6.18,	nan,	90,	2
Basti,	1,	3,	2,	57,	uso_300ms_60.wav,	5,	255.36093499999657,	6.61,	nan,	90,	2
Basti,	1,	3,	2,	58,	uso_300ms_85.wav,	5,	268.3609349999966,	7.05,	nan,	90,	2
Basti,	1,	3,	2,	59,	uso_300ms_11.wav,	5,	281.3609349999966,	7.48,	nan,	90,	2
Basti,	1,	3,	2,	60,	uso_300ms_70.wav,	5,	294.3609349999966,	7.91,	nan,	90,	2
Basti,	1,	3,	2,	61,	uso_300ms_24.wav,	4,	251.08198999999652,	6.47,	nan,	90,	2
Basti,	1,	3,	2,	62,	uso_300ms_75.wav,	3,	216.08487399999626,	5.3,	nan,	90,	2
Basti,	1,	3,	2,	63,	uso_300ms_73.wav,	2,	178.24155799999616,	4.04,	nan,	90,	2
Basti,	1,	3,	2,	64,	uso_300ms_18.wav,	1,	155.616227999996,	3.29,	nan,	90,	2
Basti,	1,	3,	2,	65,	uso_300ms_72.wav,	1,	121.29159499999616,	2.14,	nan,	90,	2
Basti,	1,	3,	2,	66,	uso_300ms_28.wav,	1,	144.76843299999618,	2.93,	nan,	90,	2
Basti,	1,	3,	2,	67,	uso_300ms_6.wav,	2,	180.5259449999958,	4.12,	nan,	90,	2
Basti,	1,	3,	2,	68,	uso_300ms_88.wav,	3,	212.3417359999958,	5.18,	nan,	90,	2
Basti,	1,	3,	2,	69,	uso_300ms_10.wav,	4,	240.87039699999568,	6.13,	nan,	90,	2
Basti,	1,	3,	2,	70,	uso_300ms_73.wav,	5,	275.4449719999958,	7.28,	nan,	90,	2
Basti,	1,	3,	2,	71,	uso_300ms_37.wav,	5,	271.3597229999959,	7.15,	nan,	90,	2
Basti,	1,	3,	2,	72,	uso_300ms_46.wav,	1,	138.13767599999582,	2.7,	nan,	90,	2
Basti,	1,	3,	2,	73,	uso_300ms_55.wav,	2,	185.3933319999956,	4.28,	nan,	90,	2
Basti,	1,	3,	2,	74,	uso_300ms_12.wav,	3,	209.41751399999583,	5.08,	nan,	90,	2
Basti,	1,	3,	2,	75,	uso_300ms_78.wav,	4,	246.07054299999578,	6.3,	nan,	90,	2
Basti,	1,	3,	2,	76,	uso_300ms_97.wav,	5,	288.2458929999959,	7.71,	nan,	90,	2
Basti,	1,	3,	2,	77,	uso_300ms_44.wav,	1,	134.78171499999587,	2.59,	nan,	90,	2
Basti,	1,	3,	2,	78,	uso_300ms_33.wav,	1,	151.05717699999585,	3.14,	nan,	90,	2
Basti,	1,	3,	2,	79,	uso_300ms_95.wav,	2,	181.4110879999956,	4.15,	nan,	90,	2
Basti,	1,	3,	2,	80,	uso_300ms_67.wav,	3,	210.94036399999493,	5.13,	nan,	90,	2
Basti,	1,	3,	2,	81,	uso_300ms_91.wav,	4,	245.34493699999499,	6.28,	nan,	90,	2
Basti,	1,	3,	2,	82,	uso_300ms_20.wav,	5,	275.24962999999485,	7.27,	nan,	90,	2
Basti,	1,	3,	2,	83,	uso_300ms_99.wav,	4,	242.12789099999446,	6.17,	nan,	90,	2
Basti,	1,	3,	2,	84,	uso_300ms_10.wav,	3,	206.29889499999413,	4.98,	nan,	90,	2
Basti,	1,	3,	2,	85,	uso_300ms_83.wav,	2,	182.6217099999939,	4.19,	nan,	90,	2
Basti,	1,	3,	2,	86,	uso_300ms_32.wav,	1,	148.8214679999939,	3.06,	nan,	90,	2
Basti,	1,	3,	2,	87,	uso_300ms_9.wav,	1,	119.43606299999382,	2.08,	nan,	90,	2
Basti,	1,	3,	2,	88,	uso_300ms_7.wav,	1,	149.85659999999376,	3.1,	nan,	90,	2
Basti,	1,	3,	2,	89,	uso_300ms_10.wav,	2,	180.88734799999358,	4.13,	nan,	90,	2
Basti,	1,	3,	2,	90,	uso_300ms_86.wav,	3,	212.4950079999935,	5.18,	nan,	90,	2
