sub_id,cond_id,block_id,task_id,event_id,stim_id,speaker_id,led_id,led_distance,response_time,n_reps,isi
Basti,	1,	5,	2,	1,	uso_300ms_93.wav,	1,	139.30776199999994,	2.74,	nan,	90,	2
Basti,	1,	5,	2,	2,	uso_300ms_47.wav,	2,	181.19142200000002,	4.14,	nan,	90,	2
Basti,	1,	5,	2,	3,	uso_300ms_10.wav,	3,	217.18421099999986,	5.34,	nan,	90,	2
Basti,	1,	5,	2,	4,	uso_300ms_92.wav,	4,	241.71336599999955,	6.16,	nan,	90,	2
Basti,	1,	5,	2,	5,	uso_300ms_90.wav,	5,	279.3422089999997,	7.41,	nan,	90,	2
Basti,	1,	5,	2,	6,	uso_300ms_39.wav,	5,	320.8690369999997,	8.8,	nan,	90,	2
Basti,	1,	5,	2,	7,	uso_300ms_50.wav,	5,	345.03946999999977,	9.6,	nan,	90,	2
Basti,	1,	5,	2,	8,	uso_300ms_44.wav,	5,	283.50468199999966,	7.55,	nan,	90,	2
Basti,	1,	5,	2,	9,	uso_300ms_2.wav,	5,	289.2360789999996,	7.74,	nan,	90,	2
Basti,	1,	5,	2,	10,	uso_300ms_71.wav,	5,	275.71037799999954,	7.29,	nan,	90,	2
Basti,	1,	5,	2,	11,	uso_300ms_88.wav,	4,	243.6226369999991,	6.22,	nan,	90,	2
Basti,	1,	5,	2,	12,	uso_300ms_50.wav,	3,	215.86356999999916,	5.3,	nan,	90,	2
Basti,	1,	5,	2,	13,	uso_300ms_78.wav,	3,	199.88201699999914,	4.76,	nan,	90,	2
Basti,	1,	5,	2,	14,	uso_300ms_51.wav,	2,	179.99640999999912,	4.1,	nan,	90,	2
Basti,	1,	5,	2,	15,	uso_300ms_58.wav,	1,	148.78807899999924,	3.06,	nan,	90,	2
Basti,	1,	5,	2,	16,	uso_300ms_40.wav,	1,	130.9539199999991,	2.47,	nan,	90,	2
Basti,	1,	5,	2,	17,	uso_300ms_5.wav,	1,	146.36988699999918,	2.98,	nan,	90,	2
Basti,	1,	5,	2,	18,	uso_300ms_23.wav,	2,	186.0565199999992,	4.3,	nan,	90,	2
Basti,	1,	5,	2,	19,	uso_300ms_7.wav,	3,	215.06934999999902,	5.27,	nan,	90,	2
Basti,	1,	5,	2,	20,	uso_300ms_27.wav,	4,	248.02182199999896,	6.37,	nan,	90,	2
Basti,	1,	5,	2,	21,	uso_300ms_42.wav,	5,	278.7739349999992,	7.39,	nan,	90,	2
Basti,	1,	5,	2,	22,	uso_300ms_49.wav,	5,	320.1224939999992,	8.77,	nan,	90,	2
Basti,	1,	5,	2,	23,	uso_300ms_69.wav,	5,	320.1224939999992,	8.77,	nan,	90,	2
Basti,	1,	5,	2,	24,	uso_300ms_36.wav,	5,	287.2229279999989,	7.67,	nan,	90,	2
Basti,	1,	5,	2,	25,	uso_300ms_56.wav,	4,	247.54164999999801,	6.35,	nan,	90,	2
Basti,	1,	5,	2,	26,	uso_300ms_89.wav,	3,	215.41432399999837,	5.28,	nan,	90,	2
Basti,	1,	5,	2,	27,	uso_300ms_5.wav,	3,	192.37986499999866,	4.51,	nan,	90,	2
Basti,	1,	5,	2,	28,	uso_300ms_23.wav,	2,	180.5193659999985,	4.12,	nan,	90,	2
Basti,	1,	5,	2,	29,	uso_300ms_58.wav,	1,	152.36663299999833,	3.18,	nan,	90,	2
Basti,	1,	5,	2,	30,	uso_300ms_58.wav,	2,	173.46629899999814,	3.88,	nan,	90,	2
Basti,	1,	5,	2,	31,	uso_300ms_60.wav,	3,	203.78863999999754,	4.89,	nan,	90,	2
Basti,	1,	5,	2,	32,	uso_300ms_43.wav,	4,	241.40533799999733,	6.15,	nan,	90,	2
Basti,	1,	5,	2,	33,	uso_300ms_6.wav,	5,	270.8528329999975,	7.13,	nan,	90,	2
Basti,	1,	5,	2,	34,	uso_300ms_92.wav,	5,	290.2301349999975,	7.77,	nan,	90,	2
Basti,	1,	5,	2,	35,	uso_300ms_59.wav,	5,	264.37226099999754,	6.91,	nan,	90,	2
Basti,	1,	5,	2,	36,	uso_300ms_54.wav,	4,	243.19016299999737,	6.21,	nan,	90,	2
Basti,	1,	5,	2,	37,	uso_300ms_98.wav,	3,	214.12888599999727,	5.24,	nan,	90,	2
Basti,	1,	5,	2,	38,	uso_300ms_61.wav,	2,	185.43820299999737,	4.28,	nan,	90,	2
Basti,	1,	5,	2,	39,	uso_300ms_33.wav,	1,	151.9362169999975,	3.16,	nan,	90,	2
Basti,	1,	5,	2,	40,	uso_300ms_41.wav,	1,	125.7081899999974,	2.29,	nan,	90,	2
Basti,	1,	5,	2,	41,	uso_300ms_80.wav,	1,	153.46978399999753,	3.22,	nan,	90,	2
Basti,	1,	5,	2,	42,	uso_300ms_51.wav,	2,	185.39693799999736,	4.28,	nan,	90,	2
Basti,	1,	5,	2,	43,	uso_300ms_46.wav,	3,	217.3741349999973,	5.35,	nan,	90,	2
Basti,	1,	5,	2,	44,	uso_300ms_27.wav,	4,	243.74575299999748,	6.22,	nan,	90,	2
Basti,	1,	5,	2,	45,	uso_300ms_35.wav,	5,	275.53393599999765,	7.28,	nan,	90,	2
Basti,	1,	5,	2,	46,	uso_300ms_70.wav,	5,	290.5898299999976,	7.79,	nan,	90,	2
Basti,	1,	5,	2,	47,	uso_300ms_13.wav,	5,	269.14609299999756,	7.07,	nan,	90,	2
Basti,	1,	5,	2,	48,	uso_300ms_57.wav,	4,	236.2269339999975,	5.97,	nan,	90,	2
Basti,	1,	5,	2,	49,	uso_300ms_93.wav,	3,	209.0991689999973,	5.07,	nan,	90,	2
Basti,	1,	5,	2,	50,	uso_300ms_26.wav,	2,	180.1043919999972,	4.1,	nan,	90,	2
Basti,	1,	5,	2,	51,	uso_300ms_32.wav,	1,	152.85032599999772,	3.2,	nan,	90,	2
Basti,	1,	5,	2,	52,	uso_300ms_9.wav,	1,	126.15026099999771,	2.31,	nan,	90,	2
Basti,	1,	5,	2,	53,	uso_300ms_76.wav,	1,	149.9211619999975,	3.1,	nan,	90,	2
Basti,	1,	5,	2,	54,	uso_300ms_50.wav,	2,	182.31498499999756,	4.18,	nan,	90,	2
Basti,	1,	5,	2,	55,	uso_300ms_79.wav,	3,	220.92105599999738,	5.46,	nan,	90,	2
Basti,	1,	5,	2,	56,	uso_300ms_49.wav,	4,	242.81258999999744,	6.19,	nan,	90,	2
Basti,	1,	5,	2,	57,	uso_300ms_58.wav,	5,	284.99680899999663,	7.6,	nan,	90,	2
Basti,	1,	5,	2,	58,	uso_300ms_5.wav,	4,	242.6073289999965,	6.19,	nan,	90,	2
Basti,	1,	5,	2,	59,	uso_300ms_13.wav,	3,	215.85051499999636,	5.3,	nan,	90,	2
Basti,	1,	5,	2,	60,	uso_300ms_34.wav,	2,	177.76032299999625,	4.03,	nan,	90,	2
Basti,	1,	5,	2,	61,	uso_300ms_68.wav,	1,	150.29514399999633,	3.11,	nan,	90,	2
Basti,	1,	5,	2,	62,	uso_300ms_48.wav,	1,	123.53401799999632,	2.22,	nan,	90,	2
Basti,	1,	5,	2,	63,	uso_300ms_15.wav,	1,	150.39802999999648,	3.11,	nan,	90,	2
Basti,	1,	5,	2,	64,	uso_300ms_88.wav,	2,	170.64542499999655,	3.79,	nan,	90,	2
Basti,	1,	5,	2,	65,	uso_300ms_75.wav,	3,	210.23613699999595,	5.11,	nan,	90,	2
Basti,	1,	5,	2,	66,	uso_300ms_40.wav,	4,	244.3672059999955,	6.25,	nan,	90,	2
Basti,	1,	5,	2,	67,	uso_300ms_33.wav,	5,	283.76767199999574,	7.56,	nan,	90,	2
Basti,	1,	5,	2,	68,	uso_300ms_62.wav,	4,	247.11784199999624,	6.34,	nan,	90,	2
Basti,	1,	5,	2,	69,	uso_300ms_95.wav,	3,	207.66800499999627,	5.02,	nan,	90,	2
Basti,	1,	5,	2,	70,	uso_300ms_61.wav,	2,	182.65874099999616,	4.19,	nan,	90,	2
Basti,	1,	5,	2,	71,	uso_300ms_24.wav,	1,	156.95200399999612,	3.33,	nan,	90,	2
Basti,	1,	5,	2,	72,	uso_300ms_100.wav,	1,	117.02069999999627,	2.0,	nan,	90,	2
Basti,	1,	5,	2,	73,	uso_300ms_74.wav,	1,	146.75986399999613,	2.99,	nan,	90,	2
Basti,	1,	5,	2,	74,	uso_300ms_19.wav,	2,	183.76688299999626,	4.23,	nan,	90,	2
Basti,	1,	5,	2,	75,	uso_300ms_13.wav,	3,	211.0579299999962,	5.14,	nan,	90,	2
Basti,	1,	5,	2,	76,	uso_300ms_9.wav,	4,	244.3164139999956,	6.24,	nan,	90,	2
Basti,	1,	5,	2,	77,	uso_300ms_94.wav,	5,	274.661588999995,	7.26,	nan,	90,	2
Basti,	1,	5,	2,	78,	uso_300ms_73.wav,	4,	239.74630999999502,	6.09,	nan,	90,	2
Basti,	1,	5,	2,	79,	uso_300ms_6.wav,	3,	207.64803399999502,	5.02,	nan,	90,	2
Basti,	1,	5,	2,	80,	uso_300ms_27.wav,	2,	184.17329599999505,	4.24,	nan,	90,	2
Basti,	1,	5,	2,	81,	uso_300ms_70.wav,	1,	152.85357399999498,	3.2,	nan,	90,	2
Basti,	1,	5,	2,	82,	uso_300ms_75.wav,	2,	189.36413899999496,	4.41,	nan,	90,	2
Basti,	1,	5,	2,	83,	uso_300ms_26.wav,	3,	212.04362099999486,	5.17,	nan,	90,	2
Basti,	1,	5,	2,	84,	uso_300ms_78.wav,	4,	243.75966899999514,	6.23,	nan,	90,	2
Basti,	1,	5,	2,	85,	uso_300ms_31.wav,	5,	278.0014429999954,	7.37,	nan,	90,	2
Basti,	1,	5,	2,	86,	uso_300ms_71.wav,	5,	301.0584769999955,	8.14,	nan,	90,	2
Basti,	1,	5,	2,	87,	uso_300ms_9.wav,	5,	285.20855199999534,	7.61,	nan,	90,	2
Basti,	1,	5,	2,	88,	uso_300ms_11.wav,	4,	245.340331999995,	6.28,	nan,	90,	2
Basti,	1,	5,	2,	89,	uso_300ms_18.wav,	3,	211.78650399999546,	5.16,	nan,	90,	2
Basti,	1,	5,	2,	90,	uso_300ms_76.wav,	2,	185.6017859999953,	4.29,	nan,	90,	2
