sub_id,cond_id,block_id,task_id,event_id,stim_id,speaker_id,led_id,led_distance,response_time,n_reps,isi
Basti,	1,	4,	2,	1,	uso_300ms_37.wav,	1,	121,	2.13,	2.3327839374542236,	15,	0.3
Basti,	1,	4,	2,	2,	uso_300ms_3.wav,	2,	150,	3.1,	2.20986008644104,	15,	0.3
Basti,	1,	4,	2,	3,	uso_300ms_12.wav,	4,	206,	4.97,	1.9879326820373535,	15,	0.3
Basti,	1,	4,	2,	4,	uso_300ms_56.wav,	5,	244,	6.23,	1.763740062713623,	15,	0.3
Basti,	1,	4,	2,	5,	uso_300ms_50.wav,	3,	217,	5.33,	1.7873497009277344,	15,	0.3
Basti,	1,	4,	2,	6,	uso_300ms_69.wav,	2,	190,	4.43,	1.8399269580841064,	15,	0.3
Basti,	1,	4,	2,	7,	uso_300ms_76.wav,	1,	164,	3.57,	1.9000954627990723,	15,	0.3
Basti,	1,	4,	2,	8,	uso_300ms_99.wav,	5,	198,	4.7,	1.7050340175628662,	15,	0.3
Basti,	1,	4,	2,	9,	uso_300ms_5.wav,	4,	223,	5.53,	1.506230354309082,	15,	0.3
Basti,	1,	4,	2,	10,	uso_300ms_30.wav,	3,	170,	3.77,	1.3364791870117188,	15,	0.3
Basti,	1,	4,	2,	11,	uso_300ms_59.wav,	4,	207,	5.0,	1.65501070022583,	15,	0.3
Basti,	1,	4,	2,	12,	uso_300ms_58.wav,	5,	245,	6.27,	2.4032328128814697,	15,	0.3
Basti,	1,	4,	2,	13,	uso_300ms_77.wav,	2,	155,	3.27,	2.590956211090088,	15,	0.3
Basti,	1,	4,	2,	14,	uso_300ms_10.wav,	3,	207,	5.0,	2.0636372566223145,	15,	0.3
Basti,	1,	4,	2,	15,	uso_300ms_60.wav,	1,	173,	3.87,	1.5526094436645508,	15,	0.3
Basti,	1,	4,	2,	16,	uso_300ms_25.wav,	4,	199,	4.73,	2.263460636138916,	15,	0.3
Basti,	1,	4,	2,	17,	uso_300ms_53.wav,	3,	228,	5.7,	1.6494669914245605,	15,	0.3
Basti,	1,	4,	2,	18,	uso_300ms_53.wav,	5,	259,	6.73,	2.353832244873047,	15,	0.3
Basti,	1,	4,	2,	19,	uso_300ms_20.wav,	2,	219,	5.4,	2.0865118503570557,	15,	0.3
Basti,	1,	4,	2,	20,	uso_300ms_52.wav,	1,	185,	4.27,	1.8236515522003174,	15,	0.3
Basti,	1,	4,	2,	21,	uso_300ms_52.wav,	3,	162,	3.5,	1.6805415153503418,	15,	0.3
Basti,	1,	4,	2,	22,	uso_300ms_32.wav,	1,	143,	2.87,	1.7674095630645752,	15,	0.3
Basti,	1,	4,	2,	23,	uso_300ms_62.wav,	2,	171,	3.8,	1.767510175704956,	15,	0.3
Basti,	1,	4,	2,	24,	uso_300ms_21.wav,	4,	209,	5.07,	1.8002772331237793,	15,	0.3
Basti,	1,	4,	2,	25,	uso_300ms_50.wav,	5,	236,	5.97,	1.4710571765899658,	15,	0.3
Basti,	1,	4,	2,	26,	uso_300ms_31.wav,	1,	187,	4.33,	2.047001600265503,	15,	0.3
Basti,	1,	4,	2,	27,	uso_300ms_24.wav,	2,	170,	3.77,	1.5440857410430908,	15,	0.3
Basti,	1,	4,	2,	28,	uso_300ms_59.wav,	5,	208,	5.03,	1.451284408569336,	15,	0.3
Basti,	1,	4,	2,	29,	uso_300ms_53.wav,	3,	231,	5.8,	1.5140583515167236,	15,	0.3
Basti,	1,	4,	2,	30,	uso_300ms_60.wav,	4,	203,	4.87,	1.7294795513153076,	15,	0.3
Basti,	1,	4,	2,	31,	uso_300ms_56.wav,	5,	273,	7.2,	1.9992361068725586,	15,	0.3
Basti,	1,	4,	2,	32,	uso_300ms_70.wav,	2,	223,	5.53,	1.8453381061553955,	15,	0.3
Basti,	1,	4,	2,	33,	uso_300ms_59.wav,	3,	200,	4.77,	1.5573766231536865,	15,	0.3
Basti,	1,	4,	2,	34,	uso_300ms_3.wav,	4,	183,	4.2,	1.5333013534545898,	15,	0.3
Basti,	1,	4,	2,	35,	uso_300ms_67.wav,	1,	147,	3.0,	2.4095208644866943,	15,	0.3
Basti,	1,	4,	2,	36,	uso_300ms_73.wav,	5,	208,	5.03,	1.871110200881958,	15,	0.3
Basti,	1,	4,	2,	37,	uso_300ms_9.wav,	3,	182,	4.17,	1.8561127185821533,	15,	0.3
Basti,	1,	4,	2,	38,	uso_300ms_94.wav,	2,	207,	5.0,	1.9641892910003662,	15,	0.3
Basti,	1,	4,	2,	39,	uso_300ms_86.wav,	1,	167,	3.67,	1.650982141494751,	15,	0.3
Basti,	1,	4,	2,	40,	uso_300ms_74.wav,	4,	221,	5.47,	1.4899835586547852,	15,	0.3
Basti,	1,	4,	2,	41,	uso_300ms_13.wav,	2,	198,	4.7,	1.7170867919921875,	15,	0.3
Basti,	1,	4,	2,	42,	uso_300ms_68.wav,	3,	241,	6.13,	1.9083311557769775,	15,	0.3
Basti,	1,	4,	2,	43,	uso_300ms_16.wav,	4,	282,	7.5,	1.9739878177642822,	15,	0.3
Basti,	1,	4,	2,	44,	uso_300ms_74.wav,	1,	164,	3.57,	2.5153253078460693,	15,	0.3
Basti,	1,	4,	2,	45,	uso_300ms_81.wav,	5,	248,	6.37,	1.7844929695129395,	15,	0.3
Basti,	1,	4,	2,	46,	uso_300ms_32.wav,	4,	279,	7.4,	1.6249053478240967,	15,	0.3
Basti,	1,	4,	2,	47,	uso_300ms_68.wav,	5,	267,	7.0,	1.9539251327514648,	15,	0.3
Basti,	1,	4,	2,	48,	uso_300ms_93.wav,	2,	183,	4.2,	1.4515328407287598,	15,	0.3
Basti,	1,	4,	2,	49,	uso_300ms_3.wav,	1,	151,	3.13,	1.6871342658996582,	15,	0.3
Basti,	1,	4,	2,	50,	uso_300ms_35.wav,	3,	198,	4.7,	1.6824934482574463,	15,	0.3
Basti,	1,	4,	2,	51,	uso_300ms_27.wav,	2,	178,	4.03,	1.708587884902954,	15,	0.3
Basti,	1,	4,	2,	52,	uso_300ms_87.wav,	1,	154,	3.23,	1.65171217918396,	15,	0.3
Basti,	1,	4,	2,	53,	uso_300ms_43.wav,	5,	225,	5.6,	1.7480974197387695,	15,	0.3
Basti,	1,	4,	2,	54,	uso_300ms_54.wav,	4,	264,	6.9,	1.5630505084991455,	15,	0.3
Basti,	1,	4,	2,	55,	uso_300ms_61.wav,	3,	225,	5.6,	1.8074567317962646,	15,	0.3
Basti,	1,	4,	2,	56,	uso_300ms_73.wav,	2,	188,	4.37,	1.3702795505523682,	15,	0.3
Basti,	1,	4,	2,	57,	uso_300ms_60.wav,	4,	221,	5.47,	1.5575735569000244,	15,	0.3
Basti,	1,	4,	2,	58,	uso_300ms_40.wav,	5,	275,	7.27,	1.3927857875823975,	15,	0.3
Basti,	1,	4,	2,	59,	uso_300ms_22.wav,	3,	225,	5.6,	1.3833231925964355,	15,	0.3
Basti,	1,	4,	2,	60,	uso_300ms_35.wav,	1,	188,	4.37,	1.5508465766906738,	15,	0.3
Basti,	1,	4,	2,	61,	uso_300ms_47.wav,	5,	218,	5.37,	1.4611153602600098,	15,	0.3
Basti,	1,	4,	2,	62,	uso_300ms_63.wav,	1,	162,	3.5,	1.4863779544830322,	15,	0.3
Basti,	1,	4,	2,	63,	uso_300ms_71.wav,	4,	258,	6.7,	2.4826886653900146,	15,	0.3
Basti,	1,	4,	2,	64,	uso_300ms_24.wav,	2,	194,	4.57,	1.6075303554534912,	15,	0.3
Basti,	1,	4,	2,	65,	uso_300ms_22.wav,	3,	173,	3.87,	1.4975745677947998,	15,	0.3
Basti,	1,	4,	2,	66,	uso_300ms_29.wav,	5,	230,	5.77,	1.5287959575653076,	15,	0.3
Basti,	1,	4,	2,	67,	uso_300ms_69.wav,	1,	182,	4.17,	1.6388144493103027,	15,	0.3
Basti,	1,	4,	2,	68,	uso_300ms_94.wav,	3,	209,	5.07,	1.6444942951202393,	15,	0.3
Basti,	1,	4,	2,	69,	uso_300ms_97.wav,	2,	178,	4.03,	1.412731409072876,	15,	0.3
Basti,	1,	4,	2,	70,	uso_300ms_98.wav,	4,	221,	5.47,	1.3522312641143799,	15,	0.3
Basti,	1,	4,	2,	71,	uso_300ms_11.wav,	3,	242,	6.17,	1.839501142501831,	15,	0.3
Basti,	1,	4,	2,	72,	uso_300ms_64.wav,	1,	173,	3.87,	1.6387155055999756,	15,	0.3
Basti,	1,	4,	2,	73,	uso_300ms_91.wav,	2,	209,	5.07,	1.660280466079712,	15,	0.3
Basti,	1,	4,	2,	74,	uso_300ms_96.wav,	4,	238,	6.03,	1.5152320861816406,	15,	0.3
Basti,	1,	4,	2,	75,	uso_300ms_58.wav,	5,	264,	6.9,	1.5545670986175537,	15,	0.3
