sub_id,cond_id,block_id,task_id,event_id,stim_id,speaker_id,led_id,led_distance,response_time,n_reps,isi
Basti,	1,	6,	1,	1,	uso_300ms_36.wav,	6,	216,	5.3,	2.567814826965332,	15,	0.3
Basti,	1,	6,	1,	2,	uso_300ms_47.wav,	10,	303,	8.2,	2.878502368927002,	15,	0.3
Basti,	1,	6,	1,	3,	uso_300ms_26.wav,	8,	370,	10.43,	2.16613507270813,	15,	0.3
Basti,	1,	6,	1,	4,	uso_300ms_67.wav,	3,	197,	4.67,	2.396188735961914,	15,	0.3
Basti,	1,	6,	1,	5,	uso_300ms_57.wav,	4,	226,	5.63,	2.0148448944091797,	15,	0.3
Basti,	1,	6,	1,	6,	uso_300ms_2.wav,	5,	265,	6.93,	1.7464778423309326,	15,	0.3
Basti,	1,	6,	1,	7,	uso_300ms_23.wav,	1,	134,	2.57,	2.2172768115997314,	15,	0.3
Basti,	1,	6,	1,	8,	uso_300ms_6.wav,	2,	195,	4.6,	1.5367722511291504,	15,	0.3
Basti,	1,	6,	1,	9,	uso_300ms_84.wav,	9,	316,	8.63,	1.9717919826507568,	15,	0.3
Basti,	1,	6,	1,	10,	uso_300ms_39.wav,	0,	125,	2.27,	3.9315903186798096,	15,	0.3
Basti,	1,	6,	1,	11,	uso_300ms_83.wav,	7,	219,	5.4,	2.0110855102539062,	15,	0.3
Basti,	1,	6,	1,	12,	uso_300ms_96.wav,	0,	151,	3.13,	2.2703511714935303,	15,	0.3
Basti,	1,	6,	1,	13,	uso_300ms_86.wav,	8,	301,	8.13,	1.7675034999847412,	15,	0.3
Basti,	1,	6,	1,	14,	uso_300ms_62.wav,	9,	367,	10.33,	1.972059726715088,	15,	0.3
Basti,	1,	6,	1,	15,	uso_300ms_12.wav,	6,	293,	7.87,	3.2048654556274414,	15,	0.3
Basti,	1,	6,	1,	16,	uso_300ms_74.wav,	10,	407,	11.67,	2.596637487411499,	15,	0.3
Basti,	1,	6,	1,	17,	uso_300ms_50.wav,	4,	269,	7.07,	2.1806578636169434,	15,	0.3
Basti,	1,	6,	1,	18,	uso_300ms_25.wav,	7,	325,	8.93,	1.571727991104126,	15,	0.3
Basti,	1,	6,	1,	19,	uso_300ms_36.wav,	2,	176,	3.97,	1.7066318988800049,	15,	0.3
Basti,	1,	6,	1,	20,	uso_300ms_80.wav,	3,	257,	6.67,	1.5745036602020264,	15,	0.3
Basti,	1,	6,	1,	21,	uso_300ms_95.wav,	1,	145,	2.93,	1.7778797149658203,	15,	0.3
Basti,	1,	6,	1,	22,	uso_300ms_44.wav,	5,	288,	7.7,	1.8804030418395996,	15,	0.3
Basti,	1,	6,	1,	23,	uso_300ms_39.wav,	9,	346,	9.63,	1.6831474304199219,	15,	0.3
Basti,	1,	6,	1,	24,	uso_300ms_13.wav,	7,	414,	11.9,	1.8805887699127197,	15,	0.3
Basti,	1,	6,	1,	25,	uso_300ms_85.wav,	2,	207,	5.0,	2.0417640209198,	15,	0.3
Basti,	1,	6,	1,	26,	uso_300ms_36.wav,	6,	257,	6.67,	1.809767484664917,	15,	0.3
Basti,	1,	6,	1,	27,	uso_300ms_35.wav,	8,	342,	9.5,	2.0024123191833496,	15,	0.3
Basti,	1,	6,	1,	28,	uso_300ms_46.wav,	10,	412,	11.83,	2.010493040084839,	15,	0.3
Basti,	1,	6,	1,	29,	uso_300ms_2.wav,	3,	229,	5.73,	3.1205942630767822,	15,	0.3
Basti,	1,	6,	1,	30,	uso_300ms_82.wav,	0,	146,	2.97,	1.9152350425720215,	15,	0.3
Basti,	1,	6,	1,	31,	uso_300ms_77.wav,	4,	209,	5.07,	1.662010908126831,	15,	0.3
Basti,	1,	6,	1,	32,	uso_300ms_81.wav,	5,	271,	7.13,	1.6999988555908203,	15,	0.3
Basti,	1,	6,	1,	33,	uso_300ms_60.wav,	1,	179,	4.07,	1.9683265686035156,	15,	0.3
Basti,	1,	6,	1,	34,	uso_300ms_88.wav,	4,	219,	5.4,	1.684295892715454,	15,	0.3
Basti,	1,	6,	1,	35,	uso_300ms_40.wav,	0,	129,	2.4,	1.6807920932769775,	15,	0.3
Basti,	1,	6,	1,	36,	uso_300ms_59.wav,	10,	311,	8.47,	2.199233293533325,	15,	0.3
Basti,	1,	6,	1,	37,	uso_300ms_3.wav,	2,	184,	4.23,	1.935549259185791,	15,	0.3
Basti,	1,	6,	1,	38,	uso_300ms_23.wav,	6,	252,	6.5,	1.5022976398468018,	15,	0.3
Basti,	1,	6,	1,	39,	uso_300ms_11.wav,	1,	163,	3.53,	1.4911344051361084,	15,	0.3
Basti,	1,	6,	1,	40,	uso_300ms_91.wav,	7,	336,	9.3,	1.757997751235962,	15,	0.3
Basti,	1,	6,	1,	41,	uso_300ms_56.wav,	3,	213,	5.2,	1.986081838607788,	15,	0.3
Basti,	1,	6,	1,	42,	uso_300ms_12.wav,	5,	273,	7.2,	1.7133152484893799,	15,	0.3
Basti,	1,	6,	1,	43,	uso_300ms_58.wav,	9,	324,	8.9,	1.4272692203521729,	15,	0.3
Basti,	1,	6,	1,	44,	uso_300ms_6.wav,	8,	381,	10.8,	1.3828167915344238,	15,	0.3
Basti,	1,	6,	1,	45,	uso_300ms_77.wav,	3,	261,	6.8,	1.6912810802459717,	15,	0.3
Basti,	1,	6,	1,	46,	uso_300ms_54.wav,	7,	205,	4.93,	1.6247053146362305,	15,	0.3
Basti,	1,	6,	1,	47,	uso_300ms_22.wav,	9,	325,	8.93,	1.6856815814971924,	15,	0.3
Basti,	1,	6,	1,	48,	uso_300ms_5.wav,	10,	288,	7.7,	1.539602518081665,	15,	0.3
Basti,	1,	6,	1,	49,	uso_300ms_53.wav,	5,	244,	6.23,	1.5497808456420898,	15,	0.3
Basti,	1,	6,	1,	50,	uso_300ms_70.wav,	2,	190,	4.43,	1.447627067565918,	15,	0.3
Basti,	1,	6,	1,	51,	uso_300ms_60.wav,	1,	143,	2.87,	1.460517406463623,	15,	0.3
Basti,	1,	6,	1,	52,	uso_300ms_55.wav,	4,	199,	4.73,	1.6856131553649902,	15,	0.3
Basti,	1,	6,	1,	53,	uso_300ms_88.wav,	6,	295,	7.93,	1.7125585079193115,	15,	0.3
Basti,	1,	6,	1,	54,	uso_300ms_1.wav,	8,	335,	9.27,	1.5580670833587646,	15,	0.3
Basti,	1,	6,	1,	55,	uso_300ms_70.wav,	0,	133,	2.53,	2.090831756591797,	15,	0.3
Basti,	1,	6,	1,	56,	uso_300ms_88.wav,	10,	310,	8.43,	2.171715021133423,	15,	0.3
Basti,	1,	6,	1,	57,	uso_300ms_42.wav,	9,	353,	9.87,	1.6097722053527832,	15,	0.3
Basti,	1,	6,	1,	58,	uso_300ms_16.wav,	5,	251,	6.47,	2.061819076538086,	15,	0.3
Basti,	1,	6,	1,	59,	uso_300ms_5.wav,	3,	216,	5.3,	1.7084529399871826,	15,	0.3
Basti,	1,	6,	1,	60,	uso_300ms_91.wav,	7,	311,	8.47,	1.908073902130127,	15,	0.3
Basti,	1,	6,	1,	61,	uso_300ms_43.wav,	0,	128,	2.37,	2.689326286315918,	15,	0.3
Basti,	1,	6,	1,	62,	uso_300ms_84.wav,	4,	217,	5.33,	1.9897880554199219,	15,	0.3
Basti,	1,	6,	1,	63,	uso_300ms_3.wav,	8,	343,	9.53,	2.4257805347442627,	15,	0.3
Basti,	1,	6,	1,	64,	uso_300ms_70.wav,	2,	185,	4.27,	1.744253396987915,	15,	0.3
Basti,	1,	6,	1,	65,	uso_300ms_51.wav,	1,	203,	4.87,	1.7647764682769775,	15,	0.3
Basti,	1,	6,	1,	66,	uso_300ms_36.wav,	6,	273,	7.2,	1.3801441192626953,	15,	0.3
Basti,	1,	6,	1,	67,	uso_300ms_90.wav,	2,	190,	4.43,	1.6339898109436035,	15,	0.3
Basti,	1,	6,	1,	68,	uso_300ms_17.wav,	3,	250,	6.43,	1.5151216983795166,	15,	0.3
Basti,	1,	6,	1,	69,	uso_300ms_64.wav,	6,	319,	8.73,	1.4591398239135742,	15,	0.3
Basti,	1,	6,	1,	70,	uso_300ms_63.wav,	10,	411,	11.8,	1.676124095916748,	15,	0.3
Basti,	1,	6,	1,	71,	uso_300ms_14.wav,	0,	144,	2.9,	2.3736836910247803,	15,	0.3
Basti,	1,	6,	1,	72,	uso_300ms_81.wav,	1,	165,	3.6,	1.0001120567321777,	15,	0.3
Basti,	1,	6,	1,	73,	uso_300ms_77.wav,	5,	228,	5.7,	1.282578945159912,	15,	0.3
Basti,	1,	6,	1,	74,	uso_300ms_61.wav,	7,	289,	7.73,	1.3901312351226807,	15,	0.3
Basti,	1,	6,	1,	75,	uso_300ms_19.wav,	8,	333,	9.2,	1.360858678817749,	15,	0.3
Basti,	1,	6,	1,	76,	uso_300ms_90.wav,	9,	365,	10.27,	1.535980463027954,	15,	0.3
Basti,	1,	6,	1,	77,	uso_300ms_48.wav,	4,	239,	6.07,	1.5796761512756348,	15,	0.3
Basti,	1,	6,	1,	78,	uso_300ms_21.wav,	8,	302,	8.17,	1.3796217441558838,	15,	0.3
Basti,	1,	6,	1,	79,	uso_300ms_42.wav,	3,	217,	5.33,	1.519897222518921,	15,	0.3
Basti,	1,	6,	1,	80,	uso_300ms_72.wav,	5,	257,	6.67,	1.8369488716125488,	15,	0.3
Basti,	1,	6,	1,	81,	uso_300ms_48.wav,	9,	285,	7.6,	1.348848581314087,	15,	0.3
Basti,	1,	6,	1,	82,	uso_300ms_65.wav,	0,	135,	2.6,	1.7691895961761475,	15,	0.3
Basti,	1,	6,	1,	83,	uso_300ms_66.wav,	7,	223,	5.53,	1.6893653869628906,	15,	0.3
Basti,	1,	6,	1,	84,	uso_300ms_94.wav,	6,	288,	7.7,	1.464702844619751,	15,	0.3
Basti,	1,	6,	1,	85,	uso_300ms_25.wav,	1,	167,	3.67,	1.5539908409118652,	15,	0.3
Basti,	1,	6,	1,	86,	uso_300ms_50.wav,	2,	182,	4.17,	1.5194785594940186,	15,	0.3
Basti,	1,	6,	1,	87,	uso_300ms_45.wav,	10,	325,	8.93,	2.0520734786987305,	15,	0.3
Basti,	1,	6,	1,	88,	uso_300ms_87.wav,	4,	251,	6.47,	1.6353390216827393,	15,	0.3
Basti,	1,	6,	1,	89,	uso_300ms_12.wav,	0,	165,	3.6,	1.458629846572876,	15,	0.3
Basti,	1,	6,	1,	90,	uso_300ms_32.wav,	4,	229,	5.73,	1.5161991119384766,	15,	0.3
Basti,	1,	6,	1,	91,	uso_300ms_70.wav,	5,	275,	7.27,	1.4786796569824219,	15,	0.3
Basti,	1,	6,	1,	92,	uso_300ms_16.wav,	7,	337,	9.33,	1.3766019344329834,	15,	0.3
Basti,	1,	6,	1,	93,	uso_300ms_70.wav,	3,	208,	5.03,	1.6881422996520996,	15,	0.3
Basti,	1,	6,	1,	94,	uso_300ms_49.wav,	1,	164,	3.57,	1.243567943572998,	15,	0.3
Basti,	1,	6,	1,	95,	uso_300ms_63.wav,	10,	312,	8.5,	1.722097635269165,	15,	0.3
Basti,	1,	6,	1,	96,	uso_300ms_61.wav,	2,	171,	3.8,	1.8595294952392578,	15,	0.3
Basti,	1,	6,	1,	97,	uso_300ms_93.wav,	8,	348,	9.7,	1.8133089542388916,	15,	0.3
Basti,	1,	6,	1,	98,	uso_300ms_39.wav,	6,	379,	10.73,	1.5352818965911865,	15,	0.3
Basti,	1,	6,	1,	99,	uso_300ms_51.wav,	9,	413,	11.87,	1.4511256217956543,	15,	0.3
Basti,	1,	6,	1,	100,	uso_300ms_36.wav,	4,	242,	6.17,	2.758129119873047,	15,	0.3
Basti,	1,	6,	1,	101,	uso_300ms_54.wav,	2,	186,	4.3,	1.7608447074890137,	15,	0.3
Basti,	1,	6,	1,	102,	uso_300ms_58.wav,	5,	253,	6.53,	1.2379848957061768,	15,	0.3
Basti,	1,	6,	1,	103,	uso_300ms_17.wav,	1,	175,	3.93,	1.5859005451202393,	15,	0.3
Basti,	1,	6,	1,	104,	uso_300ms_100.wav,	9,	288,	7.7,	1.8544790744781494,	15,	0.3
Basti,	1,	6,	1,	105,	uso_300ms_75.wav,	10,	328,	9.03,	2.184941291809082,	15,	0.3
Basti,	1,	6,	1,	106,	uso_300ms_20.wav,	0,	130,	2.43,	1.9065806865692139,	15,	0.3
Basti,	1,	6,	1,	107,	uso_300ms_9.wav,	8,	269,	7.07,	1.864424467086792,	15,	0.3
Basti,	1,	6,	1,	108,	uso_300ms_95.wav,	6,	211,	5.13,	1.7067275047302246,	15,	0.3
Basti,	1,	6,	1,	109,	uso_300ms_11.wav,	7,	266,	6.97,	1.6715946197509766,	15,	0.3
Basti,	1,	6,	1,	110,	uso_300ms_46.wav,	3,	210,	5.1,	1.4257590770721436,	15,	0.3
Basti,	1,	6,	1,	111,	uso_300ms_8.wav,	10,	326,	8.97,	1.54951810836792,	15,	0.3
Basti,	1,	6,	1,	112,	uso_300ms_90.wav,	9,	410,	11.77,	1.43086838722229,	15,	0.3
Basti,	1,	6,	1,	113,	uso_300ms_55.wav,	2,	200,	4.77,	2.069751262664795,	15,	0.3
Basti,	1,	6,	1,	114,	uso_300ms_51.wav,	6,	290,	7.77,	1.5860505104064941,	15,	0.3
Basti,	1,	6,	1,	115,	uso_300ms_80.wav,	7,	237,	6.0,	1.3011412620544434,	15,	0.3
Basti,	1,	6,	1,	116,	uso_300ms_49.wav,	0,	156,	3.3,	1.446504831314087,	15,	0.3
Basti,	1,	6,	1,	117,	uso_300ms_37.wav,	3,	210,	5.1,	1.4497294425964355,	15,	0.3
Basti,	1,	6,	1,	118,	uso_300ms_15.wav,	5,	265,	6.93,	1.4150846004486084,	15,	0.3
Basti,	1,	6,	1,	119,	uso_300ms_54.wav,	4,	205,	4.93,	1.5578563213348389,	15,	0.3
Basti,	1,	6,	1,	120,	uso_300ms_3.wav,	1,	145,	2.93,	1.7028589248657227,	15,	0.3
Basti,	1,	6,	1,	121,	uso_300ms_72.wav,	8,	324,	8.9,	1.9024817943572998,	15,	0.3
Basti,	1,	6,	1,	122,	uso_300ms_44.wav,	10,	400,	11.43,	1.743478775024414,	15,	0.3
Basti,	1,	6,	1,	123,	uso_300ms_10.wav,	2,	231,	5.8,	1.8098115921020508,	15,	0.3
Basti,	1,	6,	1,	124,	uso_300ms_34.wav,	6,	286,	7.63,	1.6549115180969238,	15,	0.3
Basti,	1,	6,	1,	125,	uso_300ms_56.wav,	1,	159,	3.4,	1.6367278099060059,	15,	0.3
Basti,	1,	6,	1,	126,	uso_300ms_10.wav,	9,	334,	9.23,	1.8885037899017334,	15,	0.3
Basti,	1,	6,	1,	127,	uso_300ms_17.wav,	8,	357,	10.0,	1.667320728302002,	15,	0.3
Basti,	1,	6,	1,	128,	uso_300ms_80.wav,	3,	205,	4.93,	1.9193885326385498,	15,	0.3
Basti,	1,	6,	1,	129,	uso_300ms_83.wav,	0,	137,	2.67,	1.624405860900879,	15,	0.3
Basti,	1,	6,	1,	130,	uso_300ms_55.wav,	5,	210,	5.1,	1.4042599201202393,	15,	0.3
Basti,	1,	6,	1,	131,	uso_300ms_94.wav,	4,	270,	7.1,	1.979294776916504,	15,	0.3
Basti,	1,	6,	1,	132,	uso_300ms_8.wav,	7,	303,	8.2,	1.6011760234832764,	15,	0.3
Basti,	1,	6,	1,	133,	uso_300ms_33.wav,	5,	225,	5.6,	1.6879990100860596,	15,	0.3
Basti,	1,	6,	1,	134,	uso_300ms_49.wav,	7,	274,	7.23,	1.5536181926727295,	15,	0.3
Basti,	1,	6,	1,	135,	uso_300ms_90.wav,	2,	185,	4.27,	1.3734750747680664,	15,	0.3
Basti,	1,	6,	1,	136,	uso_300ms_78.wav,	8,	318,	8.7,	1.656968116760254,	15,	0.3
Basti,	1,	6,	1,	137,	uso_300ms_93.wav,	6,	220,	5.43,	1.6440088748931885,	15,	0.3
Basti,	1,	6,	1,	138,	uso_300ms_83.wav,	1,	155,	3.27,	1.3656294345855713,	15,	0.3
Basti,	1,	6,	1,	139,	uso_300ms_20.wav,	9,	366,	10.3,	1.9565391540527344,	15,	0.3
Basti,	1,	6,	1,	140,	uso_300ms_73.wav,	3,	291,	7.8,	1.5300590991973877,	15,	0.3
Basti,	1,	6,	1,	141,	uso_300ms_84.wav,	10,	418,	12.03,	1.926257610321045,	15,	0.3
Basti,	1,	6,	1,	142,	uso_300ms_48.wav,	0,	132,	2.5,	2.9593706130981445,	15,	0.3
Basti,	1,	6,	1,	143,	uso_300ms_94.wav,	4,	213,	5.2,	1.29469633102417,	15,	0.3
Basti,	1,	6,	1,	144,	uso_300ms_49.wav,	8,	301,	8.13,	1.4479470252990723,	15,	0.3
Basti,	1,	6,	1,	145,	uso_300ms_20.wav,	5,	244,	6.23,	1.393359661102295,	15,	0.3
Basti,	1,	6,	1,	146,	uso_300ms_93.wav,	6,	371,	10.47,	1.8026130199432373,	15,	0.3
Basti,	1,	6,	1,	147,	uso_300ms_16.wav,	3,	252,	6.5,	1.710235357284546,	15,	0.3
Basti,	1,	6,	1,	148,	uso_300ms_53.wav,	10,	442,	12.83,	2.326148271560669,	15,	0.3
Basti,	1,	6,	1,	149,	uso_300ms_46.wav,	4,	267,	7.0,	2.001692056655884,	15,	0.3
Basti,	1,	6,	1,	150,	uso_300ms_83.wav,	9,	327,	9.0,	1.6018128395080566,	15,	0.3
Basti,	1,	6,	1,	151,	uso_300ms_22.wav,	1,	177,	4.0,	1.681417465209961,	15,	0.3
Basti,	1,	6,	1,	152,	uso_300ms_26.wav,	2,	144,	2.9,	1.5290696620941162,	15,	0.3
Basti,	1,	6,	1,	153,	uso_300ms_58.wav,	0,	122,	2.17,	1.3078334331512451,	15,	0.3
Basti,	1,	6,	1,	154,	uso_300ms_41.wav,	7,	284,	7.57,	1.8380379676818848,	15,	0.3
Basti,	1,	6,	1,	155,	uso_300ms_86.wav,	9,	243,	6.2,	1.8575778007507324,	15,	0.3
Basti,	1,	6,	1,	156,	uso_300ms_98.wav,	4,	210,	5.1,	1.6004743576049805,	15,	0.3
Basti,	1,	6,	1,	157,	uso_300ms_63.wav,	5,	243,	6.2,	1.2887794971466064,	15,	0.3
Basti,	1,	6,	1,	158,	uso_300ms_45.wav,	10,	364,	10.23,	1.623199462890625,	15,	0.3
Basti,	1,	6,	1,	159,	uso_300ms_56.wav,	3,	275,	7.27,	2.191570997238159,	15,	0.3
Basti,	1,	6,	1,	160,	uso_300ms_61.wav,	0,	141,	2.8,	1.8075604438781738,	15,	0.3
Basti,	1,	6,	1,	161,	uso_300ms_34.wav,	8,	369,	10.4,	2.266380548477173,	15,	0.3
Basti,	1,	6,	1,	162,	uso_300ms_36.wav,	6,	326,	8.97,	1.6050970554351807,	15,	0.3
Basti,	1,	6,	1,	163,	uso_300ms_62.wav,	7,	278,	7.37,	1.7086946964263916,	15,	0.3
Basti,	1,	6,	1,	164,	uso_300ms_23.wav,	1,	162,	3.5,	2.0602426528930664,	15,	0.3
Basti,	1,	6,	1,	165,	uso_300ms_28.wav,	2,	195,	4.6,	1.7635507583618164,	15,	0.3
