sub_id,cond_id,block_id,task_id,event_id,stim_id,speaker_id,led_id,led_distance,response_time,n_reps,isi
29,	1,	2,	2,	1,	uso_300ms_89.wav,	5,	213,	5.2,	4.245835304260254,	15,	0.3
29,	1,	2,	2,	2,	uso_300ms_91.wav,	3,	157,	3.33,	1.9991474151611328,	15,	0.3
29,	1,	2,	2,	3,	uso_300ms_30.wav,	1,	127,	2.33,	2.0302300453186035,	15,	0.3
29,	1,	2,	2,	4,	uso_300ms_60.wav,	4,	267,	7.0,	3.9447760581970215,	15,	0.3
29,	1,	2,	2,	5,	uso_300ms_67.wav,	2,	309,	8.4,	2.526358127593994,	15,	0.3
29,	1,	2,	2,	6,	uso_300ms_23.wav,	4,	247,	6.33,	2.581508159637451,	15,	0.3
29,	1,	2,	2,	7,	uso_300ms_64.wav,	2,	219,	5.4,	2.933333396911621,	15,	0.3
29,	1,	2,	2,	8,	uso_300ms_56.wav,	5,	322,	8.83,	1.9177494049072266,	15,	0.3
29,	1,	2,	2,	9,	uso_300ms_66.wav,	3,	287,	7.67,	1.8267147541046143,	15,	0.3
29,	1,	2,	2,	10,	uso_300ms_48.wav,	1,	188,	4.37,	2.290370225906372,	15,	0.3
29,	1,	2,	2,	11,	uso_300ms_28.wav,	4,	264,	6.9,	1.8120715618133545,	15,	0.3
29,	1,	2,	2,	12,	uso_300ms_57.wav,	3,	320,	8.77,	1.9466946125030518,	15,	0.3
29,	1,	2,	2,	13,	uso_300ms_90.wav,	2,	353,	9.87,	1.2945201396942139,	15,	0.3
29,	1,	2,	2,	14,	uso_300ms_26.wav,	5,	373,	10.53,	1.874028205871582,	15,	0.3
29,	1,	2,	2,	15,	uso_300ms_91.wav,	1,	255,	6.6,	2.2420687675476074,	15,	0.3
29,	1,	2,	2,	16,	uso_300ms_87.wav,	2,	225,	5.6,	2.6159234046936035,	15,	0.3
29,	1,	2,	2,	17,	uso_300ms_75.wav,	4,	190,	4.43,	1.369112253189087,	15,	0.3
29,	1,	2,	2,	18,	uso_300ms_71.wav,	1,	154,	3.23,	1.957495927810669,	15,	0.3
29,	1,	2,	2,	19,	uso_300ms_91.wav,	5,	315,	8.6,	2.7750232219696045,	15,	0.3
29,	1,	2,	2,	20,	uso_300ms_44.wav,	3,	230,	5.77,	1.8763914108276367,	15,	0.3
29,	1,	2,	2,	21,	uso_300ms_38.wav,	2,	198,	4.7,	1.9063260555267334,	15,	0.3
29,	1,	2,	2,	22,	uso_300ms_9.wav,	4,	215,	5.27,	2.2840311527252197,	15,	0.3
29,	1,	2,	2,	23,	uso_300ms_43.wav,	5,	244,	6.23,	1.669154405593872,	15,	0.3
29,	1,	2,	2,	24,	uso_300ms_14.wav,	1,	168,	3.7,	2.7690846920013428,	15,	0.3
29,	1,	2,	2,	25,	uso_300ms_22.wav,	3,	192,	4.5,	2.1788642406463623,	15,	0.3
29,	1,	2,	2,	26,	uso_300ms_98.wav,	5,	223,	5.53,	2.4735641479492188,	15,	0.3
29,	1,	2,	2,	27,	uso_300ms_46.wav,	1,	171,	3.8,	2.9159889221191406,	15,	0.3
29,	1,	2,	2,	28,	uso_300ms_77.wav,	2,	195,	4.6,	1.8627190589904785,	15,	0.3
29,	1,	2,	2,	29,	uso_300ms_91.wav,	3,	281,	7.47,	1.6435208320617676,	15,	0.3
29,	1,	2,	2,	30,	uso_300ms_79.wav,	4,	257,	6.67,	4.4848034381866455,	15,	0.3
29,	1,	2,	2,	31,	uso_300ms_24.wav,	1,	154,	3.23,	5.991173505783081,	15,	0.3
29,	1,	2,	2,	32,	uso_300ms_64.wav,	4,	323,	8.87,	3.2910683155059814,	15,	0.3
29,	1,	2,	2,	33,	uso_300ms_13.wav,	3,	217,	5.33,	2.387993812561035,	15,	0.3
29,	1,	2,	2,	34,	uso_300ms_27.wav,	2,	182,	4.17,	1.9379920959472656,	15,	0.3
29,	1,	2,	2,	35,	uso_300ms_27.wav,	5,	265,	6.93,	2.1843690872192383,	15,	0.3
29,	1,	2,	2,	36,	uso_300ms_44.wav,	2,	309,	8.4,	2.9848647117614746,	15,	0.3
29,	1,	2,	2,	37,	uso_300ms_90.wav,	3,	342,	9.5,	1.9343738555908203,	15,	0.3
29,	1,	2,	2,	38,	uso_300ms_73.wav,	5,	417,	12.0,	2.403066635131836,	15,	0.3
29,	1,	2,	2,	39,	uso_300ms_87.wav,	1,	161,	3.47,	4.5771708488464355,	15,	0.3
29,	1,	2,	2,	40,	uso_300ms_1.wav,	4,	336,	9.3,	3.980851411819458,	15,	0.3
29,	1,	2,	2,	41,	uso_300ms_63.wav,	3,	381,	10.8,	1.9115581512451172,	15,	0.3
29,	1,	2,	2,	42,	uso_300ms_40.wav,	2,	253,	6.53,	2.3621156215667725,	15,	0.3
29,	1,	2,	2,	43,	uso_300ms_65.wav,	4,	362,	10.17,	2.1548755168914795,	15,	0.3
29,	1,	2,	2,	44,	uso_300ms_94.wav,	1,	245,	6.27,	1.9834468364715576,	15,	0.3
29,	1,	2,	2,	45,	uso_300ms_89.wav,	5,	330,	9.1,	1.8058192729949951,	15,	0.3
29,	1,	2,	2,	46,	uso_300ms_61.wav,	2,	360,	10.1,	1.5709483623504639,	15,	0.3
29,	1,	2,	2,	47,	uso_300ms_18.wav,	1,	195,	4.6,	2.5665619373321533,	15,	0.3
29,	1,	2,	2,	48,	uso_300ms_56.wav,	4,	274,	7.23,	2.7956597805023193,	15,	0.3
29,	1,	2,	2,	49,	uso_300ms_50.wav,	5,	342,	9.5,	1.9085068702697754,	15,	0.3
29,	1,	2,	2,	50,	uso_300ms_83.wav,	3,	288,	7.7,	3.647088050842285,	15,	0.3
29,	1,	2,	2,	51,	uso_300ms_24.wav,	2,	243,	6.2,	2.288182020187378,	15,	0.3
29,	1,	2,	2,	52,	uso_300ms_94.wav,	5,	336,	9.3,	1.69169020652771,	15,	0.3
29,	1,	2,	2,	53,	uso_300ms_17.wav,	1,	168,	3.7,	4.496694087982178,	15,	0.3
29,	1,	2,	2,	54,	uso_300ms_34.wav,	4,	208,	5.03,	1.6392581462860107,	15,	0.3
29,	1,	2,	2,	55,	uso_300ms_72.wav,	3,	236,	5.97,	1.461883783340454,	15,	0.3
29,	1,	2,	2,	56,	uso_300ms_19.wav,	5,	289,	7.73,	2.210367202758789,	15,	0.3
29,	1,	2,	2,	57,	uso_300ms_36.wav,	4,	346,	9.63,	1.8868415355682373,	15,	0.3
29,	1,	2,	2,	58,	uso_300ms_61.wav,	1,	145,	2.93,	4.311214447021484,	15,	0.3
29,	1,	2,	2,	59,	uso_300ms_64.wav,	2,	194,	4.57,	2.9918267726898193,	15,	0.3
29,	1,	2,	2,	60,	uso_300ms_33.wav,	3,	220,	5.43,	2.053185224533081,	15,	0.3
29,	1,	2,	2,	61,	uso_300ms_71.wav,	5,	299,	8.07,	1.829737663269043,	15,	0.3
29,	1,	2,	2,	62,	uso_300ms_23.wav,	1,	138,	2.7,	4.1681108474731445,	15,	0.3
29,	1,	2,	2,	63,	uso_300ms_66.wav,	4,	197,	4.67,	1.5338664054870605,	15,	0.3
29,	1,	2,	2,	64,	uso_300ms_69.wav,	2,	180,	4.1,	2.859255313873291,	15,	0.3
29,	1,	2,	2,	65,	uso_300ms_26.wav,	3,	154,	3.23,	2.2943484783172607,	15,	0.3
29,	1,	2,	2,	66,	uso_300ms_23.wav,	5,	209,	5.07,	1.9247701168060303,	15,	0.3
29,	1,	2,	2,	67,	uso_300ms_100.wav,	2,	239,	6.07,	2.2838938236236572,	15,	0.3
29,	1,	2,	2,	68,	uso_300ms_53.wav,	4,	292,	7.83,	1.769456386566162,	15,	0.3
29,	1,	2,	2,	69,	uso_300ms_94.wav,	3,	249,	6.4,	2.0304784774780273,	15,	0.3
29,	1,	2,	2,	70,	uso_300ms_28.wav,	1,	213,	5.2,	1.6616365909576416,	15,	0.3
29,	1,	2,	2,	71,	uso_300ms_38.wav,	2,	195,	4.6,	1.86358642578125,	15,	0.3
29,	1,	2,	2,	72,	uso_300ms_19.wav,	5,	355,	9.93,	2.1643216609954834,	15,	0.3
29,	1,	2,	2,	73,	uso_300ms_57.wav,	4,	278,	7.37,	2.651510000228882,	15,	0.3
29,	1,	2,	2,	74,	uso_300ms_73.wav,	1,	212,	5.17,	2.2532846927642822,	15,	0.3
29,	1,	2,	2,	75,	uso_300ms_52.wav,	3,	228,	5.7,	2.9640166759490967,	15,	0.3
