sub_id,cond_id,block_id,task_id,event_id,stim_id,speaker_id,led_id,led_distance,response_time,n_reps,isi
29,	1,	1,	2,	1,	uso_300ms_41.wav,	3,	157,	3.33,	0.20046401023864746,	15,	0.3
29,	1,	1,	2,	2,	uso_300ms_66.wav,	4,	231,	5.8,	4.7688517570495605,	15,	0.3
29,	1,	1,	2,	3,	uso_300ms_99.wav,	2,	186,	4.3,	5.296653985977173,	15,	0.3
29,	1,	1,	2,	4,	uso_300ms_76.wav,	5,	281,	7.47,	3.184629440307617,	15,	0.3
29,	1,	1,	2,	5,	uso_300ms_15.wav,	1,	370,	10.43,	3.4931857585906982,	15,	0.3
29,	1,	1,	2,	6,	uso_300ms_5.wav,	5,	426,	12.3,	4.680088758468628,	15,	0.3
29,	1,	1,	2,	7,	uso_300ms_41.wav,	3,	439,	12.73,	5.457611322402954,	15,	0.3
29,	1,	1,	2,	8,	uso_300ms_85.wav,	2,	320,	8.77,	2.762366771697998,	15,	0.3
29,	1,	1,	2,	9,	uso_300ms_83.wav,	4,	254,	6.57,	4.227260112762451,	15,	0.3
29,	1,	1,	2,	10,	uso_300ms_6.wav,	1,	191,	4.47,	2.6688380241394043,	15,	0.3
29,	1,	1,	2,	11,	uso_300ms_72.wav,	2,	241,	6.13,	3.726498603820801,	15,	0.3
29,	1,	1,	2,	12,	uso_300ms_32.wav,	3,	279,	7.4,	3.4057624340057373,	15,	0.3
29,	1,	1,	2,	13,	uso_300ms_60.wav,	1,	378,	10.7,	3.240544319152832,	15,	0.3
29,	1,	1,	2,	14,	uso_300ms_73.wav,	5,	438,	12.7,	3.239353656768799,	15,	0.3
29,	1,	1,	2,	15,	uso_300ms_49.wav,	4,	379,	10.73,	3.5586814880371094,	15,	0.3
29,	1,	1,	2,	16,	uso_300ms_42.wav,	5,	405,	11.6,	4.917117595672607,	15,	0.3
29,	1,	1,	2,	17,	uso_300ms_52.wav,	4,	239,	6.07,	2.870927333831787,	15,	0.3
29,	1,	1,	2,	18,	uso_300ms_68.wav,	1,	197,	4.67,	5.116132974624634,	15,	0.3
29,	1,	1,	2,	19,	uso_300ms_100.wav,	3,	246,	6.3,	3.3317441940307617,	15,	0.3
29,	1,	1,	2,	20,	uso_300ms_89.wav,	2,	286,	7.63,	3.5336685180664062,	15,	0.3
29,	1,	1,	2,	21,	uso_300ms_46.wav,	5,	422,	12.17,	2.6248972415924072,	15,	0.3
29,	1,	1,	2,	22,	uso_300ms_35.wav,	2,	438,	12.7,	2.6641931533813477,	15,	0.3
29,	1,	1,	2,	23,	uso_300ms_15.wav,	1,	403,	11.53,	2.6789121627807617,	15,	0.3
29,	1,	1,	2,	24,	uso_300ms_90.wav,	4,	435,	12.6,	4.521901845932007,	15,	0.3
29,	1,	1,	2,	25,	uso_300ms_58.wav,	3,	343,	9.53,	3.637836456298828,	15,	0.3
29,	1,	1,	2,	26,	uso_300ms_3.wav,	2,	375,	10.6,	4.154346704483032,	15,	0.3
29,	1,	1,	2,	27,	uso_300ms_100.wav,	3,	235,	5.93,	3.2867093086242676,	15,	0.3
29,	1,	1,	2,	28,	uso_300ms_97.wav,	4,	195,	4.6,	3.9730281829833984,	15,	0.3
29,	1,	1,	2,	29,	uso_300ms_19.wav,	5,	400,	11.43,	3.855468988418579,	15,	0.3
29,	1,	1,	2,	30,	uso_300ms_91.wav,	1,	334,	9.23,	3.628232955932617,	15,	0.3
29,	1,	1,	2,	31,	uso_300ms_29.wav,	4,	313,	8.53,	3.0085606575012207,	15,	0.3
29,	1,	1,	2,	32,	uso_300ms_5.wav,	1,	220,	5.43,	2.527874708175659,	15,	0.3
29,	1,	1,	2,	33,	uso_300ms_52.wav,	3,	279,	7.4,	3.5827276706695557,	15,	0.3
29,	1,	1,	2,	34,	uso_300ms_32.wav,	5,	425,	12.27,	2.7227232456207275,	15,	0.3
29,	1,	1,	2,	35,	uso_300ms_39.wav,	2,	379,	10.73,	3.5666697025299072,	15,	0.3
29,	1,	1,	2,	36,	uso_300ms_11.wav,	4,	353,	9.87,	3.7647202014923096,	15,	0.3
29,	1,	1,	2,	37,	uso_300ms_39.wav,	1,	174,	3.9,	2.872053861618042,	15,	0.3
29,	1,	1,	2,	38,	uso_300ms_100.wav,	3,	199,	4.73,	2.4052467346191406,	15,	0.3
29,	1,	1,	2,	39,	uso_300ms_92.wav,	2,	216,	5.3,	3.3541417121887207,	15,	0.3
29,	1,	1,	2,	40,	uso_300ms_71.wav,	5,	429,	12.4,	2.6819489002227783,	15,	0.3
29,	1,	1,	2,	41,	uso_300ms_61.wav,	4,	393,	11.2,	2.125828504562378,	15,	0.3
29,	1,	1,	2,	42,	uso_300ms_23.wav,	1,	177,	4.0,	3.423865795135498,	15,	0.3
29,	1,	1,	2,	43,	uso_300ms_16.wav,	3,	195,	4.6,	1.8859672546386719,	15,	0.3
29,	1,	1,	2,	44,	uso_300ms_2.wav,	2,	215,	5.27,	1.6693639755249023,	15,	0.3
29,	1,	1,	2,	45,	uso_300ms_82.wav,	5,	394,	11.23,	2.6034278869628906,	15,	0.3
29,	1,	1,	2,	46,	uso_300ms_39.wav,	2,	358,	10.03,	3.172506093978882,	15,	0.3
29,	1,	1,	2,	47,	uso_300ms_55.wav,	4,	273,	7.2,	2.1350789070129395,	15,	0.3
29,	1,	1,	2,	48,	uso_300ms_44.wav,	3,	244,	6.23,	1.8141608238220215,	15,	0.3
29,	1,	1,	2,	49,	uso_300ms_60.wav,	5,	221,	5.47,	1.9768216609954834,	15,	0.3
29,	1,	1,	2,	50,	uso_300ms_19.wav,	1,	183,	4.2,	1.6369962692260742,	15,	0.3
29,	1,	1,	2,	51,	uso_300ms_97.wav,	5,	221,	5.47,	2.339144706726074,	15,	0.3
29,	1,	1,	2,	52,	uso_300ms_37.wav,	4,	262,	6.83,	2.306083917617798,	15,	0.3
29,	1,	1,	2,	53,	uso_300ms_84.wav,	1,	290,	7.77,	3.872244119644165,	15,	0.3
29,	1,	1,	2,	54,	uso_300ms_81.wav,	3,	360,	10.1,	1.9794023036956787,	15,	0.3
29,	1,	1,	2,	55,	uso_300ms_22.wav,	2,	384,	10.9,	1.2925264835357666,	15,	0.3
29,	1,	1,	2,	56,	uso_300ms_5.wav,	4,	318,	8.7,	2.8858563899993896,	15,	0.3
29,	1,	1,	2,	57,	uso_300ms_88.wav,	1,	200,	4.77,	2.0771236419677734,	15,	0.3
29,	1,	1,	2,	58,	uso_300ms_37.wav,	5,	243,	6.2,	2.8807730674743652,	15,	0.3
29,	1,	1,	2,	59,	uso_300ms_37.wav,	2,	270,	7.1,	3.1051721572875977,	15,	0.3
29,	1,	1,	2,	60,	uso_300ms_19.wav,	3,	345,	9.6,	1.8753917217254639,	15,	0.3
29,	1,	1,	2,	61,	uso_300ms_25.wav,	1,	258,	6.7,	2.732481002807617,	15,	0.3
29,	1,	1,	2,	62,	uso_300ms_12.wav,	2,	355,	9.93,	2.1877782344818115,	15,	0.3
29,	1,	1,	2,	63,	uso_300ms_92.wav,	4,	290,	7.77,	3.043569564819336,	15,	0.3
29,	1,	1,	2,	64,	uso_300ms_27.wav,	3,	339,	9.4,	2.30542254447937,	15,	0.3
29,	1,	1,	2,	65,	uso_300ms_57.wav,	5,	415,	11.93,	1.9393560886383057,	15,	0.3
29,	1,	1,	2,	66,	uso_300ms_48.wav,	3,	434,	12.57,	3.3587379455566406,	15,	0.3
29,	1,	1,	2,	67,	uso_300ms_97.wav,	5,	296,	7.97,	2.6892077922821045,	15,	0.3
29,	1,	1,	2,	68,	uso_300ms_89.wav,	1,	206,	4.97,	2.0877654552459717,	15,	0.3
29,	1,	1,	2,	69,	uso_300ms_25.wav,	2,	206,	4.97,	0.2964789867401123,	15,	0.3
29,	1,	1,	2,	70,	uso_300ms_75.wav,	4,	251,	6.47,	3.1222662925720215,	15,	0.3
29,	1,	1,	2,	71,	uso_300ms_32.wav,	3,	280,	7.43,	2.5896358489990234,	15,	0.3
29,	1,	1,	2,	72,	uso_300ms_2.wav,	2,	322,	8.83,	3.5382673740386963,	15,	0.3
29,	1,	1,	2,	73,	uso_300ms_28.wav,	1,	349,	9.73,	4.001507759094238,	15,	0.3
29,	1,	1,	2,	74,	uso_300ms_46.wav,	4,	405,	11.6,	1.528395414352417,	15,	0.3
29,	1,	1,	2,	75,	uso_300ms_54.wav,	5,	422,	12.17,	2.0301694869995117,	15,	0.3
