sub_id,cond_id,block_id,task_id,event_id,stim_id,speaker_id,led_id,led_distance,response_time,n_reps,isi
29,	1,	3,	2,	1,	uso_300ms_89.wav,	1,	126.58863600000004,	2.32,	nan,	90,	2
29,	1,	3,	2,	2,	uso_300ms_86.wav,	1,	126.6079350000001,	2.32,	nan,	90,	2
29,	1,	3,	2,	3,	uso_300ms_88.wav,	5,	276.78576700000013,	7.33,	nan,	90,	2
29,	1,	3,	2,	4,	uso_300ms_38.wav,	5,	387.23405600000024,	11.01,	nan,	90,	2
29,	1,	3,	2,	5,	uso_300ms_3.wav,	5,	410.4368930000004,	11.78,	nan,	90,	2
29,	1,	3,	2,	6,	uso_300ms_9.wav,	5,	444.05376300000046,	12.9,	nan,	90,	2
29,	1,	3,	2,	7,	uso_300ms_92.wav,	2,	170.80774800000017,	3.79,	nan,	90,	2
29,	1,	3,	2,	8,	uso_300ms_1.wav,	1,	122.47231400000018,	2.18,	nan,	90,	2
29,	1,	3,	2,	9,	uso_300ms_34.wav,	2,	188.49606200000017,	4.38,	nan,	90,	2
29,	1,	3,	2,	10,	uso_300ms_35.wav,	5,	315.2148359999999,	8.61,	nan,	90,	2
29,	1,	3,	2,	11,	uso_300ms_14.wav,	5,	453.44661499999995,	13.21,	nan,	90,	2
29,	1,	3,	2,	12,	uso_300ms_73.wav,	5,	252.6188689999998,	6.52,	nan,	90,	2
29,	1,	3,	2,	13,	uso_300ms_4.wav,	3,	196.3454419999994,	4.64,	nan,	90,	2
29,	1,	3,	2,	14,	uso_300ms_97.wav,	1,	116.59014399999906,	1.99,	nan,	90,	2
29,	1,	3,	2,	15,	uso_300ms_1.wav,	3,	203.46368599999911,	4.88,	nan,	90,	2
29,	1,	3,	2,	16,	uso_300ms_42.wav,	1,	129.9380729999991,	2.43,	nan,	90,	2
29,	1,	3,	2,	17,	uso_300ms_3.wav,	4,	247.19356799999912,	6.34,	nan,	90,	2
29,	1,	3,	2,	18,	uso_300ms_96.wav,	1,	151.65091099999918,	3.16,	nan,	90,	2
29,	1,	3,	2,	19,	uso_300ms_92.wav,	5,	383.9943929999993,	10.9,	nan,	90,	2
29,	1,	3,	2,	20,	uso_300ms_34.wav,	4,	225.72481999999934,	5.62,	nan,	90,	2
29,	1,	3,	2,	21,	uso_300ms_7.wav,	5,	358.1177449999994,	10.04,	nan,	90,	2
29,	1,	3,	2,	22,	uso_300ms_10.wav,	3,	215.46966599999936,	5.28,	nan,	90,	2
29,	1,	3,	2,	23,	uso_300ms_5.wav,	5,	386.55765299999933,	10.99,	nan,	90,	2
29,	1,	3,	2,	24,	uso_300ms_41.wav,	3,	214.4385169999993,	5.25,	nan,	90,	2
29,	1,	3,	2,	25,	uso_300ms_11.wav,	1,	131.4283309999993,	2.48,	nan,	90,	2
29,	1,	3,	2,	26,	uso_300ms_33.wav,	5,	272.2474149999993,	7.17,	nan,	90,	2
29,	1,	3,	2,	27,	uso_300ms_88.wav,	5,	404.4564639999992,	11.58,	nan,	90,	2
29,	1,	3,	2,	28,	uso_300ms_41.wav,	4,	228.36919599999916,	5.71,	nan,	90,	2
29,	1,	3,	2,	29,	uso_300ms_41.wav,	1,	150.3834349999992,	3.11,	nan,	90,	2
29,	1,	3,	2,	30,	uso_300ms_94.wav,	5,	382.36867099999927,	10.85,	nan,	90,	2
29,	1,	3,	2,	31,	uso_300ms_63.wav,	5,	303.3498219999992,	8.21,	nan,	90,	2
29,	1,	3,	2,	32,	uso_300ms_53.wav,	3,	210.5522639999991,	5.12,	nan,	90,	2
29,	1,	3,	2,	33,	uso_300ms_90.wav,	5,	350.5777299999991,	9.79,	nan,	90,	2
29,	1,	3,	2,	34,	uso_300ms_50.wav,	4,	223.2646489999992,	5.54,	nan,	90,	2
29,	1,	3,	2,	35,	uso_300ms_42.wav,	1,	114.0417659999992,	1.9,	nan,	90,	2
29,	1,	3,	2,	36,	uso_300ms_43.wav,	5,	264.01934899999924,	6.9,	nan,	90,	2
29,	1,	3,	2,	37,	uso_300ms_59.wav,	5,	394.5913919999993,	11.25,	nan,	90,	2
29,	1,	3,	2,	38,	uso_300ms_42.wav,	4,	236.47250099999926,	5.98,	nan,	90,	2
29,	1,	3,	2,	39,	uso_300ms_39.wav,	5,	414.00421199999914,	11.9,	nan,	90,	2
29,	1,	3,	2,	40,	uso_300ms_16.wav,	1,	130.03117999999898,	2.43,	nan,	90,	2
29,	1,	3,	2,	41,	uso_300ms_25.wav,	4,	243.083377999999,	6.2,	nan,	90,	2
29,	1,	3,	2,	42,	uso_300ms_70.wav,	5,	357.052617999999,	10.0,	nan,	90,	2
29,	1,	3,	2,	43,	uso_300ms_4.wav,	5,	451.0182099999994,	13.13,	nan,	90,	2
29,	1,	3,	2,	44,	uso_300ms_79.wav,	3,	213.03923099999926,	5.2,	nan,	90,	2
29,	1,	3,	2,	45,	uso_300ms_38.wav,	5,	310.7641379999993,	8.46,	nan,	90,	2
29,	1,	3,	2,	46,	uso_300ms_87.wav,	3,	193.73635999999937,	4.56,	nan,	90,	2
29,	1,	3,	2,	47,	uso_300ms_79.wav,	1,	151.4401059999994,	3.15,	nan,	90,	2
29,	1,	3,	2,	48,	uso_300ms_34.wav,	1,	87.14021999999935,	1.0,	nan,	90,	2
29,	1,	3,	2,	49,	uso_300ms_65.wav,	3,	214.37330499999933,	5.25,	nan,	90,	2
29,	1,	3,	2,	50,	uso_300ms_96.wav,	5,	319.59852999999936,	8.75,	nan,	90,	2
29,	1,	3,	2,	51,	uso_300ms_42.wav,	4,	228.7926539999993,	5.73,	nan,	90,	2
29,	1,	3,	2,	52,	uso_300ms_70.wav,	5,	285.69337199999933,	7.62,	nan,	90,	2
29,	1,	3,	2,	53,	uso_300ms_23.wav,	4,	229.17275399999937,	5.74,	nan,	90,	2
29,	1,	3,	2,	54,	uso_300ms_60.wav,	5,	287.5203509999994,	7.68,	nan,	90,	2
29,	1,	3,	2,	55,	uso_300ms_32.wav,	4,	237.52258499999937,	6.02,	nan,	90,	2
29,	1,	3,	2,	56,	uso_300ms_99.wav,	5,	275.3449009999994,	7.28,	nan,	90,	2
29,	1,	3,	2,	57,	uso_300ms_26.wav,	3,	203.52186299999943,	4.88,	nan,	90,	2
29,	1,	3,	2,	58,	uso_300ms_95.wav,	4,	235.92824399999935,	5.96,	nan,	90,	2
29,	1,	3,	2,	59,	uso_300ms_87.wav,	5,	257.14916399999936,	6.67,	nan,	90,	2
29,	1,	3,	2,	60,	uso_300ms_55.wav,	4,	227.99075499999935,	5.7,	nan,	90,	2
29,	1,	3,	2,	61,	uso_300ms_15.wav,	3,	204.09678699999935,	4.9,	nan,	90,	2
29,	1,	3,	2,	62,	uso_300ms_38.wav,	4,	245.1721779999994,	6.27,	nan,	90,	2
29,	1,	3,	2,	63,	uso_300ms_10.wav,	5,	291.89131199999935,	7.83,	nan,	90,	2
29,	1,	3,	2,	64,	uso_300ms_35.wav,	4,	245.82385699999935,	6.29,	nan,	90,	2
29,	1,	3,	2,	65,	uso_300ms_47.wav,	3,	214.71211899999932,	5.26,	nan,	90,	2
29,	1,	3,	2,	66,	uso_300ms_56.wav,	2,	171.8488509999994,	3.83,	nan,	90,	2
29,	1,	3,	2,	67,	uso_300ms_9.wav,	3,	207.43437999999938,	5.01,	nan,	90,	2
29,	1,	3,	2,	68,	uso_300ms_18.wav,	2,	168.43585399999935,	3.71,	nan,	90,	2
29,	1,	3,	2,	69,	uso_300ms_54.wav,	3,	206.5428039999994,	4.98,	nan,	90,	2
29,	1,	3,	2,	70,	uso_300ms_72.wav,	2,	171.8661549999993,	3.83,	nan,	90,	2
29,	1,	3,	2,	71,	uso_300ms_10.wav,	4,	251.1581579999995,	6.47,	nan,	90,	2
29,	1,	3,	2,	72,	uso_300ms_77.wav,	5,	306.61350899999945,	8.32,	nan,	90,	2
29,	1,	3,	2,	73,	uso_300ms_78.wav,	5,	352.72488899999934,	9.86,	nan,	90,	2
29,	1,	3,	2,	74,	uso_300ms_32.wav,	5,	385.23327399999914,	10.94,	nan,	90,	2
29,	1,	3,	2,	75,	uso_300ms_92.wav,	5,	319.08154499999927,	8.74,	nan,	90,	2
29,	1,	3,	2,	76,	uso_300ms_60.wav,	3,	206.58228399999922,	4.99,	nan,	90,	2
29,	1,	3,	2,	77,	uso_300ms_40.wav,	3,	206.58228399999922,	4.99,	nan,	90,	2
29,	1,	3,	2,	78,	uso_300ms_58.wav,	1,	119.65645899999922,	2.09,	nan,	90,	2
29,	1,	3,	2,	79,	uso_300ms_77.wav,	4,	227.53766599999932,	5.68,	nan,	90,	2
29,	1,	3,	2,	80,	uso_300ms_15.wav,	2,	186.64461099999926,	4.32,	nan,	90,	2
29,	1,	3,	2,	81,	uso_300ms_38.wav,	4,	240.3569269999993,	6.11,	nan,	90,	2
29,	1,	3,	2,	82,	uso_300ms_52.wav,	3,	218.60879499999936,	5.39,	nan,	90,	2
29,	1,	3,	2,	83,	uso_300ms_25.wav,	3,	200.54627499999947,	4.78,	nan,	90,	2
29,	1,	3,	2,	84,	uso_300ms_44.wav,	2,	181.7822219999995,	4.16,	nan,	90,	2
29,	1,	3,	2,	85,	uso_300ms_61.wav,	5,	254.1312609999995,	6.57,	nan,	90,	2
29,	1,	3,	2,	86,	uso_300ms_96.wav,	4,	229.79447299999947,	5.76,	nan,	90,	2
29,	1,	3,	2,	87,	uso_300ms_77.wav,	3,	193.19934099999955,	4.54,	nan,	90,	2
29,	1,	3,	2,	88,	uso_300ms_88.wav,	3,	193.42586799999964,	4.55,	nan,	90,	2
29,	1,	3,	2,	89,	uso_300ms_59.wav,	3,	215.44366099999957,	5.28,	nan,	90,	2
29,	1,	3,	2,	90,	uso_300ms_61.wav,	5,	284.4361649999996,	7.58,	nan,	90,	2
