sub_id,cond_id,block_id,task_id,event_id,stim_id,speaker_id,led_id,led_distance,response_time,n_reps,isi
29,	1,	5,	2,	1,	uso_300ms_35.wav,	1,	136.2382129999995,	2.64,	nan,	90,	2
29,	1,	5,	2,	2,	uso_300ms_52.wav,	2,	190.0393799999995,	4.43,	nan,	90,	2
29,	1,	5,	2,	3,	uso_300ms_10.wav,	4,	239.4040379999995,	6.08,	nan,	90,	2
29,	1,	5,	2,	4,	uso_300ms_92.wav,	5,	267.7595539999996,	7.03,	nan,	90,	2
29,	1,	5,	2,	5,	uso_300ms_36.wav,	5,	298.62135699999953,	8.05,	nan,	90,	2
29,	1,	5,	2,	6,	uso_300ms_32.wav,	5,	313.65373099999954,	8.56,	nan,	90,	2
29,	1,	5,	2,	7,	uso_300ms_5.wav,	5,	348.37222599999944,	9.71,	nan,	90,	2
29,	1,	5,	2,	8,	uso_300ms_65.wav,	5,	398.9202269999995,	11.4,	nan,	90,	2
29,	1,	5,	2,	9,	uso_300ms_21.wav,	5,	438.1532459999994,	12.71,	nan,	90,	2
29,	1,	5,	2,	10,	uso_300ms_7.wav,	5,	451.0483729999995,	13.13,	nan,	90,	2
29,	1,	5,	2,	11,	uso_300ms_25.wav,	4,	241.70079399999926,	6.16,	nan,	90,	2
29,	1,	5,	2,	12,	uso_300ms_73.wav,	5,	326.1122679999993,	8.97,	nan,	90,	2
29,	1,	5,	2,	13,	uso_300ms_65.wav,	5,	355.4700999999993,	9.95,	nan,	90,	2
29,	1,	5,	2,	14,	uso_300ms_56.wav,	4,	237.6569569999993,	6.02,	nan,	90,	2
29,	1,	5,	2,	15,	uso_300ms_98.wav,	5,	305.8760799999993,	8.3,	nan,	90,	2
29,	1,	5,	2,	16,	uso_300ms_5.wav,	4,	237.97155099999924,	6.03,	nan,	90,	2
29,	1,	5,	2,	17,	uso_300ms_43.wav,	3,	203.86725699999934,	4.9,	nan,	90,	2
29,	1,	5,	2,	18,	uso_300ms_57.wav,	3,	221.47241799999927,	5.48,	nan,	90,	2
29,	1,	5,	2,	19,	uso_300ms_80.wav,	4,	245.0385969999993,	6.27,	nan,	90,	2
29,	1,	5,	2,	20,	uso_300ms_52.wav,	2,	190.09824299999906,	4.44,	nan,	90,	2
29,	1,	5,	2,	21,	uso_300ms_33.wav,	3,	208.3419719999985,	5.04,	nan,	90,	2
29,	1,	5,	2,	22,	uso_300ms_26.wav,	4,	239.05288299999822,	6.07,	nan,	90,	2
29,	1,	5,	2,	23,	uso_300ms_60.wav,	3,	202.19305999999816,	4.84,	nan,	90,	2
29,	1,	5,	2,	24,	uso_300ms_94.wav,	4,	243.98492199999816,	6.23,	nan,	90,	2
29,	1,	5,	2,	25,	uso_300ms_83.wav,	4,	224.45010599999821,	5.58,	nan,	90,	2
29,	1,	5,	2,	26,	uso_300ms_38.wav,	3,	220.6210429999982,	5.45,	nan,	90,	2
29,	1,	5,	2,	27,	uso_300ms_41.wav,	2,	167.49477399999807,	3.68,	nan,	90,	2
29,	1,	5,	2,	28,	uso_300ms_87.wav,	3,	200.6305199999981,	4.79,	nan,	90,	2
29,	1,	5,	2,	29,	uso_300ms_79.wav,	2,	174.70016099999822,	3.92,	nan,	90,	2
29,	1,	5,	2,	30,	uso_300ms_33.wav,	4,	223.71091999999828,	5.56,	nan,	90,	2
29,	1,	5,	2,	31,	uso_300ms_45.wav,	3,	201.45485399999836,	4.82,	nan,	90,	2
29,	1,	5,	2,	32,	uso_300ms_27.wav,	2,	169.74501499999835,	3.76,	nan,	90,	2
29,	1,	5,	2,	33,	uso_300ms_47.wav,	2,	169.74501499999835,	3.76,	nan,	90,	2
29,	1,	5,	2,	34,	uso_300ms_24.wav,	2,	169.74501499999835,	3.76,	nan,	90,	2
29,	1,	5,	2,	35,	uso_300ms_44.wav,	1,	114.62480999999843,	1.92,	nan,	90,	2
29,	1,	5,	2,	36,	uso_300ms_43.wav,	1,	103.13682999999848,	1.54,	nan,	90,	2
29,	1,	5,	2,	37,	uso_300ms_39.wav,	1,	150.92368799999846,	3.13,	nan,	90,	2
29,	1,	5,	2,	38,	uso_300ms_98.wav,	2,	176.5433939999982,	3.98,	nan,	90,	2
29,	1,	5,	2,	39,	uso_300ms_97.wav,	1,	140.2438649999983,	2.77,	nan,	90,	2
29,	1,	5,	2,	40,	uso_300ms_46.wav,	2,	191.68736899999817,	4.49,	nan,	90,	2
29,	1,	5,	2,	41,	uso_300ms_74.wav,	3,	210.38892599999812,	5.11,	nan,	90,	2
29,	1,	5,	2,	42,	uso_300ms_1.wav,	2,	184.13287099999826,	4.24,	nan,	90,	2
29,	1,	5,	2,	43,	uso_300ms_89.wav,	1,	147.52674199999822,	3.02,	nan,	90,	2
29,	1,	5,	2,	44,	uso_300ms_11.wav,	2,	186.9040029999981,	4.33,	nan,	90,	2
29,	1,	5,	2,	45,	uso_300ms_80.wav,	1,	144.0241099999981,	2.9,	nan,	90,	2
29,	1,	5,	2,	46,	uso_300ms_73.wav,	1,	144.27630599999722,	2.91,	nan,	90,	2
29,	1,	5,	2,	47,	uso_300ms_8.wav,	3,	201.6788469999968,	4.82,	nan,	90,	2
29,	1,	5,	2,	48,	uso_300ms_32.wav,	4,	237.45795399999668,	6.02,	nan,	90,	2
29,	1,	5,	2,	49,	uso_300ms_98.wav,	5,	259.10366199999675,	6.74,	nan,	90,	2
29,	1,	5,	2,	50,	uso_300ms_87.wav,	5,	298.19040899999675,	8.04,	nan,	90,	2
29,	1,	5,	2,	51,	uso_300ms_48.wav,	5,	307.2277309999969,	8.34,	nan,	90,	2
29,	1,	5,	2,	52,	uso_300ms_66.wav,	5,	355.4411759999974,	9.95,	nan,	90,	2
29,	1,	5,	2,	53,	uso_300ms_18.wav,	3,	193.28963399999762,	4.54,	nan,	90,	2
29,	1,	5,	2,	54,	uso_300ms_44.wav,	1,	161.05907899999804,	3.47,	nan,	90,	2
29,	1,	5,	2,	55,	uso_300ms_67.wav,	1,	113.42230099999801,	1.88,	nan,	90,	2
29,	1,	5,	2,	56,	uso_300ms_100.wav,	2,	171.66717999999787,	3.82,	nan,	90,	2
29,	1,	5,	2,	57,	uso_300ms_51.wav,	3,	211.92305999999775,	5.16,	nan,	90,	2
29,	1,	5,	2,	58,	uso_300ms_16.wav,	2,	163.28347599999785,	3.54,	nan,	90,	2
29,	1,	5,	2,	59,	uso_300ms_77.wav,	1,	134.80018199999796,	2.59,	nan,	90,	2
29,	1,	5,	2,	60,	uso_300ms_26.wav,	1,	160.19666499999798,	3.44,	nan,	90,	2
29,	1,	5,	2,	61,	uso_300ms_12.wav,	3,	203.35373699999798,	4.88,	nan,	90,	2
29,	1,	5,	2,	62,	uso_300ms_16.wav,	5,	352.79945299999787,	9.86,	nan,	90,	2
29,	1,	5,	2,	63,	uso_300ms_36.wav,	5,	341.3432739999978,	9.48,	nan,	90,	2
29,	1,	5,	2,	64,	uso_300ms_88.wav,	3,	212.0220329999978,	5.17,	nan,	90,	2
29,	1,	5,	2,	65,	uso_300ms_75.wav,	2,	180.68021899999778,	4.12,	nan,	90,	2
29,	1,	5,	2,	66,	uso_300ms_95.wav,	1,	136.3522079999978,	2.65,	nan,	90,	2
29,	1,	5,	2,	67,	uso_300ms_37.wav,	1,	136.3522079999978,	2.65,	nan,	90,	2
29,	1,	5,	2,	68,	uso_300ms_37.wav,	1,	136.3522079999978,	2.65,	nan,	90,	2
29,	1,	5,	2,	69,	uso_300ms_89.wav,	2,	166.41307099999779,	3.65,	nan,	90,	2
29,	1,	5,	2,	70,	uso_300ms_15.wav,	3,	198.4854609999978,	4.72,	nan,	90,	2
29,	1,	5,	2,	71,	uso_300ms_43.wav,	4,	248.79877299999782,	6.39,	nan,	90,	2
29,	1,	5,	2,	72,	uso_300ms_62.wav,	2,	182.49230199999778,	4.18,	nan,	90,	2
29,	1,	5,	2,	73,	uso_300ms_43.wav,	3,	199.8712089999977,	4.76,	nan,	90,	2
29,	1,	5,	2,	74,	uso_300ms_84.wav,	4,	237.40933199999762,	6.01,	nan,	90,	2
29,	1,	5,	2,	75,	uso_300ms_73.wav,	3,	210.4320179999976,	5.11,	nan,	90,	2
29,	1,	5,	2,	76,	uso_300ms_25.wav,	2,	171.3398039999975,	3.81,	nan,	90,	2
29,	1,	5,	2,	77,	uso_300ms_32.wav,	3,	192.9299109999975,	4.53,	nan,	90,	2
29,	1,	5,	2,	78,	uso_300ms_42.wav,	3,	210.4635459999976,	5.12,	nan,	90,	2
29,	1,	5,	2,	79,	uso_300ms_5.wav,	3,	208.06578699999724,	5.04,	nan,	90,	2
29,	1,	5,	2,	80,	uso_300ms_22.wav,	3,	208.06578699999724,	5.04,	nan,	90,	2
29,	1,	5,	2,	81,	uso_300ms_88.wav,	3,	208.06578699999724,	5.04,	nan,	90,	2
29,	1,	5,	2,	82,	uso_300ms_84.wav,	3,	208.21987799999732,	5.04,	nan,	90,	2
29,	1,	5,	2,	83,	uso_300ms_27.wav,	3,	209.46330899999873,	5.08,	nan,	90,	2
29,	1,	5,	2,	84,	uso_300ms_14.wav,	4,	243.0342659999993,	6.2,	nan,	90,	2
29,	1,	5,	2,	85,	uso_300ms_2.wav,	4,	243.0342659999993,	6.2,	nan,	90,	2
29,	1,	5,	2,	86,	uso_300ms_54.wav,	4,	243.0342659999993,	6.2,	nan,	90,	2
29,	1,	5,	2,	87,	uso_300ms_88.wav,	5,	345.9871299999992,	9.63,	nan,	90,	2
29,	1,	5,	2,	88,	uso_300ms_78.wav,	5,	375.4299839999986,	10.61,	nan,	90,	2
29,	1,	5,	2,	89,	uso_300ms_13.wav,	5,	389.78948999999824,	11.09,	nan,	90,	2
29,	1,	5,	2,	90,	uso_300ms_72.wav,	5,	389.85299399999786,	11.1,	nan,	90,	2
