sub_id,cond_id,block_id,task_id,event_id,stim_id,speaker_id,led_id,led_distance,response_time,n_reps,isi
29,	1,	4,	2,	1,	uso_300ms_71.wav,	5,	279,	7.4,	3.606745481491089,	15,	0.3
29,	1,	4,	2,	2,	uso_300ms_97.wav,	4,	220,	5.43,	2.3899662494659424,	15,	0.3
29,	1,	4,	2,	3,	uso_300ms_9.wav,	3,	190,	4.43,	2.186077833175659,	15,	0.3
29,	1,	4,	2,	4,	uso_300ms_12.wav,	1,	214,	5.23,	2.046564817428589,	15,	0.3
29,	1,	4,	2,	5,	uso_300ms_58.wav,	2,	259,	6.73,	1.8607301712036133,	15,	0.3
29,	1,	4,	2,	6,	uso_300ms_31.wav,	5,	319,	8.73,	1.631950855255127,	15,	0.3
29,	1,	4,	2,	7,	uso_300ms_18.wav,	3,	280,	7.43,	1.66619873046875,	15,	0.3
29,	1,	4,	2,	8,	uso_300ms_33.wav,	2,	226,	5.63,	1.9585793018341064,	15,	0.3
29,	1,	4,	2,	9,	uso_300ms_53.wav,	4,	270,	7.1,	2.4057958126068115,	15,	0.3
29,	1,	4,	2,	10,	uso_300ms_23.wav,	1,	173,	3.87,	2.4553229808807373,	15,	0.3
29,	1,	4,	2,	11,	uso_300ms_34.wav,	3,	217,	5.33,	1.6256203651428223,	15,	0.3
29,	1,	4,	2,	12,	uso_300ms_77.wav,	2,	190,	4.43,	1.9212753772735596,	15,	0.3
29,	1,	4,	2,	13,	uso_300ms_37.wav,	5,	252,	6.5,	1.7539441585540771,	15,	0.3
29,	1,	4,	2,	14,	uso_300ms_95.wav,	1,	160,	3.43,	3.8752944469451904,	15,	0.3
29,	1,	4,	2,	15,	uso_300ms_33.wav,	4,	236,	5.97,	3.4959850311279297,	15,	0.3
29,	1,	4,	2,	16,	uso_300ms_25.wav,	1,	157,	3.33,	2.794839859008789,	15,	0.3
29,	1,	4,	2,	17,	uso_300ms_7.wav,	3,	188,	4.37,	1.319091796875,	15,	0.3
29,	1,	4,	2,	18,	uso_300ms_39.wav,	5,	314,	8.57,	2.959582805633545,	15,	0.3
29,	1,	4,	2,	19,	uso_300ms_6.wav,	2,	273,	7.2,	1.800962209701538,	15,	0.3
29,	1,	4,	2,	20,	uso_300ms_15.wav,	4,	318,	8.7,	2.944509506225586,	15,	0.3
29,	1,	4,	2,	21,	uso_300ms_63.wav,	1,	176,	3.97,	2.6527769565582275,	15,	0.3
29,	1,	4,	2,	22,	uso_300ms_89.wav,	4,	316,	8.63,	1.9799668788909912,	15,	0.3
29,	1,	4,	2,	23,	uso_300ms_61.wav,	3,	260,	6.77,	1.4235188961029053,	15,	0.3
29,	1,	4,	2,	24,	uso_300ms_26.wav,	2,	233,	5.87,	1.2489213943481445,	15,	0.3
29,	1,	4,	2,	25,	uso_300ms_78.wav,	5,	295,	7.93,	1.7604918479919434,	15,	0.3
29,	1,	4,	2,	26,	uso_300ms_14.wav,	1,	158,	3.37,	2.5241734981536865,	15,	0.3
29,	1,	4,	2,	27,	uso_300ms_93.wav,	2,	195,	4.6,	1.0696356296539307,	15,	0.3
29,	1,	4,	2,	28,	uso_300ms_89.wav,	3,	211,	5.13,	1.0067572593688965,	15,	0.3
29,	1,	4,	2,	29,	uso_300ms_53.wav,	4,	267,	7.0,	1.92793607711792,	15,	0.3
29,	1,	4,	2,	30,	uso_300ms_73.wav,	5,	343,	9.53,	1.734955072402954,	15,	0.3
29,	1,	4,	2,	31,	uso_300ms_48.wav,	1,	180,	4.1,	2.7573368549346924,	15,	0.3
29,	1,	4,	2,	32,	uso_300ms_53.wav,	3,	318,	8.7,	1.8593597412109375,	15,	0.3
29,	1,	4,	2,	33,	uso_300ms_100.wav,	5,	259,	6.73,	1.6710550785064697,	15,	0.3
29,	1,	4,	2,	34,	uso_300ms_1.wav,	2,	228,	5.7,	1.3615529537200928,	15,	0.3
29,	1,	4,	2,	35,	uso_300ms_38.wav,	4,	199,	4.73,	1.685051679611206,	15,	0.3
29,	1,	4,	2,	36,	uso_300ms_66.wav,	3,	230,	5.77,	2.5708744525909424,	15,	0.3
29,	1,	4,	2,	37,	uso_300ms_86.wav,	4,	278,	7.37,	1.814901351928711,	15,	0.3
29,	1,	4,	2,	38,	uso_300ms_57.wav,	1,	153,	3.2,	2.335869073867798,	15,	0.3
29,	1,	4,	2,	39,	uso_300ms_53.wav,	5,	339,	9.4,	2.301231861114502,	15,	0.3
29,	1,	4,	2,	40,	uso_300ms_77.wav,	2,	266,	6.97,	2.022921085357666,	15,	0.3
29,	1,	4,	2,	41,	uso_300ms_56.wav,	5,	371,	10.47,	1.9526798725128174,	15,	0.3
29,	1,	4,	2,	42,	uso_300ms_2.wav,	2,	220,	5.43,	1.8418078422546387,	15,	0.3
29,	1,	4,	2,	43,	uso_300ms_59.wav,	1,	186,	4.3,	1.3095178604125977,	15,	0.3
29,	1,	4,	2,	44,	uso_300ms_67.wav,	3,	269,	7.07,	1.8540606498718262,	15,	0.3
29,	1,	4,	2,	45,	uso_300ms_11.wav,	4,	247,	6.33,	1.844815731048584,	15,	0.3
29,	1,	4,	2,	46,	uso_300ms_5.wav,	2,	265,	6.93,	2.0380942821502686,	15,	0.3
29,	1,	4,	2,	47,	uso_300ms_9.wav,	3,	220,	5.43,	1.9106006622314453,	15,	0.3
29,	1,	4,	2,	48,	uso_300ms_70.wav,	1,	184,	4.23,	1.5258235931396484,	15,	0.3
29,	1,	4,	2,	49,	uso_300ms_66.wav,	5,	308,	8.37,	2.155012607574463,	15,	0.3
29,	1,	4,	2,	50,	uso_300ms_52.wav,	4,	274,	7.23,	2.0544445514678955,	15,	0.3
29,	1,	4,	2,	51,	uso_300ms_93.wav,	2,	239,	6.07,	1.1410996913909912,	15,	0.3
29,	1,	4,	2,	52,	uso_300ms_89.wav,	5,	286,	7.63,	2.683800220489502,	15,	0.3
29,	1,	4,	2,	53,	uso_300ms_70.wav,	1,	207,	5.0,	1.576049566268921,	15,	0.3
29,	1,	4,	2,	54,	uso_300ms_17.wav,	4,	246,	6.3,	1.5829293727874756,	15,	0.3
29,	1,	4,	2,	55,	uso_300ms_68.wav,	3,	326,	8.97,	1.5130455493927002,	15,	0.3
29,	1,	4,	2,	56,	uso_300ms_93.wav,	5,	365,	10.27,	1.7027790546417236,	15,	0.3
29,	1,	4,	2,	57,	uso_300ms_81.wav,	4,	308,	8.37,	3.2357070446014404,	15,	0.3
29,	1,	4,	2,	58,	uso_300ms_19.wav,	1,	228,	5.7,	1.658127784729004,	15,	0.3
29,	1,	4,	2,	59,	uso_300ms_30.wav,	2,	195,	4.6,	1.4522840976715088,	15,	0.3
29,	1,	4,	2,	60,	uso_300ms_19.wav,	3,	263,	6.87,	1.3270087242126465,	15,	0.3
29,	1,	4,	2,	61,	uso_300ms_78.wav,	1,	197,	4.67,	2.350611686706543,	15,	0.3
29,	1,	4,	2,	62,	uso_300ms_41.wav,	3,	336,	9.3,	2.3732032775878906,	15,	0.3
29,	1,	4,	2,	63,	uso_300ms_82.wav,	2,	301,	8.13,	2.200453042984009,	15,	0.3
29,	1,	4,	2,	64,	uso_300ms_49.wav,	5,	278,	7.37,	3.6818151473999023,	15,	0.3
29,	1,	4,	2,	65,	uso_300ms_84.wav,	4,	314,	8.57,	2.5638914108276367,	15,	0.3
29,	1,	4,	2,	66,	uso_300ms_93.wav,	1,	214,	5.23,	1.590959072113037,	15,	0.3
29,	1,	4,	2,	67,	uso_300ms_97.wav,	3,	174,	3.9,	1.9131500720977783,	15,	0.3
29,	1,	4,	2,	68,	uso_300ms_3.wav,	2,	232,	5.83,	1.4824247360229492,	15,	0.3
29,	1,	4,	2,	69,	uso_300ms_26.wav,	5,	323,	8.87,	1.6465282440185547,	15,	0.3
29,	1,	4,	2,	70,	uso_300ms_42.wav,	4,	277,	7.33,	1.5715007781982422,	15,	0.3
29,	1,	4,	2,	71,	uso_300ms_84.wav,	3,	242,	6.17,	1.8840346336364746,	15,	0.3
29,	1,	4,	2,	72,	uso_300ms_17.wav,	4,	242,	6.17,	3.1578855514526367,	15,	0.3
29,	1,	4,	2,	73,	uso_300ms_53.wav,	2,	278,	7.37,	2.447511672973633,	15,	0.3
29,	1,	4,	2,	74,	uso_300ms_100.wav,	1,	167,	3.67,	1.7418158054351807,	15,	0.3
29,	1,	4,	2,	75,	uso_300ms_78.wav,	5,	362,	10.17,	2.311919689178467,	15,	0.3
