sub_id,cond_id,block_id,task_id,event_id,stim_id,speaker_id,led_id,led_distance,response_time,n_reps,isi
29,	1,	6,	1,	1,	uso_300ms_80.wav,	6,	257,	6.67,	2.6470673084259033,	15,	0.3
29,	1,	6,	1,	2,	uso_300ms_90.wav,	9,	340,	9.43,	2.8229904174804688,	15,	0.3
29,	1,	6,	1,	3,	uso_300ms_90.wav,	8,	340,	9.43,	1.6641786098480225,	15,	0.3
29,	1,	6,	1,	4,	uso_300ms_34.wav,	10,	373,	10.53,	1.7343432903289795,	15,	0.3
29,	1,	6,	1,	5,	uso_300ms_17.wav,	4,	255,	6.6,	2.2506680488586426,	15,	0.3
29,	1,	6,	1,	6,	uso_300ms_55.wav,	3,	215,	5.27,	1.8133132457733154,	15,	0.3
29,	1,	6,	1,	7,	uso_300ms_14.wav,	2,	166,	3.63,	1.6300010681152344,	15,	0.3
29,	1,	6,	1,	8,	uso_300ms_36.wav,	1,	137,	2.67,	1.4434254169464111,	15,	0.3
29,	1,	6,	1,	9,	uso_300ms_15.wav,	5,	274,	7.23,	1.7424709796905518,	15,	0.3
29,	1,	6,	1,	10,	uso_300ms_56.wav,	7,	366,	10.3,	2.1058499813079834,	15,	0.3
29,	1,	6,	1,	11,	uso_300ms_36.wav,	0,	155,	3.27,	2.5322799682617188,	15,	0.3
29,	1,	6,	1,	12,	uso_300ms_47.wav,	2,	195,	4.6,	1.4806172847747803,	15,	0.3
29,	1,	6,	1,	13,	uso_300ms_16.wav,	10,	277,	7.33,	1.6481244564056396,	15,	0.3
29,	1,	6,	1,	14,	uso_300ms_18.wav,	0,	146,	2.97,	2.336135149002075,	15,	0.3
29,	1,	6,	1,	15,	uso_300ms_14.wav,	8,	311,	8.47,	2.0684380531311035,	15,	0.3
29,	1,	6,	1,	16,	uso_300ms_38.wav,	4,	239,	6.07,	1.5275356769561768,	15,	0.3
29,	1,	6,	1,	17,	uso_300ms_67.wav,	9,	406,	11.63,	2.2597029209136963,	15,	0.3
29,	1,	6,	1,	18,	uso_300ms_35.wav,	6,	353,	9.87,	1.752434253692627,	15,	0.3
29,	1,	6,	1,	19,	uso_300ms_65.wav,	3,	275,	7.27,	1.9764313697814941,	15,	0.3
29,	1,	6,	1,	20,	uso_300ms_80.wav,	5,	318,	8.7,	2.228065252304077,	15,	0.3
29,	1,	6,	1,	21,	uso_300ms_16.wav,	1,	159,	3.4,	1.9950323104858398,	15,	0.3
29,	1,	6,	1,	22,	uso_300ms_49.wav,	7,	230,	5.77,	1.4911818504333496,	15,	0.3
29,	1,	6,	1,	23,	uso_300ms_47.wav,	2,	193,	4.53,	1.9466614723205566,	15,	0.3
29,	1,	6,	1,	24,	uso_300ms_45.wav,	6,	255,	6.6,	1.4278814792633057,	15,	0.3
29,	1,	6,	1,	25,	uso_300ms_95.wav,	9,	298,	8.03,	1.4912059307098389,	15,	0.3
29,	1,	6,	1,	26,	uso_300ms_21.wav,	1,	223,	5.53,	1.6810481548309326,	15,	0.3
29,	1,	6,	1,	27,	uso_300ms_25.wav,	10,	423,	12.2,	2.5228826999664307,	15,	0.3
29,	1,	6,	1,	28,	uso_300ms_67.wav,	4,	298,	8.03,	2.014096260070801,	15,	0.3
29,	1,	6,	1,	29,	uso_300ms_57.wav,	0,	160,	3.43,	2.349250555038452,	15,	0.3
29,	1,	6,	1,	30,	uso_300ms_26.wav,	3,	196,	4.63,	1.4833002090454102,	15,	0.3
29,	1,	6,	1,	31,	uso_300ms_80.wav,	5,	269,	7.07,	1.4804279804229736,	15,	0.3
29,	1,	6,	1,	32,	uso_300ms_65.wav,	7,	334,	9.23,	1.495410680770874,	15,	0.3
29,	1,	6,	1,	33,	uso_300ms_81.wav,	8,	392,	11.17,	1.4423003196716309,	15,	0.3
29,	1,	6,	1,	34,	uso_300ms_41.wav,	9,	428,	12.37,	1.4815142154693604,	15,	0.3
29,	1,	6,	1,	35,	uso_300ms_45.wav,	3,	278,	7.37,	2.1240248680114746,	15,	0.3
29,	1,	6,	1,	36,	uso_300ms_39.wav,	1,	203,	4.87,	1.8124511241912842,	15,	0.3
29,	1,	6,	1,	37,	uso_300ms_54.wav,	10,	325,	8.93,	1.6808445453643799,	15,	0.3
29,	1,	6,	1,	38,	uso_300ms_2.wav,	0,	158,	3.37,	4.021362543106079,	15,	0.3
29,	1,	6,	1,	39,	uso_300ms_89.wav,	4,	193,	4.53,	1.2887427806854248,	15,	0.3
29,	1,	6,	1,	40,	uso_300ms_15.wav,	7,	251,	6.47,	1.4434661865234375,	15,	0.3
29,	1,	6,	1,	41,	uso_300ms_15.wav,	8,	330,	9.1,	1.4338328838348389,	15,	0.3
29,	1,	6,	1,	42,	uso_300ms_14.wav,	2,	175,	3.93,	2.0905215740203857,	15,	0.3
29,	1,	6,	1,	43,	uso_300ms_83.wav,	6,	332,	9.17,	1.9824011325836182,	15,	0.3
29,	1,	6,	1,	44,	uso_300ms_76.wav,	5,	285,	7.6,	1.9609014987945557,	15,	0.3
29,	1,	6,	1,	45,	uso_300ms_64.wav,	0,	147,	3.0,	2.5738890171051025,	15,	0.3
29,	1,	6,	1,	46,	uso_300ms_36.wav,	9,	351,	9.8,	2.3600621223449707,	15,	0.3
29,	1,	6,	1,	47,	uso_300ms_11.wav,	2,	203,	4.87,	2.4704089164733887,	15,	0.3
29,	1,	6,	1,	48,	uso_300ms_18.wav,	4,	203,	4.87,	2.0574328899383545,	15,	0.3
29,	1,	6,	1,	49,	uso_300ms_83.wav,	5,	233,	5.87,	2.24442720413208,	15,	0.3
29,	1,	6,	1,	50,	uso_300ms_18.wav,	8,	289,	7.73,	1.212108850479126,	15,	0.3
29,	1,	6,	1,	51,	uso_300ms_14.wav,	6,	253,	6.53,	1.8103961944580078,	15,	0.3
29,	1,	6,	1,	52,	uso_300ms_57.wav,	7,	304,	8.23,	2.7005631923675537,	15,	0.3
29,	1,	6,	1,	53,	uso_300ms_100.wav,	3,	209,	5.07,	1.7032501697540283,	15,	0.3
29,	1,	6,	1,	54,	uso_300ms_59.wav,	10,	345,	9.6,	1.855344295501709,	15,	0.3
29,	1,	6,	1,	55,	uso_300ms_80.wav,	1,	190,	4.43,	2.197138547897339,	15,	0.3
29,	1,	6,	1,	56,	uso_300ms_99.wav,	0,	140,	2.77,	1.5166690349578857,	15,	0.3
29,	1,	6,	1,	57,	uso_300ms_34.wav,	2,	166,	3.63,	1.4336023330688477,	15,	0.3
29,	1,	6,	1,	58,	uso_300ms_27.wav,	4,	195,	4.6,	2.584869146347046,	15,	0.3
29,	1,	6,	1,	59,	uso_300ms_52.wav,	7,	273,	7.2,	1.919508457183838,	15,	0.3
29,	1,	6,	1,	60,	uso_300ms_67.wav,	10,	394,	11.23,	1.8233819007873535,	15,	0.3
29,	1,	6,	1,	61,	uso_300ms_16.wav,	6,	313,	8.53,	1.62650465965271,	15,	0.3
29,	1,	6,	1,	62,	uso_300ms_17.wav,	5,	266,	6.97,	2.065448760986328,	15,	0.3
29,	1,	6,	1,	63,	uso_300ms_49.wav,	3,	218,	5.37,	1.6630582809448242,	15,	0.3
29,	1,	6,	1,	64,	uso_300ms_6.wav,	9,	266,	6.97,	2.452148199081421,	15,	0.3
29,	1,	6,	1,	65,	uso_300ms_38.wav,	8,	331,	9.13,	1.8670463562011719,	15,	0.3
29,	1,	6,	1,	66,	uso_300ms_18.wav,	1,	139,	2.73,	2.4678590297698975,	15,	0.3
29,	1,	6,	1,	67,	uso_300ms_58.wav,	0,	125,	2.27,	2.898331880569458,	15,	0.3
29,	1,	6,	1,	68,	uso_300ms_65.wav,	10,	319,	8.73,	3.5684540271759033,	15,	0.3
29,	1,	6,	1,	69,	uso_300ms_20.wav,	7,	383,	10.87,	1.5840122699737549,	15,	0.3
29,	1,	6,	1,	70,	uso_300ms_33.wav,	1,	181,	4.13,	2.63130259513855,	15,	0.3
29,	1,	6,	1,	71,	uso_300ms_98.wav,	3,	210,	5.1,	2.113898515701294,	15,	0.3
29,	1,	6,	1,	72,	uso_300ms_31.wav,	5,	259,	6.73,	1.540454387664795,	15,	0.3
29,	1,	6,	1,	73,	uso_300ms_21.wav,	2,	200,	4.77,	1.8097765445709229,	15,	0.3
29,	1,	6,	1,	74,	uso_300ms_40.wav,	9,	349,	9.73,	2.634420871734619,	15,	0.3
29,	1,	6,	1,	75,	uso_300ms_97.wav,	4,	285,	7.6,	3.0865671634674072,	15,	0.3
29,	1,	6,	1,	76,	uso_300ms_75.wav,	6,	253,	6.53,	3.118805408477783,	15,	0.3
29,	1,	6,	1,	77,	uso_300ms_64.wav,	8,	378,	10.7,	2.032805919647217,	15,	0.3
29,	1,	6,	1,	78,	uso_300ms_64.wav,	0,	146,	2.97,	2.721099853515625,	15,	0.3
29,	1,	6,	1,	79,	uso_300ms_4.wav,	9,	422,	12.17,	3.692164182662964,	15,	0.3
29,	1,	6,	1,	80,	uso_300ms_91.wav,	5,	376,	10.63,	2.2126665115356445,	15,	0.3
29,	1,	6,	1,	81,	uso_300ms_76.wav,	1,	177,	4.0,	2.507768154144287,	15,	0.3
29,	1,	6,	1,	82,	uso_300ms_67.wav,	7,	286,	7.63,	2.1302454471588135,	15,	0.3
29,	1,	6,	1,	83,	uso_300ms_18.wav,	10,	332,	9.17,	2.1801624298095703,	15,	0.3
29,	1,	6,	1,	84,	uso_300ms_96.wav,	6,	165,	3.6,	2.081887722015381,	15,	0.3
29,	1,	6,	1,	85,	uso_300ms_63.wav,	8,	264,	6.9,	1.7243318557739258,	15,	0.3
29,	1,	6,	1,	86,	uso_300ms_92.wav,	4,	203,	4.87,	2.278856039047241,	15,	0.3
29,	1,	6,	1,	87,	uso_300ms_69.wav,	2,	173,	3.87,	1.3125410079956055,	15,	0.3
29,	1,	6,	1,	88,	uso_300ms_22.wav,	3,	173,	3.87,	1.2547674179077148,	15,	0.3
29,	1,	6,	1,	89,	uso_300ms_92.wav,	9,	242,	6.17,	1.3685226440429688,	15,	0.3
29,	1,	6,	1,	90,	uso_300ms_11.wav,	5,	219,	5.4,	2.12345290184021,	15,	0.3
29,	1,	6,	1,	91,	uso_300ms_35.wav,	0,	131,	2.47,	1.7508397102355957,	15,	0.3
29,	1,	6,	1,	92,	uso_300ms_15.wav,	2,	164,	3.57,	1.2195611000061035,	15,	0.3
29,	1,	6,	1,	93,	uso_300ms_6.wav,	6,	197,	4.67,	1.2381069660186768,	15,	0.3
29,	1,	6,	1,	94,	uso_300ms_43.wav,	8,	273,	7.2,	1.9617180824279785,	15,	0.3
29,	1,	6,	1,	95,	uso_300ms_59.wav,	7,	310,	8.43,	1.1830894947052002,	15,	0.3
29,	1,	6,	1,	96,	uso_300ms_29.wav,	4,	310,	8.43,	2.1325857639312744,	15,	0.3
29,	1,	6,	1,	97,	uso_300ms_48.wav,	1,	207,	5.0,	2.1408886909484863,	15,	0.3
29,	1,	6,	1,	98,	uso_300ms_26.wav,	10,	342,	9.5,	3.1480438709259033,	15,	0.3
29,	1,	6,	1,	99,	uso_300ms_24.wav,	3,	180,	4.1,	2.3760881423950195,	15,	0.3
29,	1,	6,	1,	100,	uso_300ms_65.wav,	9,	373,	10.53,	2.8374428749084473,	15,	0.3
29,	1,	6,	1,	101,	uso_300ms_14.wav,	3,	264,	6.9,	2.244499683380127,	15,	0.3
29,	1,	6,	1,	102,	uso_300ms_3.wav,	6,	331,	9.13,	2.736457109451294,	15,	0.3
29,	1,	6,	1,	103,	uso_300ms_40.wav,	10,	410,	11.77,	2.9134809970855713,	15,	0.3
29,	1,	6,	1,	104,	uso_300ms_1.wav,	8,	374,	10.57,	2.330568552017212,	15,	0.3
29,	1,	6,	1,	105,	uso_300ms_8.wav,	0,	135,	2.6,	2.887957811355591,	15,	0.3
29,	1,	6,	1,	106,	uso_300ms_19.wav,	5,	338,	9.37,	2.3936100006103516,	15,	0.3
29,	1,	6,	1,	107,	uso_300ms_21.wav,	1,	179,	4.07,	3.226546287536621,	15,	0.3
29,	1,	6,	1,	108,	uso_300ms_5.wav,	4,	226,	5.63,	1.9071886539459229,	15,	0.3
29,	1,	6,	1,	109,	uso_300ms_28.wav,	2,	188,	4.37,	2.3863956928253174,	15,	0.3
29,	1,	6,	1,	110,	uso_300ms_58.wav,	7,	223,	5.53,	2.12377667427063,	15,	0.3
29,	1,	6,	1,	111,	uso_300ms_74.wav,	3,	223,	5.53,	1.4866483211517334,	15,	0.3
29,	1,	6,	1,	112,	uso_300ms_65.wav,	9,	313,	8.53,	1.6601245403289795,	15,	0.3
29,	1,	6,	1,	113,	uso_300ms_48.wav,	10,	366,	10.3,	3.2571475505828857,	15,	0.3
29,	1,	6,	1,	114,	uso_300ms_77.wav,	8,	390,	11.1,	1.8768737316131592,	15,	0.3
29,	1,	6,	1,	115,	uso_300ms_48.wav,	5,	347,	9.67,	1.7034199237823486,	15,	0.3
29,	1,	6,	1,	116,	uso_300ms_73.wav,	0,	157,	3.33,	2.2115156650543213,	15,	0.3
29,	1,	6,	1,	117,	uso_300ms_40.wav,	6,	215,	5.27,	1.6108431816101074,	15,	0.3
29,	1,	6,	1,	118,	uso_300ms_13.wav,	2,	177,	4.0,	1.4578218460083008,	15,	0.3
29,	1,	6,	1,	119,	uso_300ms_12.wav,	4,	235,	5.93,	1.6117684841156006,	15,	0.3
29,	1,	6,	1,	120,	uso_300ms_55.wav,	7,	293,	7.87,	1.7748312950134277,	15,	0.3
29,	1,	6,	1,	121,	uso_300ms_44.wav,	1,	162,	3.5,	3.682394504547119,	15,	0.3
29,	1,	6,	1,	122,	uso_300ms_20.wav,	6,	328,	9.03,	3.8218321800231934,	15,	0.3
29,	1,	6,	1,	123,	uso_300ms_50.wav,	10,	365,	10.27,	1.6170191764831543,	15,	0.3
29,	1,	6,	1,	124,	uso_300ms_18.wav,	8,	365,	10.27,	1.1966257095336914,	15,	0.3
29,	1,	6,	1,	125,	uso_300ms_57.wav,	5,	385,	10.93,	2.3895230293273926,	15,	0.3
29,	1,	6,	1,	126,	uso_300ms_98.wav,	0,	144,	2.9,	4.281858921051025,	15,	0.3
29,	1,	6,	1,	127,	uso_300ms_28.wav,	4,	222,	5.5,	2.5658986568450928,	15,	0.3
29,	1,	6,	1,	128,	uso_300ms_94.wav,	9,	296,	7.97,	3.1936557292938232,	15,	0.3
29,	1,	6,	1,	129,	uso_300ms_26.wav,	7,	364,	10.23,	2.605839252471924,	15,	0.3
29,	1,	6,	1,	130,	uso_300ms_36.wav,	3,	244,	6.23,	1.9108896255493164,	15,	0.3
29,	1,	6,	1,	131,	uso_300ms_50.wav,	2,	189,	4.4,	1.5716125965118408,	15,	0.3
29,	1,	6,	1,	132,	uso_300ms_71.wav,	1,	156,	3.3,	1.4463727474212646,	15,	0.3
29,	1,	6,	1,	133,	uso_300ms_65.wav,	2,	156,	3.3,	1.0395264625549316,	15,	0.3
29,	1,	6,	1,	134,	uso_300ms_77.wav,	10,	371,	10.47,	2.244508981704712,	15,	0.3
29,	1,	6,	1,	135,	uso_300ms_9.wav,	5,	191,	4.47,	2.6238045692443848,	15,	0.3
29,	1,	6,	1,	136,	uso_300ms_28.wav,	4,	213,	5.2,	2.217381238937378,	15,	0.3
29,	1,	6,	1,	137,	uso_300ms_66.wav,	7,	286,	7.63,	1.7289199829101562,	15,	0.3
29,	1,	6,	1,	138,	uso_300ms_34.wav,	6,	333,	9.2,	1.8706037998199463,	15,	0.3
29,	1,	6,	1,	139,	uso_300ms_90.wav,	3,	268,	7.03,	1.8181099891662598,	15,	0.3
29,	1,	6,	1,	140,	uso_300ms_41.wav,	0,	142,	2.83,	2.6875224113464355,	15,	0.3
29,	1,	6,	1,	141,	uso_300ms_20.wav,	8,	354,	9.9,	2.5240979194641113,	15,	0.3
29,	1,	6,	1,	142,	uso_300ms_57.wav,	1,	183,	4.2,	2.1901779174804688,	15,	0.3
29,	1,	6,	1,	143,	uso_300ms_95.wav,	9,	276,	7.3,	1.749779224395752,	15,	0.3
29,	1,	6,	1,	144,	uso_300ms_64.wav,	4,	228,	5.7,	1.8586821556091309,	15,	0.3
29,	1,	6,	1,	145,	uso_300ms_1.wav,	1,	187,	4.33,	1.5300230979919434,	15,	0.3
29,	1,	6,	1,	146,	uso_300ms_86.wav,	8,	323,	8.87,	1.9516935348510742,	15,	0.3
29,	1,	6,	1,	147,	uso_300ms_62.wav,	2,	239,	6.07,	2.2037293910980225,	15,	0.3
29,	1,	6,	1,	148,	uso_300ms_42.wav,	0,	146,	2.97,	2.5634474754333496,	15,	0.3
29,	1,	6,	1,	149,	uso_300ms_11.wav,	9,	323,	8.87,	2.780967950820923,	15,	0.3
29,	1,	6,	1,	150,	uso_300ms_65.wav,	5,	360,	10.1,	2.1095850467681885,	15,	0.3
29,	1,	6,	1,	151,	uso_300ms_55.wav,	7,	377,	10.67,	2.9624524116516113,	15,	0.3
29,	1,	6,	1,	152,	uso_300ms_88.wav,	3,	233,	5.87,	1.8619420528411865,	15,	0.3
29,	1,	6,	1,	153,	uso_300ms_53.wav,	10,	337,	9.33,	2.1975033283233643,	15,	0.3
29,	1,	6,	1,	154,	uso_300ms_85.wav,	6,	243,	6.2,	2.1064682006835938,	15,	0.3
29,	1,	6,	1,	155,	uso_300ms_11.wav,	4,	350,	9.77,	2.1169018745422363,	15,	0.3
29,	1,	6,	1,	156,	uso_300ms_95.wav,	5,	376,	10.63,	3.076353073120117,	15,	0.3
29,	1,	6,	1,	157,	uso_300ms_36.wav,	1,	182,	4.17,	2.9400384426116943,	15,	0.3
29,	1,	6,	1,	158,	uso_300ms_57.wav,	0,	145,	2.93,	1.327749252319336,	15,	0.3
29,	1,	6,	1,	159,	uso_300ms_83.wav,	10,	316,	8.63,	2.9297726154327393,	15,	0.3
29,	1,	6,	1,	160,	uso_300ms_51.wav,	3,	225,	5.6,	1.8554770946502686,	15,	0.3
29,	1,	6,	1,	161,	uso_300ms_59.wav,	7,	322,	8.83,	1.8384220600128174,	15,	0.3
29,	1,	6,	1,	162,	uso_300ms_33.wav,	8,	358,	10.03,	2.303210496902466,	15,	0.3
29,	1,	6,	1,	163,	uso_300ms_70.wav,	2,	195,	4.6,	2.291931390762329,	15,	0.3
29,	1,	6,	1,	164,	uso_300ms_22.wav,	6,	271,	7.13,	2.0155718326568604,	15,	0.3
29,	1,	6,	1,	165,	uso_300ms_55.wav,	9,	377,	10.67,	1.8506550788879395,	15,	0.3
